# # n, sigma
3.000000000000000000e+01 2.705635566197646558e+00 6.371306597334493171e-02
6.000000000000000000e+01 2.602242848686440180e+00 5.533510232205350599e-02
9.000000000000000000e+01 2.640972552473662915e+00 5.352026130940188559e-02
1.200000000000000000e+02 2.647557545085521546e+00 5.810289032778013368e-02
1.500000000000000000e+02 3.100303034112460221e+00 9.080989381524895432e-02
1.800000000000000000e+02 3.112727798641289567e+00 8.774916496536255828e-02
2.100000000000000000e+02 3.127634657660416373e+00 7.497052468507285627e-02
2.400000000000000000e+02 2.575657990938939879e+00 5.258467249324731696e-02
2.700000000000000000e+02 2.554309983914011983e+00 5.197689904960020590e-02
3.000000000000000000e+02 2.536058913973299411e+00 4.239881057327730268e-02
3.300000000000000000e+02 2.557837243429841312e+00 4.196605598879572102e-02
3.600000000000000000e+02 2.549870055939634561e+00 4.593460742291205490e-02
3.900000000000000000e+02 2.541894687552854304e+00 4.429411900516060790e-02
4.200000000000000000e+02 2.554992220498434552e+00 4.659622693339233318e-02
4.500000000000000000e+02 2.544203633984724711e+00 4.330427987865703016e-02
4.800000000000000000e+02 2.544249160132730836e+00 4.452522272244078400e-02
5.100000000000000000e+02 2.523737490328371358e+00 4.130200845877916860e-02
5.400000000000000000e+02 2.539334894574885482e+00 3.922413180226204388e-02
5.700000000000000000e+02 2.543256173066867021e+00 3.800610515763660352e-02
6.000000000000000000e+02 2.547492443937576123e+00 3.322189879744670560e-02
6.300000000000000000e+02 2.546076403689009560e+00 3.067713570712952281e-02
6.600000000000000000e+02 2.540946841773704890e+00 2.962939366218299286e-02
6.900000000000000000e+02 2.534590559516006092e+00 2.942759271588627629e-02
7.200000000000000000e+02 2.537442107651995293e+00 2.946535092019083105e-02
7.500000000000000000e+02 2.524880127609501201e+00 2.766930045021195536e-02
7.800000000000000000e+02 2.530069228868602416e+00 2.831028512050904125e-02
8.100000000000000000e+02 2.526878493390641189e+00 2.990201763713851157e-02
8.400000000000000000e+02 2.517905878581182755e+00 2.620798940662149093e-02
8.700000000000000000e+02 2.516996780929221078e+00 2.457763163848795257e-02
9.000000000000000000e+02 2.515005447751232026e+00 2.436729510221167030e-02
9.300000000000000000e+02 2.507750986169930751e+00 2.422293479173681999e-02
9.600000000000000000e+02 2.508418002256481039e+00 2.445500086547318375e-02
9.900000000000000000e+02 2.507989899812773427e+00 2.601680867986946866e-02
1.020000000000000000e+03 2.517005060320246290e+00 2.589192747407721706e-02
1.050000000000000000e+03 2.513977831180743028e+00 2.442541720470712066e-02
1.080000000000000000e+03 2.505302310641447150e+00 2.121349946223679075e-02
1.110000000000000000e+03 2.505598001310728851e+00 2.036450364363199053e-02
1.140000000000000000e+03 2.502977669310990194e+00 2.014045555773750704e-02
1.170000000000000000e+03 2.504359330341862311e+00 1.892822517017247672e-02
1.200000000000000000e+03 2.500710689621851834e+00 1.893184254449730569e-02
1.230000000000000000e+03 2.503547766570562771e+00 1.864465182105478139e-02
1.260000000000000000e+03 2.507928117327113959e+00 1.810920774544700837e-02
1.290000000000000000e+03 2.515981742247421771e+00 1.823193779615719240e-02
1.320000000000000000e+03 2.511626211041643408e+00 1.719749604891374767e-02
1.350000000000000000e+03 2.513105215195874376e+00 1.752696272554572776e-02
1.380000000000000000e+03 2.508955558220052673e+00 1.738901124426459402e-02
1.410000000000000000e+03 2.505324256286979079e+00 1.780189717499500862e-02
1.440000000000000000e+03 2.504089251725535981e+00 1.751543431764486861e-02
1.470000000000000000e+03 2.497833016020793107e+00 1.682619369846349161e-02
1.500000000000000000e+03 2.492231920612181462e+00 1.668679313822186983e-02
1.530000000000000000e+03 2.491273420715179210e+00 1.650642789680903388e-02
1.560000000000000000e+03 2.489962894715763042e+00 1.735806913584845082e-02
1.590000000000000000e+03 2.485691362362781209e+00 1.610247513865280256e-02
1.620000000000000000e+03 2.480825500327638711e+00 1.614311756534907508e-02
1.650000000000000000e+03 2.478106546709386571e+00 1.572773967035000220e-02
1.680000000000000000e+03 2.477373548671148118e+00 1.581218147342731278e-02
1.710000000000000000e+03 2.475178775007012444e+00 1.602774351944926193e-02
1.740000000000000000e+03 2.473998183325262445e+00 1.536854351842080295e-02
1.770000000000000000e+03 2.477922010222953553e+00 1.524479509411999847e-02
1.800000000000000000e+03 2.473824646837140762e+00 1.548686038215980540e-02
1.830000000000000000e+03 2.473690489594204234e+00 1.529593103132194896e-02
1.860000000000000000e+03 2.472171198551059490e+00 1.528798628545623324e-02
1.890000000000000000e+03 2.470803478576148127e+00 1.588945512539072930e-02
1.920000000000000000e+03 2.467442629154668499e+00 1.625760398551306593e-02
1.950000000000000000e+03 2.471961821264672121e+00 1.583432907741479101e-02
1.980000000000000000e+03 2.468949038636374826e+00 1.503234360729677373e-02
2.010000000000000000e+03 2.472887110839303126e+00 1.404260819545247001e-02
2.040000000000000000e+03 2.478875732062524762e+00 1.335681385141968165e-02
2.070000000000000000e+03 2.478205269349676332e+00 1.280365707942327826e-02
2.100000000000000000e+03 2.482294850720570878e+00 1.297011750184088458e-02
2.130000000000000000e+03 2.485455219467591181e+00 1.328542948948531650e-02
2.160000000000000000e+03 2.488233255641694175e+00 1.379417107371570979e-02
2.190000000000000000e+03 2.491854399834279921e+00 1.327541008866371837e-02
2.220000000000000000e+03 2.491273605863989715e+00 1.344815432952850207e-02
2.250000000000000000e+03 2.493066685747157063e+00 1.286066212946464921e-02
2.280000000000000000e+03 2.490930738781410803e+00 1.238327548869950362e-02
2.310000000000000000e+03 2.491985387980235167e+00 1.225026290798223762e-02
2.340000000000000000e+03 2.495111467419752316e+00 1.313838340702591818e-02
2.370000000000000000e+03 2.492895835708877961e+00 1.319535719787976596e-02
2.400000000000000000e+03 2.494465420374702980e+00 1.253522048958039328e-02
2.430000000000000000e+03 2.497342008846421990e+00 1.235110611823340108e-02
2.460000000000000000e+03 2.495722327423139486e+00 1.234245919230055923e-02
2.490000000000000000e+03 2.498025368941314994e+00 1.184691672844247201e-02
2.520000000000000000e+03 2.498214019215711623e+00 1.157908485114187043e-02
2.550000000000000000e+03 2.499260732034901178e+00 1.199956841261423136e-02
2.580000000000000000e+03 2.498139300690759068e+00 1.216002603763364359e-02
2.610000000000000000e+03 2.497382432395593543e+00 1.155644606880173834e-02
2.640000000000000000e+03 2.499736224700882747e+00 1.193503772722748386e-02
2.670000000000000000e+03 2.500536429244123227e+00 1.192905486467042871e-02
2.700000000000000000e+03 2.502193059361036642e+00 1.155458831743759983e-02
2.730000000000000000e+03 2.504088806799425804e+00 1.129425792333023197e-02
2.760000000000000000e+03 2.503664420315165451e+00 1.143091819750398364e-02
2.790000000000000000e+03 2.503711078349328378e+00 1.132781492963809075e-02
2.820000000000000000e+03 2.503622112342029915e+00 1.153200033921894865e-02
2.850000000000000000e+03 2.503131442220246416e+00 1.145546758115703959e-02
2.880000000000000000e+03 2.502220366594602119e+00 1.147303254675828901e-02
2.910000000000000000e+03 2.503858671691850279e+00 1.163501868957362607e-02
2.940000000000000000e+03 2.500387752280891718e+00 1.213484902452577341e-02
2.970000000000000000e+03 2.500066524681347158e+00 1.263208097569377096e-02
3.000000000000000000e+03 2.501464003999225305e+00 1.239933801184119055e-02
3.030000000000000000e+03 2.500239042260380629e+00 1.250494651883730587e-02
3.060000000000000000e+03 2.502955029127468478e+00 1.233290629860694931e-02
3.090000000000000000e+03 2.502791017706062604e+00 1.218190529410768941e-02
3.120000000000000000e+03 2.500212721392816029e+00 1.251639035617791579e-02
3.150000000000000000e+03 2.501327370646486692e+00 1.233546172143082376e-02
3.180000000000000000e+03 2.501666854218292269e+00 1.225443180984781867e-02
3.210000000000000000e+03 2.500946477496641673e+00 1.227637289477531701e-02
3.240000000000000000e+03 2.498899713990814231e+00 1.145908782081113408e-02
3.270000000000000000e+03 2.498296136390956157e+00 1.085465634173266372e-02
3.300000000000000000e+03 2.497573376327695271e+00 1.078067482099963684e-02
3.330000000000000000e+03 2.496677572975924075e+00 1.118203137048697123e-02
3.360000000000000000e+03 2.494980717086733968e+00 1.123577582678476731e-02
3.390000000000000000e+03 2.495227843279915092e+00 1.096337547631746553e-02
3.420000000000000000e+03 2.494968060283643485e+00 1.111404572868921262e-02
3.450000000000000000e+03 2.497271216015440221e+00 1.124004750793110817e-02
3.480000000000000000e+03 2.496940560372260087e+00 1.142291304889384712e-02
3.510000000000000000e+03 2.498901368538905210e+00 1.124262438455936319e-02
3.540000000000000000e+03 2.499300791488396900e+00 1.084405233280647668e-02
3.570000000000000000e+03 2.501029330587150934e+00 1.052288153322992331e-02
3.600000000000000000e+03 2.501144400285740144e+00 1.042656370710100429e-02
3.630000000000000000e+03 2.500592087823163556e+00 1.024642985660185156e-02
3.660000000000000000e+03 2.500196240640795597e+00 1.060755368641044111e-02
3.690000000000000000e+03 2.499647285736480651e+00 1.058383926099424298e-02
3.720000000000000000e+03 2.500064316990391333e+00 1.041801356578219220e-02
3.750000000000000000e+03 2.499912539795228650e+00 1.014478870586270690e-02
3.780000000000000000e+03 2.499164392345242902e+00 1.011992395754014208e-02
3.810000000000000000e+03 2.499634954174666301e+00 1.008508829448218243e-02
3.840000000000000000e+03 2.499044501662435636e+00 9.892584266081496519e-03
3.870000000000000000e+03 2.499279991001056800e+00 9.437609649170021139e-03
3.900000000000000000e+03 2.497839170518247442e+00 9.533829173987033723e-03
3.930000000000000000e+03 2.498696855985317544e+00 9.670388393787449077e-03
3.960000000000000000e+03 2.500076398683745094e+00 9.534002885335820035e-03
3.990000000000000000e+03 2.498240286149493006e+00 9.279655853054223982e-03
4.020000000000000000e+03 2.499433303868914713e+00 9.229461186115877486e-03
4.050000000000000000e+03 2.499929164598265086e+00 9.266036295382121604e-03
4.080000000000000000e+03 2.498788883757071755e+00 9.542834225360712769e-03
4.110000000000000000e+03 2.498327061720633235e+00 9.456959840969702755e-03
4.140000000000000000e+03 2.497398033621302638e+00 9.079632433579842843e-03
4.170000000000000000e+03 2.498108158405071055e+00 9.230144330205880890e-03
4.200000000000000000e+03 2.498291553170938428e+00 9.114376546535397222e-03
4.230000000000000000e+03 2.501020917894394735e+00 9.723569910424285923e-03
4.260000000000000000e+03 2.500582163546414716e+00 9.698821067519384012e-03
4.290000000000000000e+03 2.502636191517912057e+00 9.691692158824748507e-03
4.320000000000000000e+03 2.503069202499392798e+00 9.831636255651997336e-03
4.350000000000000000e+03 2.502568150547562542e+00 9.724111769288319371e-03
4.380000000000000000e+03 2.502546076652313545e+00 9.777794812733213436e-03
4.410000000000000000e+03 2.501894889983591774e+00 1.002209485728966683e-02
4.440000000000000000e+03 2.502587424897767754e+00 1.015041098041948898e-02
4.470000000000000000e+03 2.502053503922753386e+00 1.031519190632587506e-02
4.500000000000000000e+03 2.502138892467417275e+00 9.994136100873227124e-03
4.530000000000000000e+03 2.502553927429850944e+00 9.905918440642052028e-03
4.560000000000000000e+03 2.504351602320454173e+00 9.974657640342705564e-03
4.590000000000000000e+03 2.505546705219145132e+00 1.004337189343435660e-02
4.620000000000000000e+03 2.505743611877238486e+00 9.731685268089837124e-03
4.650000000000000000e+03 2.503829181905188772e+00 9.793882439936530196e-03
4.680000000000000000e+03 2.503993025434521957e+00 9.969347796568090933e-03
4.710000000000000000e+03 2.501952888614666914e+00 1.033702836879066451e-02
4.740000000000000000e+03 2.501774552215937142e+00 1.029359507655905857e-02
4.770000000000000000e+03 2.502326149484264128e+00 1.027069945612237023e-02
4.800000000000000000e+03 2.501941569242781771e+00 9.969493429916872346e-03
4.830000000000000000e+03 2.502545084266596831e+00 9.877908258894429680e-03
4.860000000000000000e+03 2.501599948082195102e+00 9.773904716230012724e-03
4.890000000000000000e+03 2.500998912508234806e+00 9.678381483317212430e-03
4.920000000000000000e+03 2.501112869533510086e+00 9.851848506763341215e-03
4.950000000000000000e+03 2.501946580271815712e+00 1.000069093313649474e-02
4.980000000000000000e+03 2.500665642175427195e+00 1.011758040033143916e-02
5.010000000000000000e+03 2.499512229490862936e+00 1.007814849210003985e-02
5.040000000000000000e+03 2.500847154473701650e+00 1.008935544756228014e-02
5.070000000000000000e+03 2.500138718331271992e+00 9.966012250159863098e-03
5.100000000000000000e+03 2.500101373270879890e+00 1.011811119333537977e-02
5.130000000000000000e+03 2.498604590455201002e+00 1.012744123987578682e-02
5.160000000000000000e+03 2.498133746718320225e+00 1.009023665771598133e-02
5.190000000000000000e+03 2.498940134304640903e+00 1.018865857845431024e-02
5.220000000000000000e+03 2.497266996629512903e+00 9.847271276478402127e-03
5.250000000000000000e+03 2.496750721846450194e+00 9.907774501936280134e-03
5.280000000000000000e+03 2.497261847119293332e+00 9.865668298333062428e-03
5.310000000000000000e+03 2.496863969585230159e+00 9.854288365243610640e-03
5.340000000000000000e+03 2.496916938738896974e+00 9.799907990640429126e-03
5.370000000000000000e+03 2.495862261576114349e+00 9.865735483075654608e-03
5.400000000000000000e+03 2.497367700777208821e+00 9.853661352911149626e-03
5.430000000000000000e+03 2.497066125919479518e+00 9.855170196358932488e-03
5.460000000000000000e+03 2.496178120501592712e+00 9.891655652985140851e-03
5.490000000000000000e+03 2.494318077983459503e+00 1.011021015627021000e-02
5.520000000000000000e+03 2.495063163899724490e+00 1.013723804077344692e-02
5.550000000000000000e+03 2.494142951699120925e+00 1.003707726360319498e-02
5.580000000000000000e+03 2.493932651997591510e+00 1.005966609076240463e-02
5.610000000000000000e+03 2.493569446964031044e+00 9.956945562640312844e-03
5.640000000000000000e+03 2.493333134180825805e+00 9.567739808474366031e-03
5.670000000000000000e+03 2.493740875265018531e+00 9.613133614574038630e-03
5.700000000000000000e+03 2.493153628455020865e+00 9.793178832682795584e-03
5.730000000000000000e+03 2.493778595059674252e+00 9.750617501697851283e-03
5.760000000000000000e+03 2.492909935885738726e+00 9.752816620701839842e-03
5.790000000000000000e+03 2.493854017920792643e+00 9.688036838948338447e-03
5.820000000000000000e+03 2.493855273871291800e+00 9.597678841302012542e-03
5.850000000000000000e+03 2.494260419577198462e+00 9.747979724536389584e-03
5.880000000000000000e+03 2.493065228915625209e+00 9.831091429007529289e-03
5.910000000000000000e+03 2.492956563340668286e+00 9.584704952642795692e-03
5.940000000000000000e+03 2.492528958788180038e+00 9.718454703850531312e-03
5.970000000000000000e+03 2.491485768656651612e+00 9.450717700941378696e-03
6.000000000000000000e+03 2.490053253535200017e+00 9.242731318773119570e-03
6.030000000000000000e+03 2.490151965041858428e+00 9.228245093114036818e-03
6.060000000000000000e+03 2.489502744283282887e+00 9.141642963980425168e-03
6.090000000000000000e+03 2.489223050956715255e+00 9.081302162707326209e-03
6.120000000000000000e+03 2.490667082354505624e+00 8.947518613489460412e-03
6.150000000000000000e+03 2.492091117117118504e+00 9.041557946424411477e-03
6.180000000000000000e+03 2.492720997097980895e+00 8.915499022721352917e-03
6.210000000000000000e+03 2.493418848379611585e+00 9.015600304163552334e-03
6.240000000000000000e+03 2.491871209831778788e+00 8.942516037872699081e-03
6.270000000000000000e+03 2.491758165267163871e+00 8.710152366595190487e-03
6.300000000000000000e+03 2.492123310005578851e+00 8.637291793344692090e-03
6.330000000000000000e+03 2.492549638655525257e+00 8.653474305973955782e-03
6.360000000000000000e+03 2.492448540353251030e+00 8.625928421174234098e-03
6.390000000000000000e+03 2.492680296142024687e+00 8.619186476599496882e-03
6.420000000000000000e+03 2.493038729486139804e+00 8.619453284134166726e-03
6.450000000000000000e+03 2.493535883888817750e+00 8.503968453728000254e-03
6.480000000000000000e+03 2.494117133057887070e+00 8.638852319815844630e-03
6.510000000000000000e+03 2.493598264828873923e+00 8.624590935430059488e-03
6.540000000000000000e+03 2.493078121761575616e+00 8.559970090666144810e-03
6.570000000000000000e+03 2.494450113818535542e+00 8.406659999798195976e-03
6.600000000000000000e+03 2.493619722577550935e+00 8.377115432974474932e-03
6.630000000000000000e+03 2.494132152794545476e+00 8.285619759905788612e-03
6.660000000000000000e+03 2.493271165637715558e+00 8.227118742246873617e-03
6.690000000000000000e+03 2.492636403412566537e+00 8.171377789841366424e-03
6.720000000000000000e+03 2.492916300378212213e+00 8.175394863594085890e-03
6.750000000000000000e+03 2.493032460281674911e+00 8.162375997107298997e-03
6.780000000000000000e+03 2.494187420800421773e+00 8.244994951253066182e-03
6.810000000000000000e+03 2.493820973978004396e+00 8.408188150917856804e-03
6.840000000000000000e+03 2.494056785916906716e+00 8.484374927479745171e-03
6.870000000000000000e+03 2.494037581029486805e+00 8.307922349263302877e-03
6.900000000000000000e+03 2.494902668964069647e+00 8.300019349397894791e-03
6.930000000000000000e+03 2.495953440490339847e+00 8.349762344820255838e-03
6.960000000000000000e+03 2.495475763601783470e+00 8.348968759619535690e-03
6.990000000000000000e+03 2.495427141585475628e+00 8.278846851904725010e-03
7.020000000000000000e+03 2.496116608897546829e+00 8.334894564626976060e-03
7.050000000000000000e+03 2.496101736270334381e+00 8.449299755837136328e-03
7.080000000000000000e+03 2.495411130899321872e+00 8.414021443616789830e-03
7.110000000000000000e+03 2.494955884312022310e+00 8.251207288954598082e-03
7.140000000000000000e+03 2.494596827679428586e+00 8.161785233838644155e-03
7.170000000000000000e+03 2.494416307953450929e+00 8.042715990210169696e-03
7.200000000000000000e+03 2.495460553668065184e+00 8.028281568037998542e-03
7.230000000000000000e+03 2.495963147916478331e+00 8.121279302169649023e-03
7.260000000000000000e+03 2.496431155637147459e+00 8.313028021818800323e-03
7.290000000000000000e+03 2.495852383868233826e+00 8.351386582881025269e-03
7.320000000000000000e+03 2.496249090572938201e+00 8.144560474376741355e-03
7.350000000000000000e+03 2.496071723985830992e+00 8.215727940971202792e-03
7.380000000000000000e+03 2.495789381915869853e+00 8.127857838834016621e-03
7.410000000000000000e+03 2.495232081805677016e+00 8.128663945362072860e-03
7.440000000000000000e+03 2.494268541080808532e+00 7.986743352618135353e-03
7.470000000000000000e+03 2.494346260765598178e+00 8.113930656282634241e-03
7.500000000000000000e+03 2.493948114023603058e+00 7.984630802111987447e-03
7.530000000000000000e+03 2.493148273094987211e+00 7.927997202370321017e-03
7.560000000000000000e+03 2.492594097878229054e+00 7.948817926419445012e-03
7.590000000000000000e+03 2.493149217497360848e+00 7.863977727531484135e-03
7.620000000000000000e+03 2.492252029374457223e+00 7.897194022705939301e-03
7.650000000000000000e+03 2.492361793591034047e+00 7.981279690172354141e-03
7.680000000000000000e+03 2.492836367602370373e+00 8.003003904955801120e-03
7.710000000000000000e+03 2.493209434928419288e+00 8.082244332607053591e-03
7.740000000000000000e+03 2.493246447248309128e+00 8.138066233967251178e-03
7.770000000000000000e+03 2.494084088197876969e+00 8.125642567225144219e-03
7.800000000000000000e+03 2.493858409439110968e+00 8.267184307891908487e-03
7.830000000000000000e+03 2.494142856060825419e+00 8.226921755935156372e-03
7.860000000000000000e+03 2.494172923204907466e+00 8.128973367316582807e-03
7.890000000000000000e+03 2.494558533879829731e+00 8.002282407896396665e-03
7.920000000000000000e+03 2.494226533934964074e+00 7.898609423645626404e-03
7.950000000000000000e+03 2.493127482398693306e+00 7.874332072187330278e-03
7.980000000000000000e+03 2.492663104606351432e+00 7.731985466435182391e-03
8.010000000000000000e+03 2.491672537800631915e+00 7.689315371471465085e-03
8.040000000000000000e+03 2.491236598392462920e+00 7.521474336839995348e-03
8.070000000000000000e+03 2.491569080342996401e+00 7.384681933973008885e-03
8.100000000000000000e+03 2.491719639391785979e+00 7.424135110444073267e-03
8.130000000000000000e+03 2.490682563888756640e+00 7.340090160788792506e-03
8.160000000000000000e+03 2.490330220022761054e+00 7.313763340912572512e-03
8.190000000000000000e+03 2.490040657088941956e+00 7.164081006730641313e-03
8.220000000000000000e+03 2.489437208159388515e+00 7.180328461728056541e-03
8.250000000000000000e+03 2.488962661963024292e+00 7.014308371177661004e-03
8.280000000000000000e+03 2.488537767209114460e+00 6.996206605553991972e-03
8.310000000000000000e+03 2.488113447847215554e+00 7.098483906749745651e-03
8.340000000000000000e+03 2.487748981783666657e+00 7.012344071313774546e-03
8.370000000000000000e+03 2.487171341778631639e+00 6.920465849947507117e-03
8.400000000000000000e+03 2.486989727949179940e+00 6.775115124664839172e-03
8.430000000000000000e+03 2.486783283237592457e+00 6.777462993300818923e-03
8.460000000000000000e+03 2.486706721971334577e+00 6.747478154336517854e-03
8.490000000000000000e+03 2.486680468275043410e+00 6.676438002286668068e-03
8.520000000000000000e+03 2.488027324182378486e+00 6.770058515893945424e-03
8.550000000000000000e+03 2.488242982519377033e+00 6.787054241238814345e-03
8.580000000000000000e+03 2.487815543106439264e+00 6.648249862045381431e-03
8.610000000000000000e+03 2.487583767730514595e+00 6.542754180741532435e-03
8.640000000000000000e+03 2.487360345351940616e+00 6.510781569008802089e-03
8.670000000000000000e+03 2.487842016320688909e+00 6.470944316048063763e-03
8.700000000000000000e+03 2.487602524076737875e+00 6.366959225012566032e-03
8.730000000000000000e+03 2.486479436044541913e+00 6.333559296293118403e-03
8.760000000000000000e+03 2.486834884484717012e+00 6.380276652149466203e-03
8.790000000000000000e+03 2.486630701996497717e+00 6.435023212713791678e-03
8.820000000000000000e+03 2.486224372636568258e+00 6.371367712853470006e-03
8.850000000000000000e+03 2.485880437216978045e+00 6.340056980167943501e-03
8.880000000000000000e+03 2.485743177861080788e+00 6.306403747097194361e-03
8.910000000000000000e+03 2.485016171578770194e+00 6.391505953745252495e-03
8.940000000000000000e+03 2.484783681668615962e+00 6.534100594335175843e-03
8.970000000000000000e+03 2.484824055952840727e+00 6.508727154933411328e-03
9.000000000000000000e+03 2.485330695325083550e+00 6.486966287849584706e-03
9.030000000000000000e+03 2.485156246917874956e+00 6.530761866555414609e-03
9.060000000000000000e+03 2.484955696552927140e+00 6.527961738043938991e-03
9.090000000000000000e+03 2.486245743058112634e+00 6.497137306013428190e-03
9.120000000000000000e+03 2.486160299354981618e+00 6.640751757720044987e-03
9.150000000000000000e+03 2.486451635711948605e+00 6.709396438383814776e-03
9.180000000000000000e+03 2.486410966975787673e+00 6.684714136999748806e-03
9.210000000000000000e+03 2.486655977030443054e+00 6.643311995742703403e-03
9.240000000000000000e+03 2.487350881250336432e+00 6.765768284394306845e-03
9.270000000000000000e+03 2.487382351824731330e+00 6.646784969283759358e-03
9.300000000000000000e+03 2.487535269803070381e+00 6.650469829077769977e-03
9.330000000000000000e+03 2.487766623703076441e+00 6.651538799781586686e-03
9.360000000000000000e+03 2.488565253117118736e+00 6.590947606085457641e-03
9.390000000000000000e+03 2.487895095666659451e+00 6.588571970732950284e-03
9.420000000000000000e+03 2.487571196482894376e+00 6.439536021759151817e-03
9.450000000000000000e+03 2.487326369753915856e+00 6.237433341233365909e-03
9.480000000000000000e+03 2.487826889603879099e+00 6.217412760133513711e-03
9.510000000000000000e+03 2.487248176525138188e+00 6.199177482091455457e-03
9.540000000000000000e+03 2.486992040557436390e+00 6.255153742581311821e-03
9.570000000000000000e+03 2.486772064759818157e+00 6.156518920696033882e-03
9.600000000000000000e+03 2.485513829866554669e+00 6.075396958645278879e-03
9.630000000000000000e+03 2.485883151985599948e+00 6.058009040898077076e-03
9.660000000000000000e+03 2.485600634739057568e+00 6.062806424389196105e-03
9.690000000000000000e+03 2.485412530870932279e+00 6.035099598267416009e-03
9.720000000000000000e+03 2.485107511724432339e+00 6.019700343621651323e-03
9.750000000000000000e+03 2.484896282819910152e+00 6.060683383773342835e-03
9.780000000000000000e+03 2.484651413331186109e+00 6.067719662121832253e-03
9.810000000000000000e+03 2.484406450674016664e+00 6.050536061828863665e-03
9.840000000000000000e+03 2.484635506099974300e+00 5.968969004856457435e-03
9.870000000000000000e+03 2.485279371224593081e+00 5.947993049890174834e-03
9.900000000000000000e+03 2.484913938479589746e+00 5.923074114484960101e-03
9.930000000000000000e+03 2.485178292334710548e+00 5.952634737803738293e-03
9.960000000000000000e+03 2.485668489863727348e+00 5.896854986619922030e-03
9.990000000000000000e+03 2.486174008033658733e+00 5.715765518074475068e-03
1.002000000000000000e+04 2.485701635669254728e+00 5.744508927782392312e-03
1.005000000000000000e+04 2.487257360110874060e+00 5.730186444887296233e-03
1.008000000000000000e+04 2.487416910016016391e+00 5.923108083022769060e-03
1.011000000000000000e+04 2.488000040249113365e+00 6.043524116283244957e-03
1.014000000000000000e+04 2.488173378462405161e+00 5.890479143717190606e-03
1.017000000000000000e+04 2.488892190315696862e+00 5.767029215015845311e-03
1.020000000000000000e+04 2.488961326663090112e+00 5.645407710762499927e-03
1.023000000000000000e+04 2.488720384291914112e+00 5.538196150068059979e-03
1.026000000000000000e+04 2.488964544957825709e+00 5.595776292447024285e-03
1.029000000000000000e+04 2.489669869794098211e+00 5.631283918283737193e-03
1.032000000000000000e+04 2.489352697551387550e+00 5.610932861509694211e-03
1.035000000000000000e+04 2.489232520939603788e+00 5.618033652056325308e-03
1.038000000000000000e+04 2.489250317783917144e+00 5.791833310853015775e-03
1.041000000000000000e+04 2.489443130625414113e+00 5.806980776692783654e-03
1.044000000000000000e+04 2.490218836972821315e+00 5.961626878269191999e-03
1.047000000000000000e+04 2.490753859173209239e+00 5.866654884383841993e-03
1.050000000000000000e+04 2.491199364912749292e+00 5.783968740938120329e-03
1.053000000000000000e+04 2.491235040207306461e+00 5.831457231507565682e-03
1.056000000000000000e+04 2.491213756151565484e+00 5.809766930803474290e-03
1.059000000000000000e+04 2.491580088026800421e+00 5.839392157300342563e-03
1.062000000000000000e+04 2.492165241256637742e+00 5.831627151157307842e-03
1.065000000000000000e+04 2.492552580425245079e+00 5.833172668954025170e-03
1.068000000000000000e+04 2.492747116853766709e+00 5.866867489900934492e-03
1.071000000000000000e+04 2.492575942546690460e+00 5.850320577257562063e-03
1.074000000000000000e+04 2.491960649195477995e+00 5.854366576863753550e-03
1.077000000000000000e+04 2.492582386985351839e+00 5.859331645305732202e-03
1.080000000000000000e+04 2.492410250038651576e+00 5.845226536795746115e-03
1.083000000000000000e+04 2.492179546822781422e+00 5.771540403527144342e-03
1.086000000000000000e+04 2.492550680961985954e+00 5.750880307629545850e-03
1.089000000000000000e+04 2.493076510733168050e+00 5.798336753453390245e-03
1.092000000000000000e+04 2.493031805120556221e+00 5.732081025687916186e-03
1.095000000000000000e+04 2.492862539945558620e+00 5.741246034012205575e-03
1.098000000000000000e+04 2.492988717614001537e+00 5.751081191665410874e-03
1.101000000000000000e+04 2.492364699868107270e+00 5.814782106009972612e-03
1.104000000000000000e+04 2.492815745026065510e+00 5.750902149055957258e-03
1.107000000000000000e+04 2.492141543484250654e+00 5.828481561641704438e-03
1.110000000000000000e+04 2.492527229896759788e+00 5.850039005943400740e-03
1.113000000000000000e+04 2.492492307137137431e+00 6.015820781547465482e-03
1.116000000000000000e+04 2.492002523931587721e+00 6.012254880895338306e-03
1.119000000000000000e+04 2.492152633911388193e+00 5.917856731423128645e-03
1.122000000000000000e+04 2.492969667152377777e+00 5.940104438660855773e-03
1.125000000000000000e+04 2.492993750538357478e+00 5.905965700539361762e-03
1.128000000000000000e+04 2.493453600817969740e+00 5.975271782514629364e-03
1.131000000000000000e+04 2.493119552461832367e+00 5.855350537902389782e-03
1.134000000000000000e+04 2.493329721779111274e+00 5.832143505831370416e-03
1.137000000000000000e+04 2.493360351540238273e+00 5.749170847385840812e-03
1.140000000000000000e+04 2.493465600582467356e+00 5.776631209340047854e-03
1.143000000000000000e+04 2.493306810728878720e+00 5.685804618955668001e-03
1.146000000000000000e+04 2.493062772782168590e+00 5.747013312910932009e-03
1.149000000000000000e+04 2.493366161578740137e+00 5.660734598955019861e-03
1.152000000000000000e+04 2.493473538115568822e+00 5.711977159941037004e-03
1.155000000000000000e+04 2.493637626507914096e+00 5.814356468131897521e-03
1.158000000000000000e+04 2.494148775941869012e+00 5.749222770024288269e-03
1.161000000000000000e+04 2.494145080370949064e+00 5.639461439368489634e-03
1.164000000000000000e+04 2.493379531468910226e+00 5.651211202304411672e-03
1.167000000000000000e+04 2.493750557876443175e+00 5.705757660139454922e-03
1.170000000000000000e+04 2.493606795888029026e+00 5.666930677708199166e-03
1.173000000000000000e+04 2.493672200967242070e+00 5.615814889673344766e-03
1.176000000000000000e+04 2.493461150221919276e+00 5.678360038756386473e-03
1.179000000000000000e+04 2.492926971522541724e+00 5.617732258011535161e-03
1.182000000000000000e+04 2.492860164687163316e+00 5.737921460479790577e-03
1.185000000000000000e+04 2.492702445701281189e+00 5.703251740902999870e-03
1.188000000000000000e+04 2.492421384007833307e+00 5.723022939708405192e-03
1.191000000000000000e+04 2.492102305522749806e+00 5.554161272954883689e-03
1.194000000000000000e+04 2.492202264771000930e+00 5.622410896506007012e-03
1.197000000000000000e+04 2.492101936283908081e+00 5.694831117566226744e-03
1.200000000000000000e+04 2.491605152195982775e+00 5.760847255365127845e-03
1.203000000000000000e+04 2.491906951778716905e+00 5.650293221868244939e-03
1.206000000000000000e+04 2.492522209407258327e+00 5.727404450150385025e-03
1.209000000000000000e+04 2.492738482108241005e+00 5.692931682612838683e-03
1.212000000000000000e+04 2.492908505297473987e+00 5.629420594674095120e-03
1.215000000000000000e+04 2.492811672664289713e+00 5.633969088957388287e-03
1.218000000000000000e+04 2.492762931590060127e+00 5.724822037346346572e-03
1.221000000000000000e+04 2.493095972203115185e+00 5.675998620643340348e-03
1.224000000000000000e+04 2.492924138783771948e+00 5.808668053044054730e-03
1.227000000000000000e+04 2.492666015580775607e+00 5.729029878814233256e-03
1.230000000000000000e+04 2.492404841711175489e+00 5.764610667360742062e-03
1.233000000000000000e+04 2.492613161982606407e+00 5.805845746475679463e-03
1.236000000000000000e+04 2.492945862747531383e+00 5.798567933367270756e-03
1.239000000000000000e+04 2.492945716990962790e+00 5.697143150561580563e-03
1.242000000000000000e+04 2.493072095234409424e+00 5.701607533511857985e-03
1.245000000000000000e+04 2.493171650872893164e+00 5.684983217284981030e-03
1.248000000000000000e+04 2.493652994403696255e+00 5.594996826392582487e-03
1.251000000000000000e+04 2.494311732953418570e+00 5.642076661471844522e-03
1.254000000000000000e+04 2.494245546228385457e+00 5.544021576236781920e-03
1.257000000000000000e+04 2.493887225300353894e+00 5.557289670698154112e-03
1.260000000000000000e+04 2.493767100061938802e+00 5.641925750896069174e-03
1.263000000000000000e+04 2.493385238434648432e+00 5.615687137050805883e-03
1.266000000000000000e+04 2.493493697141353493e+00 5.573160192166911470e-03
1.269000000000000000e+04 2.493885234834766873e+00 5.481315939961936036e-03
1.272000000000000000e+04 2.493876563748675501e+00 5.455932185954746536e-03
1.275000000000000000e+04 2.494245105529417472e+00 5.466754591213617009e-03
1.278000000000000000e+04 2.494293616740535402e+00 5.403460235304539429e-03
1.281000000000000000e+04 2.494063558542046533e+00 5.457135429674001351e-03
1.284000000000000000e+04 2.493937140007005837e+00 5.442861697348279175e-03
1.287000000000000000e+04 2.493978329250148729e+00 5.423550412316963630e-03
1.290000000000000000e+04 2.493732144224551472e+00 5.442861349701325416e-03
1.293000000000000000e+04 2.493888826513170898e+00 5.480232553448234969e-03
1.296000000000000000e+04 2.494397557230772833e+00 5.496544436822394138e-03
1.299000000000000000e+04 2.495050626640805014e+00 5.467247526065333388e-03
1.302000000000000000e+04 2.494567948525472367e+00 5.392708149707798639e-03
1.305000000000000000e+04 2.494178136063072593e+00 5.382428921176529019e-03
1.308000000000000000e+04 2.494520468384034739e+00 5.358307328253060671e-03
1.311000000000000000e+04 2.494812664837426475e+00 5.291204155403838975e-03
1.314000000000000000e+04 2.494834888901760639e+00 5.167002830371256530e-03
1.317000000000000000e+04 2.495186727005560545e+00 5.215262206978766614e-03
1.320000000000000000e+04 2.495300027932688014e+00 5.225802023608693003e-03
1.323000000000000000e+04 2.495423438640349101e+00 5.220475321109857049e-03
1.326000000000000000e+04 2.495380563253444706e+00 5.327942420585179105e-03
1.329000000000000000e+04 2.495453342583867418e+00 5.357119093605131055e-03
1.332000000000000000e+04 2.495224793769230232e+00 5.390890474547492192e-03
1.335000000000000000e+04 2.495324760675224685e+00 5.480468917331710217e-03
1.338000000000000000e+04 2.495538862665504620e+00 5.419881588245045213e-03
1.341000000000000000e+04 2.495516262073810942e+00 5.452609194882240308e-03
1.344000000000000000e+04 2.495195876838685933e+00 5.565763047590184878e-03
1.347000000000000000e+04 2.495578133957667699e+00 5.656851670832603943e-03
1.350000000000000000e+04 2.495457444510555511e+00 5.665953653812445638e-03
1.353000000000000000e+04 2.495932501234683798e+00 5.668921669822026346e-03
1.356000000000000000e+04 2.496411601506438593e+00 5.594802562366680415e-03
1.359000000000000000e+04 2.496657810201295291e+00 5.585574169840378141e-03
1.362000000000000000e+04 2.496894948405925962e+00 5.577089563310921698e-03
1.365000000000000000e+04 2.497270066977625103e+00 5.603618880800943780e-03
1.368000000000000000e+04 2.497517560801064462e+00 5.622656782838163399e-03
1.371000000000000000e+04 2.497500206936619893e+00 5.578195667183617583e-03
1.374000000000000000e+04 2.497207528537482624e+00 5.590066307128955386e-03
1.377000000000000000e+04 2.496723209771693597e+00 5.607286433230666139e-03
1.380000000000000000e+04 2.496438878562067476e+00 5.454635712024045839e-03
1.383000000000000000e+04 2.496302144150210456e+00 5.505346138208574297e-03
1.386000000000000000e+04 2.495803480598741242e+00 5.415606133277402028e-03
1.389000000000000000e+04 2.496269114664976474e+00 5.400510777438713092e-03
1.392000000000000000e+04 2.496801277156758037e+00 5.392807909717542945e-03
1.395000000000000000e+04 2.496901571927677477e+00 5.405881028751592654e-03
1.398000000000000000e+04 2.496960523504431873e+00 5.479863833811554272e-03
1.401000000000000000e+04 2.496320612760184243e+00 5.431933515999049812e-03
1.404000000000000000e+04 2.496360637682970562e+00 5.476044505627743891e-03
1.407000000000000000e+04 2.496154399193767581e+00 5.505625343288250359e-03
1.410000000000000000e+04 2.496745787878561718e+00 5.517612199669741542e-03
1.413000000000000000e+04 2.496479866603727782e+00 5.564391814790933637e-03
1.416000000000000000e+04 2.496777084342175712e+00 5.622018662016374339e-03
1.419000000000000000e+04 2.497185765251850320e+00 5.685542334884358118e-03
1.422000000000000000e+04 2.497006542247904637e+00 5.725003032291928889e-03
1.425000000000000000e+04 2.496996290232885940e+00 5.659338335544840046e-03
1.428000000000000000e+04 2.496475548878202222e+00 5.641707206783183604e-03
1.431000000000000000e+04 2.496516647078502515e+00 5.675012472241075349e-03
1.434000000000000000e+04 2.496055594337645900e+00 5.747893414783006132e-03
1.437000000000000000e+04 2.496047041382043030e+00 5.850366493845880929e-03
1.440000000000000000e+04 2.496060936909167527e+00 5.831805544165532748e-03
1.443000000000000000e+04 2.496219126737222904e+00 5.946660336855270554e-03
1.446000000000000000e+04 2.496462492089002616e+00 5.945461415761453886e-03
1.449000000000000000e+04 2.496288769572394983e+00 5.960303862773883715e-03
1.452000000000000000e+04 2.496300169869930752e+00 5.931219268587432404e-03
1.455000000000000000e+04 2.496682108107956655e+00 5.998004967620721752e-03
1.458000000000000000e+04 2.497364734327997216e+00 6.062931158088136034e-03
1.461000000000000000e+04 2.497113675344214911e+00 6.006822899767241819e-03
1.464000000000000000e+04 2.497523674810105732e+00 6.020215023724789262e-03
1.467000000000000000e+04 2.497343347011361736e+00 5.922513582118612771e-03
1.470000000000000000e+04 2.497059266712951864e+00 5.908984977483786559e-03
1.473000000000000000e+04 2.496966583603898560e+00 5.908900332024899678e-03
1.476000000000000000e+04 2.496966021442021955e+00 5.891556840636862254e-03
1.479000000000000000e+04 2.496565178993592760e+00 5.951042149640735704e-03
1.482000000000000000e+04 2.496368046012815256e+00 5.909647928738135519e-03
1.485000000000000000e+04 2.496365217794147551e+00 5.927162047674310388e-03
1.488000000000000000e+04 2.496328754441378805e+00 5.946510489403819023e-03
1.491000000000000000e+04 2.496114861553908604e+00 5.961697406589494021e-03
1.494000000000000000e+04 2.496189403675358687e+00 5.935507304322105299e-03
1.497000000000000000e+04 2.496139601409516739e+00 5.874263851527498914e-03
1.500000000000000000e+04 2.495954384688458205e+00 5.904944057561251416e-03
