# # n, sigma
3.000000000000000000e+01 3.398375328591574096e+00 9.456801340656509347e-02
6.000000000000000000e+01 2.512192889511659200e+00 8.704974298227143026e-02
9.000000000000000000e+01 2.530549675632794759e+00 7.675011250908778115e-02
1.200000000000000000e+02 2.577449138615151014e+00 5.390766978858226727e-02
1.500000000000000000e+02 2.563566008554186482e+00 5.353960975125729438e-02
1.800000000000000000e+02 2.513867550748889013e+00 6.115166227244163422e-02
2.100000000000000000e+02 2.610740302282360759e+00 5.469315303401411921e-02
2.400000000000000000e+02 2.629779345085629494e+00 5.566054827528729709e-02
2.700000000000000000e+02 2.598135060679621411e+00 5.427020028912183519e-02
3.000000000000000000e+02 2.616122203443188354e+00 5.342538388249316872e-02
3.300000000000000000e+02 2.578671943555039370e+00 4.453457103422474306e-02
3.600000000000000000e+02 2.535217008006334094e+00 4.542323166846540944e-02
3.900000000000000000e+02 2.523327280520105464e+00 4.325703995034543836e-02
4.200000000000000000e+02 2.516428033465984537e+00 3.944604725553356450e-02
4.500000000000000000e+02 2.516972788566663954e+00 3.701149426361903527e-02
4.800000000000000000e+02 2.509168763978174344e+00 3.440312506041712237e-02
5.100000000000000000e+02 2.501147100753050800e+00 3.550152250381578140e-02
5.400000000000000000e+02 2.492822931923194929e+00 3.447166822803190284e-02
5.700000000000000000e+02 2.484695599840741398e+00 3.329595638813845349e-02
6.000000000000000000e+02 2.486996066402594519e+00 3.212260419973182735e-02
6.300000000000000000e+02 2.484543033923185540e+00 2.924491542790801438e-02
6.600000000000000000e+02 2.492036593415548396e+00 2.788375897914142573e-02
6.900000000000000000e+02 2.495401166143626615e+00 2.830869555621461434e-02
7.200000000000000000e+02 2.499330826818595863e+00 2.983322803777865156e-02
7.500000000000000000e+02 2.505194027455874384e+00 2.961193588617219014e-02
7.800000000000000000e+02 2.516806960382687031e+00 2.964949299576088645e-02
8.100000000000000000e+02 2.512352206488181583e+00 2.993112666662467100e-02
8.400000000000000000e+02 2.515480136015634471e+00 2.820506357219128638e-02
8.700000000000000000e+02 2.525422457856144831e+00 2.801780779887867376e-02
9.000000000000000000e+02 2.519098684585949766e+00 2.754655311289426131e-02
9.300000000000000000e+02 2.517019733160759998e+00 2.586323324269859322e-02
9.600000000000000000e+02 2.512584025128113741e+00 2.650851364832405160e-02
9.900000000000000000e+02 2.509845423178852730e+00 2.598767058083160247e-02
1.020000000000000000e+03 2.510758902619311783e+00 2.583733439726404457e-02
1.050000000000000000e+03 2.513122293456467204e+00 2.456067189404878559e-02
1.080000000000000000e+03 2.511746226266773796e+00 2.458468962658896806e-02
1.110000000000000000e+03 2.514677604396674315e+00 2.332116720347694044e-02
1.140000000000000000e+03 2.514909250078528391e+00 2.298970968582065427e-02
1.170000000000000000e+03 2.513736936064395078e+00 2.290974758173181663e-02
1.200000000000000000e+03 2.510821255434256827e+00 2.338646903808511840e-02
1.230000000000000000e+03 2.508195375570752006e+00 2.229789499010436521e-02
1.260000000000000000e+03 2.506618984629789715e+00 2.290180252810964864e-02
1.290000000000000000e+03 2.502890461913402920e+00 2.212290333548723800e-02
1.320000000000000000e+03 2.506049727885157008e+00 2.104253089903656421e-02
1.350000000000000000e+03 2.507545022686062719e+00 2.086584681211538575e-02
1.380000000000000000e+03 2.507176822495589708e+00 2.079687904667492857e-02
1.410000000000000000e+03 2.507769323389954508e+00 2.094988842322872274e-02
1.440000000000000000e+03 2.508148522337947384e+00 2.049601163454517830e-02
1.470000000000000000e+03 2.507439265349527879e+00 2.114885096408790702e-02
1.500000000000000000e+03 2.508374500252850137e+00 2.094976969234854311e-02
1.530000000000000000e+03 2.506207015951096295e+00 1.965933862485624156e-02
1.560000000000000000e+03 2.507928582151091934e+00 2.070816204344043746e-02
1.590000000000000000e+03 2.507765916645433801e+00 2.137214332501080269e-02
1.620000000000000000e+03 2.507658459181168364e+00 2.080750162401659095e-02
1.650000000000000000e+03 2.509729995883073439e+00 2.044395020450580011e-02
1.680000000000000000e+03 2.509146300309739619e+00 2.006762375617314811e-02
1.710000000000000000e+03 2.506045170979588121e+00 2.116850566644854284e-02
1.740000000000000000e+03 2.503520621167886873e+00 2.116031268800699916e-02
1.770000000000000000e+03 2.507235016627763269e+00 2.057831687360401132e-02
1.800000000000000000e+03 2.513286197791629206e+00 2.027437574275414017e-02
1.830000000000000000e+03 2.511939825795027836e+00 2.051509794077499907e-02
1.860000000000000000e+03 2.512700416072278564e+00 2.101022432138033302e-02
1.890000000000000000e+03 2.512990314626441624e+00 2.138081704461643195e-02
1.920000000000000000e+03 2.512783935654680167e+00 2.105738800304713179e-02
1.950000000000000000e+03 2.510644721290169468e+00 2.110589419553646207e-02
1.980000000000000000e+03 2.512825534087600676e+00 2.130293226385180164e-02
2.010000000000000000e+03 2.512861931724185816e+00 2.102962849006407772e-02
2.040000000000000000e+03 2.512837018457726224e+00 2.121131638631171615e-02
2.070000000000000000e+03 2.513594557382099470e+00 1.992818460902160208e-02
2.100000000000000000e+03 2.514577412924920541e+00 2.112134563425045394e-02
2.130000000000000000e+03 2.514684331599177813e+00 2.066440686756267076e-02
2.160000000000000000e+03 2.515207684596364235e+00 2.000312395291143838e-02
2.190000000000000000e+03 2.514591258215228553e+00 2.018269238731395035e-02
2.220000000000000000e+03 2.514467894347991450e+00 1.994865466836246923e-02
2.250000000000000000e+03 2.515309717448250382e+00 1.964182372013663358e-02
2.280000000000000000e+03 2.516339559419879190e+00 1.972922395804709364e-02
2.310000000000000000e+03 2.513575290697930953e+00 1.958072466847142479e-02
2.340000000000000000e+03 2.514118924823264489e+00 1.889210131874594426e-02
2.370000000000000000e+03 2.513928195350023209e+00 1.793378601587696658e-02
2.400000000000000000e+03 2.514232279914921264e+00 1.741735692936270674e-02
2.430000000000000000e+03 2.514253810122090815e+00 1.732399508015379161e-02
2.460000000000000000e+03 2.515318147277093352e+00 1.710369674665018769e-02
2.490000000000000000e+03 2.513315824532339260e+00 1.751271551109672558e-02
2.520000000000000000e+03 2.514621569268530976e+00 1.758439963521170671e-02
2.550000000000000000e+03 2.513854869857736318e+00 1.769305788852949812e-02
2.580000000000000000e+03 2.515189149741604790e+00 1.770986523734752877e-02
2.610000000000000000e+03 2.515169649703858479e+00 1.709215058909111309e-02
2.640000000000000000e+03 2.516580798497094040e+00 1.721967746961026308e-02
2.670000000000000000e+03 2.515328713418162998e+00 1.708733055593248881e-02
2.700000000000000000e+03 2.513957783629557241e+00 1.736633281377551394e-02
2.730000000000000000e+03 2.513192772851636558e+00 1.713181233233369849e-02
2.760000000000000000e+03 2.513598377878802914e+00 1.717399938422163944e-02
2.790000000000000000e+03 2.512133109048555912e+00 1.680309642613816296e-02
2.820000000000000000e+03 2.509218792485463645e+00 1.675032416137126404e-02
2.850000000000000000e+03 2.509680609694980635e+00 1.637815447278579209e-02
2.880000000000000000e+03 2.510915366263793747e+00 1.638612021921522985e-02
2.910000000000000000e+03 2.510820625470548961e+00 1.710025438155492530e-02
2.940000000000000000e+03 2.508933574169205816e+00 1.676838112087403534e-02
2.970000000000000000e+03 2.509935234202408161e+00 1.650114770504997747e-02
3.000000000000000000e+03 2.509725942145142330e+00 1.652082901164830114e-02
3.030000000000000000e+03 2.507926179655404653e+00 1.593146232837961557e-02
3.060000000000000000e+03 2.508285286807367065e+00 1.581833247678644111e-02
3.090000000000000000e+03 2.507486271397446398e+00 1.586810172184306006e-02
3.120000000000000000e+03 2.505852031313503758e+00 1.550822657796388851e-02
3.150000000000000000e+03 2.505221472558376572e+00 1.519933138756379178e-02
3.180000000000000000e+03 2.504742342440238190e+00 1.517042911112630003e-02
3.210000000000000000e+03 2.504997278971431651e+00 1.518425396787265701e-02
3.240000000000000000e+03 2.505178282525984290e+00 1.486464508080900283e-02
3.270000000000000000e+03 2.503848814816090229e+00 1.477532710698919137e-02
3.300000000000000000e+03 2.506066599809841033e+00 1.480285053538138093e-02
3.330000000000000000e+03 2.507365762867975523e+00 1.486101436109473622e-02
3.360000000000000000e+03 2.507710725449479927e+00 1.502268323963601784e-02
3.390000000000000000e+03 2.507111760477371831e+00 1.467137762758810235e-02
3.420000000000000000e+03 2.508525393767731426e+00 1.438813013830249517e-02
3.450000000000000000e+03 2.507885747116770148e+00 1.389524517975047370e-02
3.480000000000000000e+03 2.509923100492933212e+00 1.408687683941752498e-02
3.510000000000000000e+03 2.510230619213027925e+00 1.433864086273743503e-02
3.540000000000000000e+03 2.510672811783230873e+00 1.433849122627987339e-02
3.570000000000000000e+03 2.511044645717849022e+00 1.447323665843223105e-02
3.600000000000000000e+03 2.510090832287790175e+00 1.416772586079815405e-02
3.630000000000000000e+03 2.510125963638832225e+00 1.416447367930689059e-02
3.660000000000000000e+03 2.510622814500128808e+00 1.428643765812331184e-02
3.690000000000000000e+03 2.512517378981180993e+00 1.414330024503153947e-02
3.720000000000000000e+03 2.511894615154510291e+00 1.411695987728249675e-02
3.750000000000000000e+03 2.512323723332924530e+00 1.413866853062491560e-02
3.780000000000000000e+03 2.512540975471226901e+00 1.423431754184338247e-02
3.810000000000000000e+03 2.513588552229206297e+00 1.459698305300661386e-02
3.840000000000000000e+03 2.514211790148895620e+00 1.488455099732438440e-02
3.870000000000000000e+03 2.513148355326990213e+00 1.482668522544966505e-02
3.900000000000000000e+03 2.513609994013448201e+00 1.495122947044389729e-02
3.930000000000000000e+03 2.514594807135644761e+00 1.464972508519151416e-02
3.960000000000000000e+03 2.513659374059002083e+00 1.462097943679838141e-02
3.990000000000000000e+03 2.512750296385353632e+00 1.426428456115521291e-02
4.020000000000000000e+03 2.512877251092298536e+00 1.387206394970381430e-02
4.050000000000000000e+03 2.514385541960145076e+00 1.354823942615754513e-02
4.080000000000000000e+03 2.514316491685871569e+00 1.396327993227885859e-02
4.110000000000000000e+03 2.514455296319880073e+00 1.395835301899985004e-02
4.140000000000000000e+03 2.511911156186583671e+00 1.384076615088663913e-02
4.170000000000000000e+03 2.512088573580359085e+00 1.356749527492359317e-02
4.200000000000000000e+03 2.512654728784911473e+00 1.357334443794588202e-02
4.230000000000000000e+03 2.512376943492313330e+00 1.334258675754696095e-02
4.260000000000000000e+03 2.511486806952345052e+00 1.302250263142829857e-02
4.290000000000000000e+03 2.512931153466769540e+00 1.292186706019027818e-02
4.320000000000000000e+03 2.512914311778352783e+00 1.283365207498676254e-02
4.350000000000000000e+03 2.512220426045959520e+00 1.313944788352002652e-02
4.380000000000000000e+03 2.512533164572487543e+00 1.301876845208667366e-02
4.410000000000000000e+03 2.512462546007899533e+00 1.300245683574452298e-02
4.440000000000000000e+03 2.514712953458073219e+00 1.267549270829371709e-02
4.470000000000000000e+03 2.513906259235791030e+00 1.259420102372822356e-02
4.500000000000000000e+03 2.514769089012235170e+00 1.262113595916088994e-02
4.530000000000000000e+03 2.514382660453888363e+00 1.261904493003617247e-02
4.560000000000000000e+03 2.513805325804077562e+00 1.224336479766690786e-02
4.590000000000000000e+03 2.514420457978840950e+00 1.230237770257940240e-02
4.620000000000000000e+03 2.514137172649419938e+00 1.232392956866187016e-02
4.650000000000000000e+03 2.514900023063373347e+00 1.229812731285368464e-02
4.680000000000000000e+03 2.512950308208080852e+00 1.217197556382782105e-02
4.710000000000000000e+03 2.512320545015581885e+00 1.192330297946945540e-02
4.740000000000000000e+03 2.512658353538530953e+00 1.166303474773425913e-02
4.770000000000000000e+03 2.511181304492800859e+00 1.151022250297036378e-02
4.800000000000000000e+03 2.511781204709789606e+00 1.162651680458374852e-02
4.830000000000000000e+03 2.511612761622580514e+00 1.171447588530076522e-02
4.860000000000000000e+03 2.510888193307823979e+00 1.168167552841090952e-02
4.890000000000000000e+03 2.511501553033562928e+00 1.163297993409827258e-02
4.920000000000000000e+03 2.511987096648988338e+00 1.156077013861085516e-02
4.950000000000000000e+03 2.511540076017955592e+00 1.138411967237631245e-02
4.980000000000000000e+03 2.511456597198604257e+00 1.105500369280216881e-02
5.010000000000000000e+03 2.511652923372747370e+00 1.122717167739007392e-02
5.040000000000000000e+03 2.512633112288799708e+00 1.110659311380995766e-02
5.070000000000000000e+03 2.513067138438155546e+00 1.103256848739478033e-02
5.100000000000000000e+03 2.512248878721974776e+00 1.111020623456800659e-02
5.130000000000000000e+03 2.511435842418423992e+00 1.150945276591703800e-02
5.160000000000000000e+03 2.511471139583232315e+00 1.125844402879124483e-02
5.190000000000000000e+03 2.511727663783999365e+00 1.144403419239807540e-02
5.220000000000000000e+03 2.511195717230418012e+00 1.152936183306117746e-02
5.250000000000000000e+03 2.512139138299222196e+00 1.141299177111448383e-02
5.280000000000000000e+03 2.511085708019668239e+00 1.130555438633250309e-02
5.310000000000000000e+03 2.511786079618681722e+00 1.167988610543190843e-02
5.340000000000000000e+03 2.512524466847842586e+00 1.180517710847765224e-02
5.370000000000000000e+03 2.512912231132404361e+00 1.180563742104700185e-02
5.400000000000000000e+03 2.510423760058566156e+00 1.175828846945148158e-02
5.430000000000000000e+03 2.509650293711916280e+00 1.179512967536149558e-02
5.460000000000000000e+03 2.509125376164823784e+00 1.171898101636240780e-02
5.490000000000000000e+03 2.508701826172307747e+00 1.181279977972901803e-02
5.520000000000000000e+03 2.508880272797421984e+00 1.165831906007589250e-02
5.550000000000000000e+03 2.509045165068140015e+00 1.156145724832127394e-02
5.580000000000000000e+03 2.508770143729995183e+00 1.163711560452938137e-02
5.610000000000000000e+03 2.508348676004535260e+00 1.201741068736465398e-02
5.640000000000000000e+03 2.508066386784753465e+00 1.185814686930166360e-02
5.670000000000000000e+03 2.506753973446513406e+00 1.169122396799806597e-02
5.700000000000000000e+03 2.506475001514199441e+00 1.162134522492400124e-02
5.730000000000000000e+03 2.506176744321843675e+00 1.180023460336888236e-02
5.760000000000000000e+03 2.507185263163363764e+00 1.197241852283893737e-02
5.790000000000000000e+03 2.507523047838661423e+00 1.190083163480325223e-02
5.820000000000000000e+03 2.508396665324768904e+00 1.196434805978081710e-02
5.850000000000000000e+03 2.508309827440803552e+00 1.162456301256554157e-02
5.880000000000000000e+03 2.507321308811713667e+00 1.146609544783671122e-02
5.910000000000000000e+03 2.507224850179186504e+00 1.114370964122125829e-02
5.940000000000000000e+03 2.507643809942368129e+00 1.115235424320847046e-02
5.970000000000000000e+03 2.508383702208991650e+00 1.129839091486773903e-02
6.000000000000000000e+03 2.508459284294528580e+00 1.122968228362020843e-02
6.030000000000000000e+03 2.508035027546990925e+00 1.113751082442450760e-02
6.060000000000000000e+03 2.508012613920766576e+00 1.119525471749333555e-02
6.090000000000000000e+03 2.506825282275312095e+00 1.118272403255350482e-02
6.120000000000000000e+03 2.507566936809560776e+00 1.120408962663468032e-02
6.150000000000000000e+03 2.507146825034050064e+00 1.129405552088805914e-02
6.180000000000000000e+03 2.507563381150950566e+00 1.120602475035602057e-02
6.210000000000000000e+03 2.508183532348688516e+00 1.098458013238752355e-02
6.240000000000000000e+03 2.508485619342928796e+00 1.093686701045970024e-02
6.270000000000000000e+03 2.508453040383375576e+00 1.091560736861369937e-02
6.300000000000000000e+03 2.507480696610558280e+00 1.062294410559626832e-02
6.330000000000000000e+03 2.507984337842024125e+00 1.060112654798113334e-02
6.360000000000000000e+03 2.506515053793732406e+00 1.079597027814442438e-02
6.390000000000000000e+03 2.506765707311137348e+00 1.086607899569140209e-02
6.420000000000000000e+03 2.506014522171268410e+00 1.093766058566409544e-02
6.450000000000000000e+03 2.504955780127129827e+00 1.097998003655404654e-02
6.480000000000000000e+03 2.504088724838989588e+00 1.083259409081769285e-02
6.510000000000000000e+03 2.504388750403723218e+00 1.080140036167055208e-02
6.540000000000000000e+03 2.503851807306041177e+00 1.057637468448686946e-02
6.570000000000000000e+03 2.503595713146250734e+00 1.060294653130254561e-02
6.600000000000000000e+03 2.504130457386261721e+00 1.047296982101431767e-02
6.630000000000000000e+03 2.504015484017751980e+00 1.045337292585839933e-02
6.660000000000000000e+03 2.504289384153596032e+00 1.036369549678839430e-02
6.690000000000000000e+03 2.503937970105520883e+00 1.040823171875374098e-02
6.720000000000000000e+03 2.503958144752771897e+00 1.026739004921791570e-02
6.750000000000000000e+03 2.503737236733638571e+00 1.019857816520205497e-02
6.780000000000000000e+03 2.503542520481917499e+00 1.018822249715248610e-02
6.810000000000000000e+03 2.504045685702005475e+00 1.023710589919618608e-02
6.840000000000000000e+03 2.503323487009374126e+00 1.004885200694485489e-02
6.870000000000000000e+03 2.503558298202343213e+00 9.965811271175167158e-03
6.900000000000000000e+03 2.503600377297914736e+00 9.753319595932421343e-03
6.930000000000000000e+03 2.503775966674219422e+00 9.736021682742209207e-03
6.960000000000000000e+03 2.503370166260260543e+00 9.880585466761994395e-03
6.990000000000000000e+03 2.503433412287715321e+00 9.838280181897789828e-03
7.020000000000000000e+03 2.502834352429799569e+00 9.878086446626176478e-03
7.050000000000000000e+03 2.503032736688628912e+00 1.003485706403373437e-02
7.080000000000000000e+03 2.502906992613004533e+00 1.004345095230927028e-02
7.110000000000000000e+03 2.502534655643039230e+00 1.016986898726621874e-02
7.140000000000000000e+03 2.502998069274102289e+00 1.009180490702532747e-02
7.170000000000000000e+03 2.502532852231122984e+00 9.906122648627287142e-03
7.200000000000000000e+03 2.502455542388519305e+00 9.881581442646943797e-03
7.230000000000000000e+03 2.502108455420288813e+00 9.860809349038532345e-03
7.260000000000000000e+03 2.502335241877746252e+00 9.948264983671970332e-03
7.290000000000000000e+03 2.501693858519457248e+00 1.001140728341112264e-02
7.320000000000000000e+03 2.500905232387244048e+00 1.000417920836879637e-02
7.350000000000000000e+03 2.500931878131601671e+00 9.822836036592086720e-03
7.380000000000000000e+03 2.500589356239993677e+00 9.821340644751192991e-03
7.410000000000000000e+03 2.500708450208493971e+00 9.667139569950168598e-03
7.440000000000000000e+03 2.501215161121310704e+00 9.728752479178688281e-03
7.470000000000000000e+03 2.501779473639129669e+00 9.717708224928983674e-03
7.500000000000000000e+03 2.501513468988347810e+00 9.776557972712747110e-03
7.530000000000000000e+03 2.501289670485382644e+00 9.862931851016743315e-03
7.560000000000000000e+03 2.500409313925413102e+00 9.750655463807092124e-03
7.590000000000000000e+03 2.500066450546732710e+00 9.708996386995377703e-03
7.620000000000000000e+03 2.499161623456456205e+00 9.658704571864563243e-03
7.650000000000000000e+03 2.499455793124084835e+00 9.599207689191683116e-03
7.680000000000000000e+03 2.499149505198956955e+00 9.659800489241648566e-03
7.710000000000000000e+03 2.498917525818509677e+00 9.697591881721185844e-03
7.740000000000000000e+03 2.498794639255285777e+00 9.633457113711770686e-03
7.770000000000000000e+03 2.499092700156426705e+00 9.605154781413891354e-03
7.800000000000000000e+03 2.499523305410805030e+00 9.818702261164118442e-03
7.830000000000000000e+03 2.500020786608655232e+00 9.732964877832093673e-03
7.860000000000000000e+03 2.499579986103027895e+00 9.490060949329385750e-03
7.890000000000000000e+03 2.498944537878183603e+00 9.410607810522962635e-03
7.920000000000000000e+03 2.498663016083126909e+00 9.479243057768543465e-03
7.950000000000000000e+03 2.498579307959233109e+00 9.367814254409681171e-03
7.980000000000000000e+03 2.498196797868546870e+00 9.226108982259534352e-03
8.010000000000000000e+03 2.499108362357132851e+00 9.098772571104293827e-03
8.040000000000000000e+03 2.499655001534090815e+00 8.863732805963918035e-03
8.070000000000000000e+03 2.499345556458381967e+00 8.790770785260733008e-03
8.100000000000000000e+03 2.499072238728263784e+00 8.868102770888237896e-03
8.130000000000000000e+03 2.498919705692735249e+00 8.964221639923778545e-03
8.160000000000000000e+03 2.499276439799173133e+00 8.822732687914858554e-03
8.190000000000000000e+03 2.500303533201059913e+00 8.702167794111757490e-03
8.220000000000000000e+03 2.500406295969599846e+00 8.531230763518783677e-03
8.250000000000000000e+03 2.499875038213142719e+00 8.522654092961521460e-03
8.280000000000000000e+03 2.500777068857049645e+00 8.614395557621189192e-03
8.310000000000000000e+03 2.500857354680205535e+00 8.684478895432714771e-03
8.340000000000000000e+03 2.501160003121563058e+00 8.665608090933850718e-03
8.370000000000000000e+03 2.501192723589168665e+00 8.677215835625824020e-03
8.400000000000000000e+03 2.501250630089066451e+00 8.761379277101934843e-03
8.430000000000000000e+03 2.501272558538673696e+00 8.730751167817676558e-03
8.460000000000000000e+03 2.501038324825530790e+00 8.681010531539903527e-03
8.490000000000000000e+03 2.501540764127961225e+00 8.665797338826781993e-03
8.520000000000000000e+03 2.501739149490488145e+00 8.804091667897031084e-03
8.550000000000000000e+03 2.501303721205696551e+00 8.863670080099654916e-03
8.580000000000000000e+03 2.501270234972077677e+00 8.753104509572761857e-03
8.610000000000000000e+03 2.501011614711323716e+00 8.878997134353526152e-03
8.640000000000000000e+03 2.501817780731345753e+00 9.009858447326444045e-03
8.670000000000000000e+03 2.501720197343976881e+00 8.961636711845258341e-03
8.700000000000000000e+03 2.501475633082751671e+00 9.008782313355796073e-03
8.730000000000000000e+03 2.501574080257593646e+00 9.271459826499824433e-03
8.760000000000000000e+03 2.501883931647224113e+00 9.152096663905515822e-03
8.790000000000000000e+03 2.502661424117941902e+00 9.121376671782605722e-03
8.820000000000000000e+03 2.502789748803452952e+00 8.902591521833796290e-03
8.850000000000000000e+03 2.503329870658194789e+00 8.857802022260165623e-03
8.880000000000000000e+03 2.502608938981695452e+00 8.821411952659407446e-03
8.910000000000000000e+03 2.502165906831366193e+00 8.866580824692689780e-03
8.940000000000000000e+03 2.501827973703017793e+00 8.857645613248204750e-03
8.970000000000000000e+03 2.501662522869645855e+00 8.828889891496487230e-03
9.000000000000000000e+03 2.502788364833962387e+00 8.826646644343233775e-03
9.030000000000000000e+03 2.502809287598753762e+00 8.670777721333997046e-03
9.060000000000000000e+03 2.501708830984390453e+00 8.540928504489101250e-03
9.090000000000000000e+03 2.502391976127620321e+00 8.555228491529067239e-03
9.120000000000000000e+03 2.501534145345375215e+00 8.397736068831773010e-03
9.150000000000000000e+03 2.502120387556443504e+00 8.427641462854981377e-03
9.180000000000000000e+03 2.500985223450524764e+00 8.568098177648905689e-03
9.210000000000000000e+03 2.501119272439625174e+00 8.571300306873504485e-03
9.240000000000000000e+03 2.501232351192794745e+00 8.359821377501441483e-03
9.270000000000000000e+03 2.500476517180520108e+00 8.104327925086217410e-03
9.300000000000000000e+03 2.500604072949298651e+00 8.113722515283500192e-03
9.330000000000000000e+03 2.501240532965544716e+00 8.081057679881145303e-03
9.360000000000000000e+03 2.501909792348858463e+00 8.100115292157697086e-03
9.390000000000000000e+03 2.501217134141061837e+00 8.166345893634527689e-03
9.420000000000000000e+03 2.501400662694670096e+00 8.177433807256060186e-03
9.450000000000000000e+03 2.501520844221441831e+00 8.156879418854106473e-03
9.480000000000000000e+03 2.501227116283473606e+00 8.067996625412935871e-03
9.510000000000000000e+03 2.501430976020544872e+00 8.016049789069522313e-03
9.540000000000000000e+03 2.501379654342105407e+00 7.917636528481908006e-03
9.570000000000000000e+03 2.501526416592974922e+00 7.989036142940109109e-03
9.600000000000000000e+03 2.500904855068914578e+00 7.937943368048459153e-03
9.630000000000000000e+03 2.501241528324289920e+00 7.978716013122878065e-03
9.660000000000000000e+03 2.501549707864354932e+00 7.845087177146457813e-03
9.690000000000000000e+03 2.501704147711654169e+00 7.756225062195605709e-03
9.720000000000000000e+03 2.501634824568585103e+00 7.704409325297744207e-03
9.750000000000000000e+03 2.502610244161681763e+00 7.554413803661055513e-03
9.780000000000000000e+03 2.501929065745960301e+00 7.397535941673037511e-03
9.810000000000000000e+03 2.501995784269734013e+00 7.381400147625869629e-03
9.840000000000000000e+03 2.501824650211031287e+00 7.365750966804757681e-03
9.870000000000000000e+03 2.501522280717070501e+00 7.324673320400974276e-03
9.900000000000000000e+03 2.501969020924498022e+00 7.212839093139262331e-03
9.930000000000000000e+03 2.501455665353971902e+00 7.011246366868522165e-03
9.960000000000000000e+03 2.501768162459330203e+00 7.076240786612894747e-03
9.990000000000000000e+03 2.502043279363323602e+00 7.118767338278836170e-03
1.002000000000000000e+04 2.503016585321251153e+00 7.078429141400934162e-03
1.005000000000000000e+04 2.502886258663013397e+00 7.103382370604266124e-03
1.008000000000000000e+04 2.502867156960217887e+00 7.000321299930003897e-03
1.011000000000000000e+04 2.502931655683513501e+00 7.078549025363986905e-03
1.014000000000000000e+04 2.502707735290039537e+00 7.043654856732687285e-03
1.017000000000000000e+04 2.502965517440977283e+00 7.091527446058236601e-03
1.020000000000000000e+04 2.503551727893924550e+00 7.018151863531026449e-03
1.023000000000000000e+04 2.503563524949068420e+00 7.035466928024659491e-03
1.026000000000000000e+04 2.503226197646704065e+00 7.052983137027699599e-03
1.029000000000000000e+04 2.503039534552040202e+00 6.938357393004749435e-03
1.032000000000000000e+04 2.503059076619607914e+00 7.085199393430764020e-03
1.035000000000000000e+04 2.503669198853322619e+00 7.011989024303665573e-03
1.038000000000000000e+04 2.503709597654775187e+00 6.998051855631409399e-03
1.041000000000000000e+04 2.502762261567934132e+00 7.001125026205583246e-03
1.044000000000000000e+04 2.502058972621755917e+00 6.969737213838084547e-03
1.047000000000000000e+04 2.502264681078500974e+00 6.984649801765567025e-03
1.050000000000000000e+04 2.501340444220411907e+00 6.997963554652312200e-03
1.053000000000000000e+04 2.501502153818730534e+00 6.948844736110728823e-03
1.056000000000000000e+04 2.500907542075293311e+00 6.918222733625601154e-03
1.059000000000000000e+04 2.500893515045004900e+00 6.899751188838976548e-03
1.062000000000000000e+04 2.500501101617064403e+00 6.860050055718288839e-03
1.065000000000000000e+04 2.499874238030876050e+00 6.882444423219908486e-03
1.068000000000000000e+04 2.499276875393597663e+00 6.941164259516361193e-03
1.071000000000000000e+04 2.499075951009910757e+00 6.897855336930686088e-03
1.074000000000000000e+04 2.499626834738614800e+00 6.961477598354878435e-03
1.077000000000000000e+04 2.499523123571985028e+00 6.832867125661399102e-03
1.080000000000000000e+04 2.499289042161228380e+00 6.872946541586513053e-03
1.083000000000000000e+04 2.499454452528965032e+00 6.936467049044508885e-03
1.086000000000000000e+04 2.499500697649466474e+00 7.001665775635620634e-03
1.089000000000000000e+04 2.498995765852298767e+00 6.956838652328091628e-03
1.092000000000000000e+04 2.498709599570421158e+00 6.946836362449955969e-03
1.095000000000000000e+04 2.499168447611669119e+00 6.924558908818255823e-03
1.098000000000000000e+04 2.499332823347569565e+00 6.954123845531161134e-03
1.101000000000000000e+04 2.499319488052349048e+00 7.055833725716132224e-03
1.104000000000000000e+04 2.499507355974496470e+00 6.946753083190156108e-03
1.107000000000000000e+04 2.499713453914835348e+00 6.844716688233254930e-03
1.110000000000000000e+04 2.499959981265624798e+00 6.913161652997408015e-03
1.113000000000000000e+04 2.499767001347362516e+00 6.849723878962923548e-03
1.116000000000000000e+04 2.499228687953307215e+00 6.837359007924867678e-03
1.119000000000000000e+04 2.499711875046118248e+00 6.704994060496153804e-03
1.122000000000000000e+04 2.499963786532519272e+00 6.781647590338983449e-03
1.125000000000000000e+04 2.500176367057657334e+00 6.787051754653268369e-03
1.128000000000000000e+04 2.499792120046074650e+00 6.753043355957484215e-03
1.131000000000000000e+04 2.499411227522125412e+00 6.785701938189146916e-03
1.134000000000000000e+04 2.499817344685847154e+00 6.837715062261827056e-03
1.137000000000000000e+04 2.499303252268947784e+00 6.789502153937070766e-03
1.140000000000000000e+04 2.499539858813217830e+00 6.810025149981104725e-03
1.143000000000000000e+04 2.499219276959308900e+00 6.866620643459753724e-03
1.146000000000000000e+04 2.499531979932346992e+00 6.838010638899310462e-03
1.149000000000000000e+04 2.499790459016649535e+00 6.836691268179239875e-03
1.152000000000000000e+04 2.499552700303171004e+00 6.929502946864835380e-03
1.155000000000000000e+04 2.499588189606865907e+00 6.959274268586128701e-03
1.158000000000000000e+04 2.499659864846619506e+00 6.966132573349093776e-03
1.161000000000000000e+04 2.499759574245937088e+00 7.025348204934294197e-03
1.164000000000000000e+04 2.499718448162315809e+00 7.069310597087583026e-03
1.167000000000000000e+04 2.499512163558129885e+00 7.035726577979268571e-03
1.170000000000000000e+04 2.499456873206875596e+00 7.166962762196780329e-03
1.173000000000000000e+04 2.499772773584243879e+00 7.139764419492614089e-03
1.176000000000000000e+04 2.500307416610492162e+00 7.153683843216838457e-03
1.179000000000000000e+04 2.500531831485854894e+00 7.194751838782586020e-03
1.182000000000000000e+04 2.501129426580141146e+00 7.086989575540002945e-03
1.185000000000000000e+04 2.500915287082654981e+00 7.040513309944819789e-03
1.188000000000000000e+04 2.500777150121583858e+00 7.067289297188173412e-03
1.191000000000000000e+04 2.501271327578237003e+00 7.039150526027038862e-03
1.194000000000000000e+04 2.501118145894501765e+00 7.058135123649298369e-03
1.197000000000000000e+04 2.500933505991079109e+00 7.095262029998043729e-03
1.200000000000000000e+04 2.500967749460329514e+00 7.039634209354210526e-03
1.203000000000000000e+04 2.501103791231925833e+00 6.983148386883452144e-03
1.206000000000000000e+04 2.501040315882374632e+00 7.091803844832433867e-03
1.209000000000000000e+04 2.500915062571980485e+00 7.158765099043049029e-03
1.212000000000000000e+04 2.501375849221298520e+00 7.116324348836027165e-03
1.215000000000000000e+04 2.501455722752565336e+00 7.092589174953260051e-03
1.218000000000000000e+04 2.501362093441329648e+00 7.137516069113127547e-03
1.221000000000000000e+04 2.501145587939073156e+00 7.170646177608439378e-03
1.224000000000000000e+04 2.500552928203295888e+00 7.102591311496773800e-03
1.227000000000000000e+04 2.500491796796539656e+00 7.051868344155996435e-03
1.230000000000000000e+04 2.500469206103709041e+00 6.903364326218142284e-03
1.233000000000000000e+04 2.500677531053679292e+00 6.891220083288938231e-03
1.236000000000000000e+04 2.501214179476308974e+00 6.932957824219498216e-03
1.239000000000000000e+04 2.501616231216565289e+00 6.867193982535444233e-03
1.242000000000000000e+04 2.501326488420346994e+00 6.854068712177774705e-03
1.245000000000000000e+04 2.501572870743159704e+00 6.928688927003934239e-03
1.248000000000000000e+04 2.500902232555603621e+00 6.975657810449898723e-03
1.251000000000000000e+04 2.501132911774587964e+00 6.976968457556264637e-03
1.254000000000000000e+04 2.500957197628520756e+00 6.989628529576658034e-03
1.257000000000000000e+04 2.500112712441719953e+00 6.962156388470101299e-03
1.260000000000000000e+04 2.500544229062519275e+00 6.930675214393782098e-03
1.263000000000000000e+04 2.501123454112128552e+00 6.971365470834779351e-03
1.266000000000000000e+04 2.501099041528181299e+00 6.838429813213187797e-03
1.269000000000000000e+04 2.501356203634061082e+00 6.825332010585897537e-03
1.272000000000000000e+04 2.501779501711190346e+00 6.782942142877813885e-03
1.275000000000000000e+04 2.501520287016757216e+00 6.802969662702705936e-03
1.278000000000000000e+04 2.501777127658659783e+00 6.786887314527065111e-03
1.281000000000000000e+04 2.501717207358707284e+00 6.770511067530522731e-03
1.284000000000000000e+04 2.501400718153559577e+00 6.810756434205702918e-03
1.287000000000000000e+04 2.501490042087249233e+00 6.682940955344491944e-03
1.290000000000000000e+04 2.502249199016967740e+00 6.722341417601402844e-03
1.293000000000000000e+04 2.502381146893602359e+00 6.637626152766877910e-03
1.296000000000000000e+04 2.502304720467948940e+00 6.702777060737868768e-03
1.299000000000000000e+04 2.502068045383877504e+00 6.679769302778936803e-03
1.302000000000000000e+04 2.501967139284235753e+00 6.639082480201549674e-03
1.305000000000000000e+04 2.502338046044055631e+00 6.602141449113285362e-03
1.308000000000000000e+04 2.502245186199505422e+00 6.614511278390471267e-03
1.311000000000000000e+04 2.502481787068527197e+00 6.550991024130896866e-03
1.314000000000000000e+04 2.502294544831682455e+00 6.462426411137481112e-03
1.317000000000000000e+04 2.502251824227365695e+00 6.447439978991512978e-03
1.320000000000000000e+04 2.502184897600198354e+00 6.528550883429504181e-03
1.323000000000000000e+04 2.502259050087140668e+00 6.477113738365482092e-03
1.326000000000000000e+04 2.502376063082867752e+00 6.506801156839115904e-03
1.329000000000000000e+04 2.502743577054140633e+00 6.544810616138276547e-03
1.332000000000000000e+04 2.502755006254401504e+00 6.556829322822953394e-03
1.335000000000000000e+04 2.503017864907492118e+00 6.478443645133798341e-03
1.338000000000000000e+04 2.502378790101457806e+00 6.508679300467994956e-03
1.341000000000000000e+04 2.502534515635903567e+00 6.499415159478607110e-03
1.344000000000000000e+04 2.502769202070271426e+00 6.498102418157737127e-03
1.347000000000000000e+04 2.502651077358116982e+00 6.528964586628947624e-03
1.350000000000000000e+04 2.502912148715329632e+00 6.527189251917616189e-03
1.353000000000000000e+04 2.502709539570880715e+00 6.512978662421011269e-03
1.356000000000000000e+04 2.502446106791993863e+00 6.609254171047200879e-03
1.359000000000000000e+04 2.502511612737495561e+00 6.579512328660564943e-03
1.362000000000000000e+04 2.502572890093730074e+00 6.604416910009847097e-03
1.365000000000000000e+04 2.502655784283176033e+00 6.553118966478435614e-03
1.368000000000000000e+04 2.502508321761577115e+00 6.537258111418167011e-03
1.371000000000000000e+04 2.502343476195237670e+00 6.610816779016690826e-03
1.374000000000000000e+04 2.502008352952704850e+00 6.575013241248589893e-03
1.377000000000000000e+04 2.501764063879168276e+00 6.510867521465202659e-03
1.380000000000000000e+04 2.501436742317475925e+00 6.476824933809788992e-03
1.383000000000000000e+04 2.501020299588054829e+00 6.409758503459791860e-03
1.386000000000000000e+04 2.501774279309871396e+00 6.346403539876558850e-03
1.389000000000000000e+04 2.501376230969413861e+00 6.362287081326121509e-03
1.392000000000000000e+04 2.501616566786867946e+00 6.364668808017533499e-03
1.395000000000000000e+04 2.501433193432795576e+00 6.293880837021403538e-03
1.398000000000000000e+04 2.501218845643165878e+00 6.211384114663755403e-03
1.401000000000000000e+04 2.501414351578150619e+00 6.164086320302623878e-03
1.404000000000000000e+04 2.501392763667986241e+00 6.160810692613794513e-03
1.407000000000000000e+04 2.501286379405074811e+00 6.203344613309482586e-03
1.410000000000000000e+04 2.501121131676211196e+00 6.190966446557642430e-03
1.413000000000000000e+04 2.500900107300370045e+00 6.253996440998543620e-03
1.416000000000000000e+04 2.500856362307811498e+00 6.288077136704790272e-03
1.419000000000000000e+04 2.500737726270045869e+00 6.230917581385234105e-03
1.422000000000000000e+04 2.500527309035809775e+00 6.303912418490185271e-03
1.425000000000000000e+04 2.500797672447885311e+00 6.311042879077874077e-03
1.428000000000000000e+04 2.500376998569104448e+00 6.315334690495422697e-03
1.431000000000000000e+04 2.500183751424807088e+00 6.393889023926171630e-03
1.434000000000000000e+04 2.499998069401824452e+00 6.404150804628558173e-03
1.437000000000000000e+04 2.499823469406543541e+00 6.392437797523203673e-03
1.440000000000000000e+04 2.499738344787926447e+00 6.451621906314805588e-03
1.443000000000000000e+04 2.499366732835509364e+00 6.357080867256384091e-03
1.446000000000000000e+04 2.498670059819553479e+00 6.446229839149040554e-03
1.449000000000000000e+04 2.499034798334952789e+00 6.399098758408529319e-03
1.452000000000000000e+04 2.499483244538114324e+00 6.424527787441080412e-03
1.455000000000000000e+04 2.498785345032349614e+00 6.390366304670864681e-03
1.458000000000000000e+04 2.498456796504179067e+00 6.374250862402632521e-03
1.461000000000000000e+04 2.498955144011094198e+00 6.388818037952176225e-03
1.464000000000000000e+04 2.499118653418606950e+00 6.394227973816730970e-03
1.467000000000000000e+04 2.499345003647404084e+00 6.378048283931635892e-03
1.470000000000000000e+04 2.498891675081887698e+00 6.434714067945866180e-03
1.473000000000000000e+04 2.498669821013606018e+00 6.448386714674798036e-03
1.476000000000000000e+04 2.498465682794281051e+00 6.483827355003526742e-03
1.479000000000000000e+04 2.498656392932363524e+00 6.435335153638365412e-03
1.482000000000000000e+04 2.498617054163396745e+00 6.420020103630133361e-03
1.485000000000000000e+04 2.498548024152908997e+00 6.501200941381313561e-03
1.488000000000000000e+04 2.498370222789548123e+00 6.425745614877052987e-03
1.491000000000000000e+04 2.498297832651850570e+00 6.465499797406544860e-03
1.494000000000000000e+04 2.498003441339364361e+00 6.439423809501336297e-03
1.497000000000000000e+04 2.498369649804439430e+00 6.428446435012308280e-03
1.500000000000000000e+04 2.498767885633974561e+00 6.539045476996319453e-03
