# # n, sigma
3.000000000000000000e+01 2.149101502962977861e+00 4.747221566861847125e-02
6.000000000000000000e+01 2.500626738475685951e+00 5.228975143867342634e-02
9.000000000000000000e+01 2.527383870285230039e+00 5.667310963727610618e-02
1.200000000000000000e+02 2.492426386711196873e+00 5.199155053253118330e-02
1.500000000000000000e+02 2.493352063653838879e+00 5.162145561609535888e-02
1.800000000000000000e+02 2.518899306858744414e+00 6.061126210603462461e-02
2.100000000000000000e+02 2.516500547428849544e+00 6.152809271179926487e-02
2.400000000000000000e+02 2.520186706711626812e+00 4.983846456373021427e-02
2.700000000000000000e+02 2.529953072310551221e+00 4.549969437086338886e-02
3.000000000000000000e+02 2.531926119394022567e+00 4.153265412384729571e-02
3.300000000000000000e+02 2.528740238386581574e+00 4.429805483304228436e-02
3.600000000000000000e+02 2.544047381903768557e+00 4.152900064313849726e-02
3.900000000000000000e+02 2.535895588393255018e+00 3.527855527693164045e-02
4.200000000000000000e+02 2.526717714641847135e+00 3.638320783049549256e-02
4.500000000000000000e+02 2.536352199142021924e+00 3.441583206547251667e-02
4.800000000000000000e+02 2.538208878474010000e+00 3.344052097124367018e-02
5.100000000000000000e+02 2.545808625997567187e+00 3.245813553305319094e-02
5.400000000000000000e+02 2.536615696904234607e+00 3.071184147037354928e-02
5.700000000000000000e+02 2.537981635590512486e+00 2.828543532325816789e-02
6.000000000000000000e+02 2.525822562179940611e+00 2.695801314282232977e-02
6.300000000000000000e+02 2.517359237018557572e+00 2.743974631925917562e-02
6.600000000000000000e+02 2.512946488516436983e+00 2.358722234456577319e-02
6.900000000000000000e+02 2.505093259495482005e+00 2.399430983287515265e-02
7.200000000000000000e+02 2.496905718293064957e+00 2.301309322846952637e-02
7.500000000000000000e+02 2.495774394752395597e+00 2.429779633382970691e-02
7.800000000000000000e+02 2.503974578632364167e+00 2.545905648954755254e-02
8.100000000000000000e+02 2.502572447844592762e+00 2.346288772765823399e-02
8.400000000000000000e+02 2.500200058114312007e+00 2.285096452234237560e-02
8.700000000000000000e+02 2.499891551596880035e+00 2.202056671143269584e-02
9.000000000000000000e+02 2.499092983675234692e+00 2.101373790546013157e-02
9.300000000000000000e+02 2.504239882256232619e+00 2.161480040615967879e-02
9.600000000000000000e+02 2.504980583955808360e+00 2.303927368692515812e-02
9.900000000000000000e+02 2.501253651045869830e+00 2.229399152572495921e-02
1.020000000000000000e+03 2.498280026904522444e+00 2.129202440997748566e-02
1.050000000000000000e+03 2.492282271634683077e+00 2.187543237139466523e-02
1.080000000000000000e+03 2.490430901557826981e+00 2.129071302130715673e-02
1.110000000000000000e+03 2.494317589393090451e+00 2.020628799633468475e-02
1.140000000000000000e+03 2.493227880558502196e+00 2.102514296335529151e-02
1.170000000000000000e+03 2.484019944336091079e+00 2.069512423369661638e-02
1.200000000000000000e+03 2.481452023480674729e+00 2.017976210297701967e-02
1.230000000000000000e+03 2.482222365272816145e+00 1.981885692957673431e-02
1.260000000000000000e+03 2.480386607820276090e+00 2.000921525273257132e-02
1.290000000000000000e+03 2.482796806864222550e+00 1.935408557475979188e-02
1.320000000000000000e+03 2.485288951084687170e+00 2.031530081168966134e-02
1.350000000000000000e+03 2.482805147167578497e+00 2.067987159186149282e-02
1.380000000000000000e+03 2.485386380981223553e+00 2.084870908747949933e-02
1.410000000000000000e+03 2.481698940538276332e+00 2.116763811493816913e-02
1.440000000000000000e+03 2.483349095975723841e+00 2.142951012042543929e-02
1.470000000000000000e+03 2.486473889848407115e+00 2.048524890964942280e-02
1.500000000000000000e+03 2.487181609890544376e+00 1.995967447517104504e-02
1.530000000000000000e+03 2.489822708155779551e+00 1.935809461588869351e-02
1.560000000000000000e+03 2.490918277120788282e+00 2.057992398805092923e-02
1.590000000000000000e+03 2.488532437660362362e+00 2.017888562265722843e-02
1.620000000000000000e+03 2.488351612962977910e+00 1.960052929927226170e-02
1.650000000000000000e+03 2.486191426536222604e+00 1.941961394960437307e-02
1.680000000000000000e+03 2.483546983729458812e+00 1.968608225229308978e-02
1.710000000000000000e+03 2.484481462502257987e+00 1.996599127573260232e-02
1.740000000000000000e+03 2.484696882045393629e+00 2.018433235128513914e-02
1.770000000000000000e+03 2.485438324888445294e+00 2.030130613636778672e-02
1.800000000000000000e+03 2.484706935564134245e+00 2.099778685881018361e-02
1.830000000000000000e+03 2.484393559190274825e+00 2.094297748154424349e-02
1.860000000000000000e+03 2.485578027756197184e+00 2.139563386419148297e-02
1.890000000000000000e+03 2.486164181061524037e+00 2.172423207777223267e-02
1.920000000000000000e+03 2.486409201081084763e+00 2.140243263857968120e-02
1.950000000000000000e+03 2.485878367751601647e+00 2.144165926006285500e-02
1.980000000000000000e+03 2.487051151335117449e+00 2.151612604629075595e-02
2.010000000000000000e+03 2.484720702115155611e+00 2.205708696375325781e-02
2.040000000000000000e+03 2.484793092426897498e+00 2.133930335661707312e-02
2.070000000000000000e+03 2.484348707465631190e+00 2.138143599048645399e-02
2.100000000000000000e+03 2.482000982607261985e+00 2.053582461588649224e-02
2.130000000000000000e+03 2.483191773292640292e+00 2.025943752636239631e-02
2.160000000000000000e+03 2.487277502461368250e+00 1.930371902672511561e-02
2.190000000000000000e+03 2.484115322176504659e+00 1.921622588135161319e-02
2.220000000000000000e+03 2.483638279708400898e+00 1.837306290891618094e-02
2.250000000000000000e+03 2.484013039479809670e+00 1.800206501352595231e-02
2.280000000000000000e+03 2.484609467548644535e+00 1.789747564825280510e-02
2.310000000000000000e+03 2.487279516333450680e+00 1.771183888667738834e-02
2.340000000000000000e+03 2.484933434143100861e+00 1.817984794342081961e-02
2.370000000000000000e+03 2.484080236302091294e+00 1.862192067940077189e-02
2.400000000000000000e+03 2.481140843244050043e+00 1.824898716414488989e-02
2.430000000000000000e+03 2.482624920438381011e+00 1.745722262270734543e-02
2.460000000000000000e+03 2.484521855958459646e+00 1.781248378562428139e-02
2.490000000000000000e+03 2.482971349529331295e+00 1.788071849208375252e-02
2.520000000000000000e+03 2.481935823976362254e+00 1.745694637029380353e-02
2.550000000000000000e+03 2.481471184704680866e+00 1.728123699113108883e-02
2.580000000000000000e+03 2.482377319101640278e+00 1.728682076622711783e-02
2.610000000000000000e+03 2.481842605419250614e+00 1.639280827911656843e-02
2.640000000000000000e+03 2.482839003500761699e+00 1.578178029990470396e-02
2.670000000000000000e+03 2.484673318717033119e+00 1.566805143187984667e-02
2.700000000000000000e+03 2.484978164509608067e+00 1.559625286861000305e-02
2.730000000000000000e+03 2.482451950165506460e+00 1.495620270391864043e-02
2.760000000000000000e+03 2.481717041181947359e+00 1.440667780691354087e-02
2.790000000000000000e+03 2.479747294701066362e+00 1.434361410455931019e-02
2.820000000000000000e+03 2.479685634301758146e+00 1.381695037631654015e-02
2.850000000000000000e+03 2.481939929230662756e+00 1.388501696411994710e-02
2.880000000000000000e+03 2.480208506978582417e+00 1.292285997255515455e-02
2.910000000000000000e+03 2.482378642308058936e+00 1.288233150948125440e-02
2.940000000000000000e+03 2.480944801406989253e+00 1.292395397972110650e-02
2.970000000000000000e+03 2.481913260590602466e+00 1.265729304005435221e-02
3.000000000000000000e+03 2.480376359745124493e+00 1.216003520313614465e-02
3.030000000000000000e+03 2.477151896170822987e+00 1.181283849950406917e-02
3.060000000000000000e+03 2.475517082265193736e+00 1.180179347642465806e-02
3.090000000000000000e+03 2.475821830430518844e+00 1.103434109173882967e-02
3.120000000000000000e+03 2.475670909666205510e+00 1.097584541928247823e-02
3.150000000000000000e+03 2.473741642446781963e+00 1.091122908667393858e-02
3.180000000000000000e+03 2.475460170173844787e+00 1.092884799660907846e-02
3.210000000000000000e+03 2.475469099052693966e+00 1.099604762654466002e-02
3.240000000000000000e+03 2.474371913548555124e+00 1.067487697040406074e-02
3.270000000000000000e+03 2.474391787106945184e+00 1.075655682327591837e-02
3.300000000000000000e+03 2.472721406190274696e+00 1.038244359902819498e-02
3.330000000000000000e+03 2.474578788555365172e+00 9.855097813257621131e-03
3.360000000000000000e+03 2.475225773767836479e+00 1.004272165461160028e-02
3.390000000000000000e+03 2.476202967157262513e+00 1.009654247018650954e-02
3.420000000000000000e+03 2.478297603020942486e+00 1.006770706756595149e-02
3.450000000000000000e+03 2.481101785879006094e+00 1.001098708856595562e-02
3.480000000000000000e+03 2.483830474620101647e+00 1.004169167989293204e-02
3.510000000000000000e+03 2.482645052792538998e+00 9.687664848005407559e-03
3.540000000000000000e+03 2.483267957867877573e+00 9.710305009888630517e-03
3.570000000000000000e+03 2.482930855922603985e+00 9.665472475403584160e-03
3.600000000000000000e+03 2.484386227411393921e+00 9.551786298725797181e-03
3.630000000000000000e+03 2.484143842813900882e+00 9.612225145965694675e-03
3.660000000000000000e+03 2.484316224256033045e+00 9.775459204907178262e-03
3.690000000000000000e+03 2.483864338137019345e+00 9.909151024603195940e-03
3.720000000000000000e+03 2.481727057771671685e+00 1.003916107747772173e-02
3.750000000000000000e+03 2.479591227883870097e+00 1.058805780399590252e-02
3.780000000000000000e+03 2.479033157837617907e+00 1.039739186136835747e-02
3.810000000000000000e+03 2.476571934973839983e+00 1.076968476140195349e-02
3.840000000000000000e+03 2.476364762632504046e+00 1.030671343847079473e-02
3.870000000000000000e+03 2.477830574437492217e+00 1.023404004466664172e-02
3.900000000000000000e+03 2.478675708639041186e+00 1.043451562713195238e-02
3.930000000000000000e+03 2.478459203882280804e+00 1.047289181855826090e-02
3.960000000000000000e+03 2.478188385521190806e+00 1.038840444362982077e-02
3.990000000000000000e+03 2.477717606173022613e+00 1.049180800053367731e-02
4.020000000000000000e+03 2.478254681018823735e+00 1.018369138722636721e-02
4.050000000000000000e+03 2.478769394883899579e+00 1.072224557885430654e-02
4.080000000000000000e+03 2.478134132799845180e+00 1.101374247627342692e-02
4.110000000000000000e+03 2.476700018798968284e+00 1.081563706117092544e-02
4.140000000000000000e+03 2.477662012884702669e+00 1.095003346516779975e-02
4.170000000000000000e+03 2.478105013989571503e+00 1.118053816631190550e-02
4.200000000000000000e+03 2.479221844357410998e+00 1.079903172731711339e-02
4.230000000000000000e+03 2.478543114425532767e+00 1.079470951147098144e-02
4.260000000000000000e+03 2.479367589901198876e+00 1.100435740378348515e-02
4.290000000000000000e+03 2.479008540644015657e+00 1.102626089553577701e-02
4.320000000000000000e+03 2.479695712889665504e+00 1.103870899226381749e-02
4.350000000000000000e+03 2.479683447633834081e+00 1.109063576600879952e-02
4.380000000000000000e+03 2.479868781103652164e+00 1.155396586916488180e-02
4.410000000000000000e+03 2.480924119891723123e+00 1.162719973479083707e-02
4.440000000000000000e+03 2.480088980060552561e+00 1.175944517862076259e-02
4.470000000000000000e+03 2.480691030816459808e+00 1.150121701733023208e-02
4.500000000000000000e+03 2.480079325077941377e+00 1.151759366334845040e-02
4.530000000000000000e+03 2.481603791080833066e+00 1.181846416957029605e-02
4.560000000000000000e+03 2.481269975265871341e+00 1.159059223825032424e-02
4.590000000000000000e+03 2.481794728996062460e+00 1.135152236836711390e-02
4.620000000000000000e+03 2.482146274787774498e+00 1.128567112772581836e-02
4.650000000000000000e+03 2.483377688770736391e+00 1.101666688542875423e-02
4.680000000000000000e+03 2.483847796345124870e+00 1.119582142504170139e-02
4.710000000000000000e+03 2.484272981053183393e+00 1.126753253474898145e-02
4.740000000000000000e+03 2.484547129942445753e+00 1.092324807261170309e-02
4.770000000000000000e+03 2.483635347808251126e+00 1.117458581910690286e-02
4.800000000000000000e+03 2.483280281264010458e+00 1.102134585290050206e-02
4.830000000000000000e+03 2.482918782004859271e+00 1.076619826117315368e-02
4.860000000000000000e+03 2.482060126620961871e+00 1.050387982763437145e-02
4.890000000000000000e+03 2.482995382179628230e+00 1.047072894305173772e-02
4.920000000000000000e+03 2.484455814570934340e+00 1.044283993314058280e-02
4.950000000000000000e+03 2.484618686169769219e+00 1.066159581997465876e-02
4.980000000000000000e+03 2.483749753225209300e+00 1.049774637121493777e-02
5.010000000000000000e+03 2.485550298741515896e+00 1.033347728332852447e-02
5.040000000000000000e+03 2.485564425621756612e+00 1.025334197203306083e-02
5.070000000000000000e+03 2.486608342004057892e+00 1.024631427961788903e-02
5.100000000000000000e+03 2.485847589661853707e+00 1.015927450062016103e-02
5.130000000000000000e+03 2.486212944131153790e+00 1.003246930503876380e-02
5.160000000000000000e+03 2.486595500485157650e+00 1.018694943143608547e-02
5.190000000000000000e+03 2.487115246411440328e+00 9.871440660756729268e-03
5.220000000000000000e+03 2.487209888726480411e+00 9.833960629521392577e-03
5.250000000000000000e+03 2.487604872033320813e+00 9.965323264266218173e-03
5.280000000000000000e+03 2.486244779230790236e+00 9.755132593259410040e-03
5.310000000000000000e+03 2.487489692501232863e+00 9.671190627985054231e-03
5.340000000000000000e+03 2.486530544621829542e+00 9.508656526282350044e-03
5.370000000000000000e+03 2.486662816847717394e+00 9.436253779669443939e-03
5.400000000000000000e+03 2.486086519532458627e+00 9.285645998527767772e-03
5.430000000000000000e+03 2.485569028306141792e+00 9.350827061164374704e-03
5.460000000000000000e+03 2.486600186092362996e+00 9.224741692131076254e-03
5.490000000000000000e+03 2.485215287846767040e+00 9.511211372109170184e-03
5.520000000000000000e+03 2.485771210743478399e+00 9.538693567713290439e-03
5.550000000000000000e+03 2.484773878265092328e+00 9.575644411312318749e-03
5.580000000000000000e+03 2.483748188618041031e+00 9.883517004120689550e-03
5.610000000000000000e+03 2.484276431283181097e+00 9.786007925764393309e-03
5.640000000000000000e+03 2.483297201402187238e+00 9.712224298232255068e-03
5.670000000000000000e+03 2.483975405102678558e+00 9.977264153200037303e-03
5.700000000000000000e+03 2.484230823553473133e+00 1.012960535220563084e-02
5.730000000000000000e+03 2.483858307977758972e+00 1.018215902501574954e-02
5.760000000000000000e+03 2.484077659930738147e+00 1.032360180300613550e-02
5.790000000000000000e+03 2.484488581474271651e+00 1.037331771167172671e-02
5.820000000000000000e+03 2.486287307704019955e+00 1.033827493890908736e-02
5.850000000000000000e+03 2.485215711031703467e+00 1.034920009051610440e-02
5.880000000000000000e+03 2.485790036857112195e+00 1.010378224300395936e-02
5.910000000000000000e+03 2.484940704522839106e+00 9.924870474185634034e-03
5.940000000000000000e+03 2.485218915439698417e+00 9.797749973356884370e-03
5.970000000000000000e+03 2.484877609519005937e+00 9.680015113145678737e-03
6.000000000000000000e+03 2.485036278869960924e+00 9.737712011979475502e-03
6.030000000000000000e+03 2.484611349088641230e+00 9.658136578671098343e-03
6.060000000000000000e+03 2.483867495946887161e+00 9.650887704224592190e-03
6.090000000000000000e+03 2.484937062394870555e+00 9.770434595387010243e-03
6.120000000000000000e+03 2.484618460561014874e+00 9.713478511645272373e-03
6.150000000000000000e+03 2.484577825510481119e+00 1.000580562479087832e-02
6.180000000000000000e+03 2.483819281805395907e+00 1.001439209833674716e-02
6.210000000000000000e+03 2.483947713997230355e+00 9.897739233214247409e-03
6.240000000000000000e+03 2.484073512282916951e+00 1.004127811571782838e-02
6.270000000000000000e+03 2.483552707552261651e+00 1.011688826132957526e-02
6.300000000000000000e+03 2.482971563154004802e+00 1.017650672734958864e-02
6.330000000000000000e+03 2.483822122512853170e+00 1.003780396514421420e-02
6.360000000000000000e+03 2.486182452926411379e+00 1.048119596174294614e-02
6.390000000000000000e+03 2.485122175318582816e+00 1.037560875007297045e-02
6.420000000000000000e+03 2.484982189427879629e+00 1.030461541549622211e-02
6.450000000000000000e+03 2.484802838983150242e+00 1.034590162400394857e-02
6.480000000000000000e+03 2.485506141588208262e+00 9.933255759529139445e-03
6.510000000000000000e+03 2.485131036878282185e+00 9.869917791079461239e-03
6.540000000000000000e+03 2.485486536638149779e+00 9.655779132814295770e-03
6.570000000000000000e+03 2.485935004451792274e+00 9.622889616981640179e-03
6.600000000000000000e+03 2.485804338197979302e+00 9.536565955430707092e-03
6.630000000000000000e+03 2.485257100763952565e+00 9.819078926104018307e-03
6.660000000000000000e+03 2.485112099546426201e+00 9.713548117576624452e-03
6.690000000000000000e+03 2.484839142408860724e+00 9.519492073912044078e-03
6.720000000000000000e+03 2.484168026291418752e+00 9.448924136736527521e-03
6.750000000000000000e+03 2.483771538116462452e+00 9.383337822052790697e-03
6.780000000000000000e+03 2.484687431270120594e+00 9.121401635217232448e-03
6.810000000000000000e+03 2.484202311539807084e+00 9.153686937353912659e-03
6.840000000000000000e+03 2.484102501850041111e+00 8.854916152462952855e-03
6.870000000000000000e+03 2.484177746438771539e+00 8.707832013447302719e-03
6.900000000000000000e+03 2.484502313923860228e+00 8.951540785449858817e-03
6.930000000000000000e+03 2.484701936108569598e+00 9.087801747031196836e-03
6.960000000000000000e+03 2.484134273214649635e+00 9.084914722582869764e-03
6.990000000000000000e+03 2.484195459190588817e+00 8.977586530914512947e-03
7.020000000000000000e+03 2.484395307120894625e+00 8.971159763827415631e-03
7.050000000000000000e+03 2.485898597245962627e+00 9.116597109957626927e-03
7.080000000000000000e+03 2.484665365017613148e+00 9.291926831816323118e-03
7.110000000000000000e+03 2.484604140086154267e+00 9.212642177814617250e-03
7.140000000000000000e+03 2.484349871006163557e+00 9.293447537835907574e-03
7.170000000000000000e+03 2.484414742850142410e+00 9.246183061673454370e-03
7.200000000000000000e+03 2.484594076264032836e+00 9.331938770486594356e-03
7.230000000000000000e+03 2.484715492257667968e+00 9.307562859419259843e-03
7.260000000000000000e+03 2.484544181793715723e+00 9.383274443495284375e-03
7.290000000000000000e+03 2.484706785654227090e+00 9.364440982687800841e-03
7.320000000000000000e+03 2.484451793849798751e+00 9.376263140742125551e-03
7.350000000000000000e+03 2.484032542036484603e+00 9.106222527646309212e-03
7.380000000000000000e+03 2.483990256485855141e+00 8.840128963923282387e-03
7.410000000000000000e+03 2.483394298045706883e+00 8.682460131334735973e-03
7.440000000000000000e+03 2.483588207282800830e+00 8.620380131297299825e-03
7.470000000000000000e+03 2.483055853856665163e+00 8.640960026303720967e-03
7.500000000000000000e+03 2.483458587717160881e+00 8.713469392543356923e-03
7.530000000000000000e+03 2.483881950582433884e+00 8.710143415217754329e-03
7.560000000000000000e+03 2.483536369560793489e+00 8.795916533249894739e-03
7.590000000000000000e+03 2.483146845360312494e+00 8.949563031773355437e-03
7.620000000000000000e+03 2.483131596053412604e+00 8.996170381757975440e-03
7.650000000000000000e+03 2.483649081096679367e+00 8.824537148383208851e-03
7.680000000000000000e+03 2.484277121236900587e+00 8.707882211330999697e-03
7.710000000000000000e+03 2.484239337172225337e+00 8.550343484733817501e-03
7.740000000000000000e+03 2.483773479534219675e+00 8.425411890054921096e-03
7.770000000000000000e+03 2.484299393203050599e+00 8.507682844700993965e-03
7.800000000000000000e+03 2.483726674505349674e+00 8.517732627174581447e-03
7.830000000000000000e+03 2.483692553009146931e+00 8.481100083439028353e-03
7.860000000000000000e+03 2.483821825008678097e+00 8.548488203910757990e-03
7.890000000000000000e+03 2.484539529475687125e+00 8.489181645193402334e-03
7.920000000000000000e+03 2.484126949220604175e+00 8.481804733786568740e-03
7.950000000000000000e+03 2.484636658367942452e+00 8.648209903523978309e-03
7.980000000000000000e+03 2.483728556159004786e+00 8.781712515955953854e-03
8.010000000000000000e+03 2.483551857079969061e+00 8.804436569678900093e-03
8.040000000000000000e+03 2.484369584205896597e+00 8.852348163213607027e-03
8.070000000000000000e+03 2.484010241875567626e+00 8.927080558822381162e-03
8.100000000000000000e+03 2.484997286398189953e+00 8.831389671641799721e-03
8.130000000000000000e+03 2.485195267748522507e+00 8.951747454185943545e-03
8.160000000000000000e+03 2.486069672590702773e+00 8.738033388416933250e-03
8.190000000000000000e+03 2.485512193264702852e+00 8.638365247843282635e-03
8.220000000000000000e+03 2.485567803108711615e+00 8.483788137106599431e-03
8.250000000000000000e+03 2.486050977516294225e+00 8.404040162953568815e-03
8.280000000000000000e+03 2.485515525522246083e+00 8.531415341723943072e-03
8.310000000000000000e+03 2.484664246594872505e+00 8.670556677106120574e-03
8.340000000000000000e+03 2.484837982048189176e+00 8.677533020401792530e-03
8.370000000000000000e+03 2.485325385452666680e+00 8.621362572514305531e-03
8.400000000000000000e+03 2.485677171079831549e+00 8.529503733306390348e-03
8.430000000000000000e+03 2.485222234457080237e+00 8.591342780192950251e-03
8.460000000000000000e+03 2.485943465018416010e+00 8.588498264422504691e-03
8.490000000000000000e+03 2.486119037225592354e+00 8.466693267267368789e-03
8.520000000000000000e+03 2.486563238455840708e+00 8.381419979190030470e-03
8.550000000000000000e+03 2.486171402710556144e+00 8.292504710472709331e-03
8.580000000000000000e+03 2.485854831318277114e+00 8.292623014759055791e-03
8.610000000000000000e+03 2.485845585297065785e+00 8.183807363969775733e-03
8.640000000000000000e+03 2.485993703827498624e+00 8.239422535047235402e-03
8.670000000000000000e+03 2.485614036652312731e+00 8.151872423041203741e-03
8.700000000000000000e+03 2.485194768897834638e+00 8.321403825621203135e-03
8.730000000000000000e+03 2.484548027933008552e+00 8.214624667665277463e-03
8.760000000000000000e+03 2.483580291492551773e+00 8.157501361579470520e-03
8.790000000000000000e+03 2.483863247588932399e+00 8.054393293292265443e-03
8.820000000000000000e+03 2.484232400441678035e+00 8.168948318153027022e-03
8.850000000000000000e+03 2.484817350951301407e+00 8.246611778952707070e-03
8.880000000000000000e+03 2.485028333729362160e+00 8.243904054396025693e-03
8.910000000000000000e+03 2.486501362751809108e+00 8.452109669275367082e-03
8.940000000000000000e+03 2.485476808741447829e+00 8.495108516122798492e-03
8.970000000000000000e+03 2.484863932149989019e+00 8.393302649092137732e-03
9.000000000000000000e+03 2.484235082728663890e+00 8.203369785875458745e-03
9.030000000000000000e+03 2.484333797517606524e+00 8.176515460270072574e-03
9.060000000000000000e+03 2.484689511999071954e+00 8.337487096017847515e-03
9.090000000000000000e+03 2.483945088936403867e+00 8.268608909092133377e-03
9.120000000000000000e+03 2.483739565635256330e+00 8.350272242211159712e-03
9.150000000000000000e+03 2.482986505318928394e+00 8.176082054956051309e-03
9.180000000000000000e+03 2.483165900555369454e+00 8.118683115743870887e-03
9.210000000000000000e+03 2.482876744698774285e+00 7.998697127819217809e-03
9.240000000000000000e+03 2.483734623363438310e+00 7.908456912834536598e-03
9.270000000000000000e+03 2.483401126698386641e+00 7.765270074698286951e-03
9.300000000000000000e+03 2.483388373240977387e+00 7.699295647088514813e-03
9.330000000000000000e+03 2.483758306940164307e+00 7.694635148743777728e-03
9.360000000000000000e+03 2.483234734367423702e+00 7.521495218205220823e-03
9.390000000000000000e+03 2.483238011320002325e+00 7.482026071292566596e-03
9.420000000000000000e+03 2.482962660637655361e+00 7.597227153189097491e-03
9.450000000000000000e+03 2.482719983418124166e+00 7.432597792454171716e-03
9.480000000000000000e+03 2.482912140769277798e+00 7.280183364538360402e-03
9.510000000000000000e+03 2.482981772425076894e+00 7.285937899204240724e-03
9.540000000000000000e+03 2.483047947521654475e+00 7.252206751415996022e-03
9.570000000000000000e+03 2.483856115667564257e+00 7.279582570537252578e-03
9.600000000000000000e+03 2.484061302109802583e+00 7.333435723776976847e-03
9.630000000000000000e+03 2.484420091360436178e+00 7.215301744388369874e-03
9.660000000000000000e+03 2.484371607702880791e+00 7.252220771333022821e-03
9.690000000000000000e+03 2.484690108846654866e+00 7.359269064527378112e-03
9.720000000000000000e+03 2.484184295078041060e+00 7.358813704943783542e-03
9.750000000000000000e+03 2.484913181746853716e+00 7.406502263944271525e-03
9.780000000000000000e+03 2.484531078761906819e+00 7.262482371729246135e-03
9.810000000000000000e+03 2.484485437357947912e+00 7.250842063822359254e-03
9.840000000000000000e+03 2.485742440501935935e+00 7.321040678051534203e-03
9.870000000000000000e+03 2.485969406912476476e+00 7.252075844852066099e-03
9.900000000000000000e+03 2.486196168410163665e+00 7.315760165877171518e-03
9.930000000000000000e+03 2.486553500277451700e+00 7.218666935584472193e-03
9.960000000000000000e+03 2.486535431706088595e+00 7.244959762579543383e-03
9.990000000000000000e+03 2.487822379454552202e+00 7.190919727398440570e-03
1.002000000000000000e+04 2.487319599989601393e+00 7.224829898322201668e-03
1.005000000000000000e+04 2.487769512005328476e+00 7.154913145069264485e-03
1.008000000000000000e+04 2.488032341834749861e+00 6.966377467247253201e-03
1.011000000000000000e+04 2.488631740708906914e+00 7.038241193194392543e-03
1.014000000000000000e+04 2.488542391015921673e+00 7.032478135978208721e-03
1.017000000000000000e+04 2.488490842206422471e+00 7.054932842228249686e-03
1.020000000000000000e+04 2.488749450180161471e+00 7.011954852484365147e-03
1.023000000000000000e+04 2.489051737344887272e+00 6.966878481498627561e-03
1.026000000000000000e+04 2.489175137473898847e+00 6.907936595021987349e-03
1.029000000000000000e+04 2.488736747440785990e+00 6.948634233452316046e-03
1.032000000000000000e+04 2.488992093928825700e+00 7.041176921176086484e-03
1.035000000000000000e+04 2.488663810037865076e+00 7.045088945410690404e-03
1.038000000000000000e+04 2.488557119067290380e+00 6.937631696755737834e-03
1.041000000000000000e+04 2.489052839363866898e+00 6.923269351593201726e-03
1.044000000000000000e+04 2.489365989542455360e+00 6.840009105646725936e-03
1.047000000000000000e+04 2.489850564045684056e+00 6.857220211944395870e-03
1.050000000000000000e+04 2.489792126838286990e+00 6.868627567550565985e-03
1.053000000000000000e+04 2.490085569514870922e+00 6.862267321313428141e-03
1.056000000000000000e+04 2.489979055621390547e+00 6.889103232352346284e-03
1.059000000000000000e+04 2.490598036351983069e+00 6.780767407298013069e-03
1.062000000000000000e+04 2.490309607799454650e+00 6.980199391147058618e-03
1.065000000000000000e+04 2.491353121275873939e+00 6.864093338976761521e-03
1.068000000000000000e+04 2.491109035831590823e+00 6.880351883620998248e-03
1.071000000000000000e+04 2.491510939663641899e+00 6.840726914391997114e-03
1.074000000000000000e+04 2.491612491603191426e+00 6.865962674483002195e-03
1.077000000000000000e+04 2.491792259023436706e+00 6.899015389994098309e-03
1.080000000000000000e+04 2.491837531574232045e+00 6.963358941469082602e-03
1.083000000000000000e+04 2.491713721471047194e+00 7.015976588730519353e-03
1.086000000000000000e+04 2.491248901220832312e+00 6.967437132565855798e-03
1.089000000000000000e+04 2.491511574133302265e+00 6.801929632002486764e-03
1.092000000000000000e+04 2.492678603724602482e+00 6.791312700831058854e-03
1.095000000000000000e+04 2.493088535897367120e+00 6.817219927542395551e-03
1.098000000000000000e+04 2.492703271454944414e+00 6.811475481418995809e-03
1.101000000000000000e+04 2.492090538051704662e+00 6.748689404510589511e-03
1.104000000000000000e+04 2.492560416252386002e+00 6.699854933260332608e-03
1.107000000000000000e+04 2.492480289116105308e+00 6.903629972599780763e-03
1.110000000000000000e+04 2.492310381939947916e+00 6.991390818801353213e-03
1.113000000000000000e+04 2.492496227040025047e+00 6.976396282093041794e-03
1.116000000000000000e+04 2.491932031630486044e+00 7.009593287154250625e-03
1.119000000000000000e+04 2.491994847116321132e+00 6.896342027897821823e-03
1.122000000000000000e+04 2.492194185751984481e+00 6.970115089933637612e-03
1.125000000000000000e+04 2.492595528152764306e+00 6.908574452137427116e-03
1.128000000000000000e+04 2.492333535370794717e+00 6.914714609853903245e-03
1.131000000000000000e+04 2.491674202097584612e+00 6.911396083702001265e-03
1.134000000000000000e+04 2.492028297432947959e+00 6.869877547267214980e-03
1.137000000000000000e+04 2.491575122959495570e+00 6.693742964274345189e-03
1.140000000000000000e+04 2.491446514664784839e+00 6.681444502619938650e-03
1.143000000000000000e+04 2.491651120339430925e+00 6.716895283508454197e-03
1.146000000000000000e+04 2.492031457729876109e+00 6.980032765665608770e-03
1.149000000000000000e+04 2.491423977500784925e+00 6.991705599858987971e-03
1.152000000000000000e+04 2.491707323472586832e+00 7.048475327831221597e-03
1.155000000000000000e+04 2.491399929265597279e+00 6.859217744107221938e-03
1.158000000000000000e+04 2.491046624331938464e+00 6.912776876514202182e-03
1.161000000000000000e+04 2.491402052553306046e+00 6.911394717673827008e-03
1.164000000000000000e+04 2.491578419043654513e+00 6.944943203619571154e-03
1.167000000000000000e+04 2.491632594648114818e+00 6.948409253930846845e-03
1.170000000000000000e+04 2.491407531711948842e+00 6.912012925458051703e-03
1.173000000000000000e+04 2.491445155609473439e+00 6.967778574400877549e-03
1.176000000000000000e+04 2.491734894797225319e+00 6.919529798464676106e-03
1.179000000000000000e+04 2.492289430558643382e+00 6.864452065176209102e-03
1.182000000000000000e+04 2.492692715889965882e+00 6.916445292649634792e-03
1.185000000000000000e+04 2.492188536044805058e+00 6.925785979076443458e-03
1.188000000000000000e+04 2.492353019906045297e+00 6.925522711772462946e-03
1.191000000000000000e+04 2.492217809446548138e+00 6.922269338037072284e-03
1.194000000000000000e+04 2.492372520556622728e+00 6.883773745289260143e-03
1.197000000000000000e+04 2.492179554308319833e+00 6.769571645616008840e-03
1.200000000000000000e+04 2.492284937465252259e+00 6.727771152271259415e-03
1.203000000000000000e+04 2.492605963914811706e+00 6.674564872642957912e-03
1.206000000000000000e+04 2.491982160229929022e+00 6.641112970583433299e-03
1.209000000000000000e+04 2.491519489529435472e+00 6.575357793486353436e-03
1.212000000000000000e+04 2.491469362648924601e+00 6.528081027072963477e-03
1.215000000000000000e+04 2.491468768643171572e+00 6.571731681937515931e-03
1.218000000000000000e+04 2.491258018895550652e+00 6.548504460668931083e-03
1.221000000000000000e+04 2.491475978837557559e+00 6.598542351207626992e-03
1.224000000000000000e+04 2.491156761306104528e+00 6.626692325858987362e-03
1.227000000000000000e+04 2.491519385580131640e+00 6.670283200795040258e-03
1.230000000000000000e+04 2.491219891838521772e+00 6.700656733215806793e-03
1.233000000000000000e+04 2.491062524230520658e+00 6.754167237063669199e-03
1.236000000000000000e+04 2.491511489766193410e+00 6.801678227484617319e-03
1.239000000000000000e+04 2.491823051469157502e+00 6.840863711897755134e-03
1.242000000000000000e+04 2.491298301810207505e+00 6.685312232782614911e-03
1.245000000000000000e+04 2.490811454459054275e+00 6.666923849237286342e-03
1.248000000000000000e+04 2.491107847812280784e+00 6.646234380026704545e-03
1.251000000000000000e+04 2.491457409930379896e+00 6.493431424129636823e-03
1.254000000000000000e+04 2.491209925169529882e+00 6.449852791343739511e-03
1.257000000000000000e+04 2.491372756782812559e+00 6.404591382292972729e-03
1.260000000000000000e+04 2.491737465086072856e+00 6.385462708851511078e-03
1.263000000000000000e+04 2.491496376602996499e+00 6.376023506954933522e-03
1.266000000000000000e+04 2.491621461440571395e+00 6.325767170344135000e-03
1.269000000000000000e+04 2.490808509867023623e+00 6.311834317651269545e-03
1.272000000000000000e+04 2.491442982679616058e+00 6.469454926666776649e-03
1.275000000000000000e+04 2.491815328132871432e+00 6.455009574084338494e-03
1.278000000000000000e+04 2.492194877355741411e+00 6.521638554978947087e-03
1.281000000000000000e+04 2.491993327719800977e+00 6.535318899209527181e-03
1.284000000000000000e+04 2.492018456651685643e+00 6.643931968207631746e-03
1.287000000000000000e+04 2.492250300280841824e+00 6.611918258814200589e-03
1.290000000000000000e+04 2.492094660752733670e+00 6.497952580569537305e-03
1.293000000000000000e+04 2.492347835950787349e+00 6.599223778988964027e-03
1.296000000000000000e+04 2.491910921692082059e+00 6.658835548061392377e-03
1.299000000000000000e+04 2.491835270354937570e+00 6.587442138367504731e-03
1.302000000000000000e+04 2.491609816279636291e+00 6.545621162257660164e-03
1.305000000000000000e+04 2.491976961201921359e+00 6.528234973333378252e-03
1.308000000000000000e+04 2.492261099801098556e+00 6.495800394897149194e-03
1.311000000000000000e+04 2.492663163819759387e+00 6.559744777023522079e-03
1.314000000000000000e+04 2.493148781333516251e+00 6.555011997625643030e-03
1.317000000000000000e+04 2.493266901903741228e+00 6.574093171646755440e-03
1.320000000000000000e+04 2.493774549899398618e+00 6.454498915771370547e-03
1.323000000000000000e+04 2.493224107383652743e+00 6.547270163354960634e-03
1.326000000000000000e+04 2.492728053425999235e+00 6.487293349887184209e-03
1.329000000000000000e+04 2.492777323711145243e+00 6.553391002991452996e-03
1.332000000000000000e+04 2.492900524198138790e+00 6.431467797811266443e-03
1.335000000000000000e+04 2.493511182913069391e+00 6.347770075484429446e-03
1.338000000000000000e+04 2.494107978951449756e+00 6.449075970631977864e-03
1.341000000000000000e+04 2.494245435489047757e+00 6.424952913427824965e-03
1.344000000000000000e+04 2.494320043092390637e+00 6.377691545205417707e-03
1.347000000000000000e+04 2.494334863739931407e+00 6.375807136410714150e-03
1.350000000000000000e+04 2.494733651556674481e+00 6.438700263489425049e-03
1.353000000000000000e+04 2.494938345814157188e+00 6.428950482798215585e-03
1.356000000000000000e+04 2.494712061557198268e+00 6.361992536419211475e-03
1.359000000000000000e+04 2.495309667139819609e+00 6.384705776806883643e-03
1.362000000000000000e+04 2.495464268765464677e+00 6.494966073605106839e-03
1.365000000000000000e+04 2.495192783142579529e+00 6.461022567662696656e-03
1.368000000000000000e+04 2.495379453767533118e+00 6.483697617317957240e-03
1.371000000000000000e+04 2.495726228098425370e+00 6.313930369936890732e-03
1.374000000000000000e+04 2.495669545091688590e+00 6.276874988200023542e-03
1.377000000000000000e+04 2.495931860289236859e+00 6.256048091878792065e-03
1.380000000000000000e+04 2.495673400798637420e+00 6.314435951604547084e-03
1.383000000000000000e+04 2.495837868481119326e+00 6.355720136168665352e-03
1.386000000000000000e+04 2.495211908044148164e+00 6.306173483869340415e-03
1.389000000000000000e+04 2.494913130429695425e+00 6.355641630579132728e-03
1.392000000000000000e+04 2.494695792734378692e+00 6.292418541005576418e-03
1.395000000000000000e+04 2.495037232831093021e+00 6.355591846343395385e-03
1.398000000000000000e+04 2.495262751882897589e+00 6.344584342313965702e-03
1.401000000000000000e+04 2.495278001012372737e+00 6.296260973489872619e-03
1.404000000000000000e+04 2.495613259211555857e+00 6.275321172447966868e-03
1.407000000000000000e+04 2.495306080984686314e+00 6.331122128966586333e-03
1.410000000000000000e+04 2.495093217877598413e+00 6.343772403727868103e-03
1.413000000000000000e+04 2.495152712832186204e+00 6.323332476987179006e-03
1.416000000000000000e+04 2.495315092427772719e+00 6.324153984838931652e-03
1.419000000000000000e+04 2.495255878579903719e+00 6.380621738041482478e-03
1.422000000000000000e+04 2.495191903809091283e+00 6.337572534686869950e-03
1.425000000000000000e+04 2.495317147145474035e+00 6.283614391029242706e-03
1.428000000000000000e+04 2.495082832602587342e+00 6.140290043534731880e-03
1.431000000000000000e+04 2.495351178182184437e+00 6.085216325821528674e-03
1.434000000000000000e+04 2.495666588669831043e+00 6.112281868234301953e-03
1.437000000000000000e+04 2.496148926594317530e+00 6.222546214748261514e-03
1.440000000000000000e+04 2.495905205836003837e+00 6.311051074302262941e-03
1.443000000000000000e+04 2.496403288710689505e+00 6.290019303305454529e-03
1.446000000000000000e+04 2.496361955090161455e+00 6.332045767595406195e-03
1.449000000000000000e+04 2.496010225265026694e+00 6.413388359149654362e-03
1.452000000000000000e+04 2.495719004966717058e+00 6.445328653990778367e-03
1.455000000000000000e+04 2.495739016445311709e+00 6.494636870298591685e-03
1.458000000000000000e+04 2.495455455182453264e+00 6.520888122710985328e-03
1.461000000000000000e+04 2.495443143408840214e+00 6.542786623158588187e-03
1.464000000000000000e+04 2.495549194777752167e+00 6.519749870150728412e-03
1.467000000000000000e+04 2.495542474053055404e+00 6.408226892637331612e-03
1.470000000000000000e+04 2.495615485680729329e+00 6.364509365900983956e-03
1.473000000000000000e+04 2.495612201978835376e+00 6.434071767331939716e-03
1.476000000000000000e+04 2.495173803623510267e+00 6.353303836190020253e-03
1.479000000000000000e+04 2.495404771745327821e+00 6.360117144885545602e-03
1.482000000000000000e+04 2.495521700627151951e+00 6.338290883136838728e-03
1.485000000000000000e+04 2.495847054381988173e+00 6.352248117113009837e-03
1.488000000000000000e+04 2.495500811310605194e+00 6.301008307006641766e-03
1.491000000000000000e+04 2.495905583622424206e+00 6.325129937015863853e-03
1.494000000000000000e+04 2.495986909365600859e+00 6.332405631258927227e-03
1.497000000000000000e+04 2.496093570384738669e+00 6.296888181069814142e-03
1.500000000000000000e+04 2.496617946305379920e+00 6.350440355363812760e-03
