# # n, sigma
3.000000000000000000e+01 2.326612635746278634e+00 1.158036274253643749e-01
6.000000000000000000e+01 2.326501845736736129e+00 5.611461949306022212e-02
9.000000000000000000e+01 2.517184501709837097e+00 7.859308254692012885e-02
1.200000000000000000e+02 2.298952544884877991e+00 6.088188161527242903e-02
1.500000000000000000e+02 2.552230428448283295e+00 5.855163783802046218e-02
1.800000000000000000e+02 2.545378353099107649e+00 4.381126588777847081e-02
2.100000000000000000e+02 2.533237409622940195e+00 4.219743579446130072e-02
2.400000000000000000e+02 2.533016791088718911e+00 4.463514143068463003e-02
2.700000000000000000e+02 2.522825532045951835e+00 4.139528896317231504e-02
3.000000000000000000e+02 2.532459622771191743e+00 4.053269399586834076e-02
3.300000000000000000e+02 2.537611078529659281e+00 3.936674472835553773e-02
3.600000000000000000e+02 2.539062388222765865e+00 3.709707518435081258e-02
3.900000000000000000e+02 2.537439023443044395e+00 3.350244026290495614e-02
4.200000000000000000e+02 2.542112157131882544e+00 3.541864570126264378e-02
4.500000000000000000e+02 2.542855474330051990e+00 3.651482855092122448e-02
4.800000000000000000e+02 2.536193151087019260e+00 4.139138245564301377e-02
5.100000000000000000e+02 2.540309833912186122e+00 4.162747849945507006e-02
5.400000000000000000e+02 2.525460793802508430e+00 4.291751510554382698e-02
5.700000000000000000e+02 2.508364328992221282e+00 3.870973528852915402e-02
6.000000000000000000e+02 2.505152690668640769e+00 3.744865581866725635e-02
6.300000000000000000e+02 2.511233665402976989e+00 3.974183934663108597e-02
6.600000000000000000e+02 2.528373425818022380e+00 4.203954977429792683e-02
6.900000000000000000e+02 2.512484453150652719e+00 3.809089394998745742e-02
7.200000000000000000e+02 2.504546138378267450e+00 3.875219859911593207e-02
7.500000000000000000e+02 2.493181107696517795e+00 3.751215238481602626e-02
7.800000000000000000e+02 2.493444921874882869e+00 3.479782024474346175e-02
8.100000000000000000e+02 2.493973194006036564e+00 3.411923375850722112e-02
8.400000000000000000e+02 2.499286309742288825e+00 3.411512976290693999e-02
8.700000000000000000e+02 2.486153714806837556e+00 3.397669597577061829e-02
9.000000000000000000e+02 2.481426952113889861e+00 3.277487562470665639e-02
9.300000000000000000e+02 2.480970188917082986e+00 3.173850124040526050e-02
9.600000000000000000e+02 2.475688278642374840e+00 3.186175009427529708e-02
9.900000000000000000e+02 2.473519108130013411e+00 2.916106922499939538e-02
1.020000000000000000e+03 2.473386864037039334e+00 2.936165527776724710e-02
1.050000000000000000e+03 2.463809998715358773e+00 2.660519772236656297e-02
1.080000000000000000e+03 2.461506229836485815e+00 2.536757652468023261e-02
1.110000000000000000e+03 2.471556896302085082e+00 2.516012728135649107e-02
1.140000000000000000e+03 2.479969815790241228e+00 2.356458433611105519e-02
1.170000000000000000e+03 2.475913782334758118e+00 2.347139273533699333e-02
1.200000000000000000e+03 2.488216474853023552e+00 2.222269046516515620e-02
1.230000000000000000e+03 2.495167554338654003e+00 2.074740767138567865e-02
1.260000000000000000e+03 2.496607292596236150e+00 1.955934501075129450e-02
1.290000000000000000e+03 2.494652637798669303e+00 1.924821673270241118e-02
1.320000000000000000e+03 2.495028053288826708e+00 1.868420567657042008e-02
1.350000000000000000e+03 2.495848825741041388e+00 1.843606018799033575e-02
1.380000000000000000e+03 2.493071938475283300e+00 1.908909995717083044e-02
1.410000000000000000e+03 2.493126361911921052e+00 1.840876982777974596e-02
1.440000000000000000e+03 2.489858248228648652e+00 1.766567424883062204e-02
1.470000000000000000e+03 2.489070610210361245e+00 1.825868197082609196e-02
1.500000000000000000e+03 2.494076360385082403e+00 1.857322157748324265e-02
1.530000000000000000e+03 2.501341049066436728e+00 1.862871696473323083e-02
1.560000000000000000e+03 2.501578027347099553e+00 1.836601902813092546e-02
1.590000000000000000e+03 2.499511923456559703e+00 1.879480793510242623e-02
1.620000000000000000e+03 2.498092546597765029e+00 1.780829654388669386e-02
1.650000000000000000e+03 2.501479309801453166e+00 1.691863941023456080e-02
1.680000000000000000e+03 2.500710836694968631e+00 1.627257568092844997e-02
1.710000000000000000e+03 2.503721429236362539e+00 1.644542170737987516e-02
1.740000000000000000e+03 2.503340108762221128e+00 1.619954783183881822e-02
1.770000000000000000e+03 2.503636458689070476e+00 1.616567410004304470e-02
1.800000000000000000e+03 2.505062285945789835e+00 1.507651893777069152e-02
1.830000000000000000e+03 2.505375931220923391e+00 1.519791481942033180e-02
1.860000000000000000e+03 2.510451703540122370e+00 1.490625573342838420e-02
1.890000000000000000e+03 2.509011469296510644e+00 1.540359249558614398e-02
1.920000000000000000e+03 2.509994540809397101e+00 1.520733607544215091e-02
1.950000000000000000e+03 2.512544557447200066e+00 1.497406864933610235e-02
1.980000000000000000e+03 2.512092111923956761e+00 1.537321696005185603e-02
2.010000000000000000e+03 2.514349163036317059e+00 1.554709967525472018e-02
2.040000000000000000e+03 2.514641857840654193e+00 1.590434960397152028e-02
2.070000000000000000e+03 2.513854565680500475e+00 1.548348303793270139e-02
2.100000000000000000e+03 2.515802356090998781e+00 1.493517559134798986e-02
2.130000000000000000e+03 2.519241791865001634e+00 1.460178210122277387e-02
2.160000000000000000e+03 2.516784960372604019e+00 1.365383546249664300e-02
2.190000000000000000e+03 2.517574335671024510e+00 1.366800408875185578e-02
2.220000000000000000e+03 2.516140689716024337e+00 1.389711421893937739e-02
2.250000000000000000e+03 2.514589874187241669e+00 1.324542323680885127e-02
2.280000000000000000e+03 2.515273906036491258e+00 1.347845984750875060e-02
2.310000000000000000e+03 2.514859779576692933e+00 1.358508088880908821e-02
2.340000000000000000e+03 2.515731159266854089e+00 1.382060774358455542e-02
2.370000000000000000e+03 2.517764222369793803e+00 1.336560718132057471e-02
2.400000000000000000e+03 2.519826050762239866e+00 1.327874226170126792e-02
2.430000000000000000e+03 2.518496061192233793e+00 1.339293739897301494e-02
2.460000000000000000e+03 2.515451345867928623e+00 1.309676898533374337e-02
2.490000000000000000e+03 2.514609663696344644e+00 1.276476973273030745e-02
2.520000000000000000e+03 2.514910919641008658e+00 1.307048310535540055e-02
2.550000000000000000e+03 2.514553851094811332e+00 1.316316298623240733e-02
2.580000000000000000e+03 2.515772973289459369e+00 1.343839774834892746e-02
2.610000000000000000e+03 2.514853410068651929e+00 1.365574258237136837e-02
2.640000000000000000e+03 2.512755302013346181e+00 1.338367196773544363e-02
2.670000000000000000e+03 2.512397195720621923e+00 1.367770978612869136e-02
2.700000000000000000e+03 2.512272795253459368e+00 1.372807145963143675e-02
2.730000000000000000e+03 2.512607177493809463e+00 1.400151330443911296e-02
2.760000000000000000e+03 2.514491368882949995e+00 1.440111164505190021e-02
2.790000000000000000e+03 2.514821901325549280e+00 1.395573448209230100e-02
2.820000000000000000e+03 2.515490924384106375e+00 1.391185763481935130e-02
2.850000000000000000e+03 2.514632060039274641e+00 1.421087196917359373e-02
2.880000000000000000e+03 2.513957342207212786e+00 1.437771693708291866e-02
2.910000000000000000e+03 2.514156807491336298e+00 1.440984487581201470e-02
2.940000000000000000e+03 2.516662303930453870e+00 1.453377995501648270e-02
2.970000000000000000e+03 2.517602252466094814e+00 1.437124304758891080e-02
3.000000000000000000e+03 2.516536175762174032e+00 1.490561710506779769e-02
3.030000000000000000e+03 2.517327165252117194e+00 1.492120794447794954e-02
3.060000000000000000e+03 2.515608784603702741e+00 1.441131968669392797e-02
3.090000000000000000e+03 2.514881921466305403e+00 1.420324379292463822e-02
3.120000000000000000e+03 2.513136166735855159e+00 1.430620046692408602e-02
3.150000000000000000e+03 2.513271815749317017e+00 1.400474850187173430e-02
3.180000000000000000e+03 2.513144399006034035e+00 1.415719586567931905e-02
3.210000000000000000e+03 2.514048462466136336e+00 1.424903361965735790e-02
3.240000000000000000e+03 2.511608708396952494e+00 1.429868854895914067e-02
3.270000000000000000e+03 2.512295432999032574e+00 1.426167001291299766e-02
3.300000000000000000e+03 2.513411626442239477e+00 1.434238074041605318e-02
3.330000000000000000e+03 2.513839201188885042e+00 1.424027778188412773e-02
3.360000000000000000e+03 2.514418032906722278e+00 1.383938042090115776e-02
3.390000000000000000e+03 2.513125803647743961e+00 1.346345243435976245e-02
3.420000000000000000e+03 2.513601321045398240e+00 1.335196558213723982e-02
3.450000000000000000e+03 2.512775047778068149e+00 1.310635072415174823e-02
3.480000000000000000e+03 2.513752069065668060e+00 1.310413467040798252e-02
3.510000000000000000e+03 2.513456334694457173e+00 1.296852330585619717e-02
3.540000000000000000e+03 2.514381783224703071e+00 1.262144457171663833e-02
3.570000000000000000e+03 2.512200285808981359e+00 1.231626357570368355e-02
3.600000000000000000e+03 2.513117255363968905e+00 1.252593337356208009e-02
3.630000000000000000e+03 2.512010638508073157e+00 1.240584009643863964e-02
3.660000000000000000e+03 2.511121590418269989e+00 1.233895995306467062e-02
3.690000000000000000e+03 2.511855397309211924e+00 1.202627851757712314e-02
3.720000000000000000e+03 2.513077416076685999e+00 1.235455630510724767e-02
3.750000000000000000e+03 2.513136786990756821e+00 1.218133725422225824e-02
3.780000000000000000e+03 2.510887069472353073e+00 1.204831873412014892e-02
3.810000000000000000e+03 2.509799535310372587e+00 1.183655345685283126e-02
3.840000000000000000e+03 2.509416368102167283e+00 1.216395553428674565e-02
3.870000000000000000e+03 2.508965705110736355e+00 1.223784197842156703e-02
3.900000000000000000e+03 2.507524776800882371e+00 1.225389162459477113e-02
3.930000000000000000e+03 2.507826613745881783e+00 1.226767454795056611e-02
3.960000000000000000e+03 2.507648038514980637e+00 1.226713916419477218e-02
3.990000000000000000e+03 2.506359769612676036e+00 1.227319176695270027e-02
4.020000000000000000e+03 2.508197213200922260e+00 1.238687241055260249e-02
4.050000000000000000e+03 2.508417566973883961e+00 1.221382620045791123e-02
4.080000000000000000e+03 2.507853355760095937e+00 1.241572869949081163e-02
4.110000000000000000e+03 2.507659582199208703e+00 1.189653406849697746e-02
4.140000000000000000e+03 2.507757038148302087e+00 1.183558959559542247e-02
4.170000000000000000e+03 2.509438324094533268e+00 1.164826511149653909e-02
4.200000000000000000e+03 2.508905884095830263e+00 1.201105152765502386e-02
4.230000000000000000e+03 2.509614518064125388e+00 1.181307196290770113e-02
4.260000000000000000e+03 2.508851938184272434e+00 1.192213108923134528e-02
4.290000000000000000e+03 2.508914906190868432e+00 1.164760994852637351e-02
4.320000000000000000e+03 2.508688917621433756e+00 1.145700061899270969e-02
4.350000000000000000e+03 2.509107222785009306e+00 1.165999528433431069e-02
4.380000000000000000e+03 2.509153984202730836e+00 1.163181771487888094e-02
4.410000000000000000e+03 2.509470217205648890e+00 1.171352926699318481e-02
4.440000000000000000e+03 2.508939085511515898e+00 1.188535880211066993e-02
4.470000000000000000e+03 2.509608875424769625e+00 1.205883227963774375e-02
4.500000000000000000e+03 2.509305185786574910e+00 1.167280538884094346e-02
4.530000000000000000e+03 2.508698410258042077e+00 1.172578083838596817e-02
4.560000000000000000e+03 2.508550953886169221e+00 1.187396503895170319e-02
4.590000000000000000e+03 2.509007003020271576e+00 1.189956773004523412e-02
4.620000000000000000e+03 2.507345036763232393e+00 1.186860579528901255e-02
4.650000000000000000e+03 2.506060131769801913e+00 1.222846057513672993e-02
4.680000000000000000e+03 2.505540825940167249e+00 1.224385131652257555e-02
4.710000000000000000e+03 2.504606472620850344e+00 1.206546343529638077e-02
4.740000000000000000e+03 2.503521308973291504e+00 1.195385391622746582e-02
4.770000000000000000e+03 2.502975886400736982e+00 1.174068022473725471e-02
4.800000000000000000e+03 2.503689372070396768e+00 1.181570454732772286e-02
4.830000000000000000e+03 2.503689571224212429e+00 1.190646506250402428e-02
4.860000000000000000e+03 2.502481708899918722e+00 1.180891295689071377e-02
4.890000000000000000e+03 2.501537487486541700e+00 1.189687287116127958e-02
4.920000000000000000e+03 2.502633892276023619e+00 1.200769200339298765e-02
4.950000000000000000e+03 2.504412804545671722e+00 1.189628623421751762e-02
4.980000000000000000e+03 2.502868028029377800e+00 1.175204516176071336e-02
5.010000000000000000e+03 2.503733086449596357e+00 1.170736939059923917e-02
5.040000000000000000e+03 2.503488378575125406e+00 1.179285818899895519e-02
5.070000000000000000e+03 2.502872359727954521e+00 1.161898113818123253e-02
5.100000000000000000e+03 2.501361356995189578e+00 1.155891237828827155e-02
5.130000000000000000e+03 2.504028336355511808e+00 1.150209954881478529e-02
5.160000000000000000e+03 2.504999852388409831e+00 1.152042231416872294e-02
5.190000000000000000e+03 2.504490331515852208e+00 1.133241080099350873e-02
5.220000000000000000e+03 2.504333817560054243e+00 1.148222694797085101e-02
5.250000000000000000e+03 2.503574072969220410e+00 1.152558856898070958e-02
5.280000000000000000e+03 2.504158410312423477e+00 1.151554340672701453e-02
5.310000000000000000e+03 2.503316064723445589e+00 1.161056593436447792e-02
5.340000000000000000e+03 2.502207459445939808e+00 1.154209359652386135e-02
5.370000000000000000e+03 2.501956458742085498e+00 1.160418437824875700e-02
5.400000000000000000e+03 2.501831981041606312e+00 1.152084688998005792e-02
5.430000000000000000e+03 2.502325892962914633e+00 1.158195939425987753e-02
5.460000000000000000e+03 2.502637656542479050e+00 1.140252924812914549e-02
5.490000000000000000e+03 2.502529204188575829e+00 1.117166733473270480e-02
5.520000000000000000e+03 2.502118054368466016e+00 1.112771594203636541e-02
5.550000000000000000e+03 2.501454020269589851e+00 1.101422672258996725e-02
5.580000000000000000e+03 2.500572147420781821e+00 1.094135384430651795e-02
5.610000000000000000e+03 2.501162135816696441e+00 1.102005014488019290e-02
5.640000000000000000e+03 2.500859080596313344e+00 1.104392156694914209e-02
5.670000000000000000e+03 2.500302316279711778e+00 1.116734801345766956e-02
5.700000000000000000e+03 2.499768066046651249e+00 1.118513730762494239e-02
5.730000000000000000e+03 2.499096868010103112e+00 1.111385812001694680e-02
5.760000000000000000e+03 2.499074066791835858e+00 1.096764306280812243e-02
5.790000000000000000e+03 2.499361620227761538e+00 1.076435628716308074e-02
5.820000000000000000e+03 2.498076132595326904e+00 1.068343206761606171e-02
5.850000000000000000e+03 2.498986166951156385e+00 1.047516363978521527e-02
5.880000000000000000e+03 2.499090260402255570e+00 1.072795090999615134e-02
5.910000000000000000e+03 2.499607569837398291e+00 1.090529984807416322e-02
5.940000000000000000e+03 2.499773496553273855e+00 1.062452789370718631e-02
5.970000000000000000e+03 2.499074177755810755e+00 1.044760185402280293e-02
6.000000000000000000e+03 2.497598358597655999e+00 1.026793305852458267e-02
6.030000000000000000e+03 2.498291813764574432e+00 1.054211788015236607e-02
6.060000000000000000e+03 2.498111375154017377e+00 1.052963956980631360e-02
6.090000000000000000e+03 2.498274356266950935e+00 1.054552169568261435e-02
6.120000000000000000e+03 2.497509058284600680e+00 1.045357818901680551e-02
6.150000000000000000e+03 2.498346122945831915e+00 1.037482800801260881e-02
6.180000000000000000e+03 2.499136688094271364e+00 1.034260990060736560e-02
6.210000000000000000e+03 2.499885999645258039e+00 1.014280312506205678e-02
6.240000000000000000e+03 2.499802131940953576e+00 9.986379454355553270e-03
6.270000000000000000e+03 2.499544219193372996e+00 9.946838450568889003e-03
6.300000000000000000e+03 2.500472250219517356e+00 9.754033455767103372e-03
6.330000000000000000e+03 2.500734773187848425e+00 9.660110520580134086e-03
6.360000000000000000e+03 2.501764291343921087e+00 9.608406905344176255e-03
6.390000000000000000e+03 2.501409810665955913e+00 9.556512803748782453e-03
6.420000000000000000e+03 2.501450761874373985e+00 9.491398615301615063e-03
6.450000000000000000e+03 2.500551396885927868e+00 9.427233311648476263e-03
6.480000000000000000e+03 2.500334844136840040e+00 9.412179916107297345e-03
6.510000000000000000e+03 2.500052430530748548e+00 9.562789036828764355e-03
6.540000000000000000e+03 2.499787904002195749e+00 9.578554363549020290e-03
6.570000000000000000e+03 2.499993720477103665e+00 9.271726227446765514e-03
6.600000000000000000e+03 2.499963207805450782e+00 9.101446213743846422e-03
6.630000000000000000e+03 2.500593146313433213e+00 9.083982314127372545e-03
6.660000000000000000e+03 2.499862859648192437e+00 9.217494129010326415e-03
6.690000000000000000e+03 2.499525906924610297e+00 9.318240992354381164e-03
6.720000000000000000e+03 2.499143910315104300e+00 9.302836023864479928e-03
6.750000000000000000e+03 2.499535949882963681e+00 9.240107940043491841e-03
6.780000000000000000e+03 2.499292093748492594e+00 9.189962199638357365e-03
6.810000000000000000e+03 2.499153280483081829e+00 9.366637534396657708e-03
6.840000000000000000e+03 2.499263205629137730e+00 9.416504758179308418e-03
6.870000000000000000e+03 2.498735313105886924e+00 9.517049537333982512e-03
6.900000000000000000e+03 2.499476630127376087e+00 9.323733608523888244e-03
6.930000000000000000e+03 2.500836668119663653e+00 9.378735303578017782e-03
6.960000000000000000e+03 2.501468311240704345e+00 9.272680110274950788e-03
6.990000000000000000e+03 2.501417952345086348e+00 9.281614545661953652e-03
7.020000000000000000e+03 2.502279038930315114e+00 9.280507873053216866e-03
7.050000000000000000e+03 2.503189065314780581e+00 9.454616550592152488e-03
7.080000000000000000e+03 2.503184687531679220e+00 9.402970224857649939e-03
7.110000000000000000e+03 2.503141487631796558e+00 9.159632040642530157e-03
7.140000000000000000e+03 2.504042388684574405e+00 9.100318913839826329e-03
7.170000000000000000e+03 2.504452992852631343e+00 9.055750772688834355e-03
7.200000000000000000e+03 2.504416687981964262e+00 9.134332547498534571e-03
7.230000000000000000e+03 2.504550514682295503e+00 9.067226101191084436e-03
7.260000000000000000e+03 2.504726038153930467e+00 9.065799348229867938e-03
7.290000000000000000e+03 2.504813224633053004e+00 9.069251493781555970e-03
7.320000000000000000e+03 2.505251291072355446e+00 9.188148419349772070e-03
7.350000000000000000e+03 2.504845617362167154e+00 9.386475201089346590e-03
7.380000000000000000e+03 2.505163665566109366e+00 9.408851058459122285e-03
7.410000000000000000e+03 2.504916837994304313e+00 9.414060057623312508e-03
7.440000000000000000e+03 2.504866118842201672e+00 9.388223071517020832e-03
7.470000000000000000e+03 2.505764703898111456e+00 9.485978321007811423e-03
7.500000000000000000e+03 2.506042100640899495e+00 9.534670044215083282e-03
7.530000000000000000e+03 2.507287229029494746e+00 9.503367772355671150e-03
7.560000000000000000e+03 2.507283977587139390e+00 9.365371930243589563e-03
7.590000000000000000e+03 2.507171129640090701e+00 9.361128049774392751e-03
7.620000000000000000e+03 2.506429223091243497e+00 9.209395167858926839e-03
7.650000000000000000e+03 2.506155087034334539e+00 9.223401529286093248e-03
7.680000000000000000e+03 2.506374374251745252e+00 9.045208500703689342e-03
7.710000000000000000e+03 2.506519127120613533e+00 9.010512481908808033e-03
7.740000000000000000e+03 2.506427407788239581e+00 9.070778292654714525e-03
7.770000000000000000e+03 2.507189474910893168e+00 9.015246112201868653e-03
7.800000000000000000e+03 2.507122423676914735e+00 9.038239844280518756e-03
7.830000000000000000e+03 2.507458991352319533e+00 8.995880010715519987e-03
7.860000000000000000e+03 2.507424930138920871e+00 9.057321673820933200e-03
7.890000000000000000e+03 2.506876107260938014e+00 9.144378875805684800e-03
7.920000000000000000e+03 2.506348894526564841e+00 9.231781439724567190e-03
7.950000000000000000e+03 2.506574628679398398e+00 9.221915971460556763e-03
7.980000000000000000e+03 2.506297517875873737e+00 9.001010156167325860e-03
8.010000000000000000e+03 2.507017496322126782e+00 8.853279376643669735e-03
8.040000000000000000e+03 2.507337980712110781e+00 8.867805158607749635e-03
8.070000000000000000e+03 2.506964102184028320e+00 8.783314395719650156e-03
8.100000000000000000e+03 2.507160124126763368e+00 8.737970131471742632e-03
8.130000000000000000e+03 2.507554556329547157e+00 8.817279420858742736e-03
8.160000000000000000e+03 2.507496134364380680e+00 8.701711873420937132e-03
8.190000000000000000e+03 2.508227399073567288e+00 8.657732387793295320e-03
8.220000000000000000e+03 2.508319449501226650e+00 8.654676037245246853e-03
8.250000000000000000e+03 2.508291273736198868e+00 8.601678674439649716e-03
8.280000000000000000e+03 2.507975883029778252e+00 8.672451503359629443e-03
8.310000000000000000e+03 2.508135358792077163e+00 8.617726278841698895e-03
8.340000000000000000e+03 2.507914530753597937e+00 8.688279166885142998e-03
8.370000000000000000e+03 2.507809351051415891e+00 8.736674621534918847e-03
8.400000000000000000e+03 2.508006005048267095e+00 8.709575185210276585e-03
8.430000000000000000e+03 2.508158744752891245e+00 8.580390275256576452e-03
8.460000000000000000e+03 2.507632954588231655e+00 8.662764980876999296e-03
8.490000000000000000e+03 2.507662018708342710e+00 8.672747784650771188e-03
8.520000000000000000e+03 2.507109746528035643e+00 8.595669942461792862e-03
8.550000000000000000e+03 2.507118203076638796e+00 8.576747073848846326e-03
8.580000000000000000e+03 2.506931102407770506e+00 8.572373764258064271e-03
8.610000000000000000e+03 2.507810887683871837e+00 8.687669895495086364e-03
8.640000000000000000e+03 2.507925652992298193e+00 8.710257929510269864e-03
8.670000000000000000e+03 2.507108790317368108e+00 8.746252113652739496e-03
8.700000000000000000e+03 2.506716512660132068e+00 8.873171699123792722e-03
8.730000000000000000e+03 2.506423400401335044e+00 8.864614643009209941e-03
8.760000000000000000e+03 2.506819335269425242e+00 8.860526276938654813e-03
8.790000000000000000e+03 2.507877931247634695e+00 8.803091963793120700e-03
8.820000000000000000e+03 2.507971500889712768e+00 8.774316192625029528e-03
8.850000000000000000e+03 2.507934163584358611e+00 8.887187618436192399e-03
8.880000000000000000e+03 2.507795048687023076e+00 8.740774007033927026e-03
8.910000000000000000e+03 2.507276914701773940e+00 8.615684124507732439e-03
8.940000000000000000e+03 2.507127847923163344e+00 8.452804903367269404e-03
8.970000000000000000e+03 2.507736014053980611e+00 8.267836180150476763e-03
9.000000000000000000e+03 2.508235163266602452e+00 8.327291622546294583e-03
9.030000000000000000e+03 2.508191076866545188e+00 8.301940659377339896e-03
9.060000000000000000e+03 2.507939764813056804e+00 8.445682375509609013e-03
9.090000000000000000e+03 2.508409568641439602e+00 8.393266240005879675e-03
9.120000000000000000e+03 2.508679796612683699e+00 8.472579133410011384e-03
9.150000000000000000e+03 2.509249104998727109e+00 8.492884499611814617e-03
9.180000000000000000e+03 2.508882821622104409e+00 8.600127703142820823e-03
9.210000000000000000e+03 2.508708276602096721e+00 8.648536496205252305e-03
9.240000000000000000e+03 2.508580865623266209e+00 8.583470120357688388e-03
9.270000000000000000e+03 2.508225561442664731e+00 8.487835290761996943e-03
9.300000000000000000e+03 2.507563640408534855e+00 8.497340190519613035e-03
9.330000000000000000e+03 2.507614412548773597e+00 8.391928279445251548e-03
9.360000000000000000e+03 2.507574106518251078e+00 8.307108117331155756e-03
9.390000000000000000e+03 2.507228826342290162e+00 8.168881185228411834e-03
9.420000000000000000e+03 2.507722549591719918e+00 8.177328917461902658e-03
9.450000000000000000e+03 2.507457431587036822e+00 8.220230917140221652e-03
9.480000000000000000e+03 2.507545404143465717e+00 8.202877929152748576e-03
9.510000000000000000e+03 2.507532555810124020e+00 8.181563647562050193e-03
9.540000000000000000e+03 2.507228014514175207e+00 8.092131344162098797e-03
9.570000000000000000e+03 2.507365717288228879e+00 8.168393281119951457e-03
9.600000000000000000e+03 2.506620320323393880e+00 8.128057795993303553e-03
9.630000000000000000e+03 2.506598781007614019e+00 8.152068434175437084e-03
9.660000000000000000e+03 2.506435479396376120e+00 8.087028514819630948e-03
9.690000000000000000e+03 2.506869700786380939e+00 8.114566282131486716e-03
9.720000000000000000e+03 2.506481655029744626e+00 8.254787269298917776e-03
9.750000000000000000e+03 2.506044868294382777e+00 8.196940196580513802e-03
9.780000000000000000e+03 2.505922315596275318e+00 8.131402153788155202e-03
9.810000000000000000e+03 2.506061183273758264e+00 8.135636068902748000e-03
9.840000000000000000e+03 2.506390128885452206e+00 8.161706818715339790e-03
9.870000000000000000e+03 2.506511527911305937e+00 8.258685023111569934e-03
9.900000000000000000e+03 2.505873291206410336e+00 8.115900690269824483e-03
9.930000000000000000e+03 2.505496285899271758e+00 8.265129279554920411e-03
9.960000000000000000e+03 2.506197245268379614e+00 8.315950208946548336e-03
9.990000000000000000e+03 2.505883175829185738e+00 8.394564513342528400e-03
1.002000000000000000e+04 2.506095380804460593e+00 8.353726627364166379e-03
1.005000000000000000e+04 2.506306752389728221e+00 8.406063749382644557e-03
1.008000000000000000e+04 2.506725189786387364e+00 8.322898849591029921e-03
1.011000000000000000e+04 2.506101887388866079e+00 8.320376472246638483e-03
1.014000000000000000e+04 2.506094698037709012e+00 8.259127508580481336e-03
1.017000000000000000e+04 2.505678145812500368e+00 8.258361516443140510e-03
1.020000000000000000e+04 2.504935836810428196e+00 8.252573015092938211e-03
1.023000000000000000e+04 2.505229596066534281e+00 8.400382640051958991e-03
1.026000000000000000e+04 2.504919792796254985e+00 8.343086884027961503e-03
1.029000000000000000e+04 2.505103774888202128e+00 8.248584756984539065e-03
1.032000000000000000e+04 2.505555019639392977e+00 8.100484967927560828e-03
1.035000000000000000e+04 2.505780728643265398e+00 8.026283783508322833e-03
1.038000000000000000e+04 2.506301983891546570e+00 8.123621892783143561e-03
1.041000000000000000e+04 2.506252547723955892e+00 8.217267382754432636e-03
1.044000000000000000e+04 2.506310469376793026e+00 8.121069833019885567e-03
1.047000000000000000e+04 2.506599906631932662e+00 8.150035203853173843e-03
1.050000000000000000e+04 2.506676932167317684e+00 8.285038255063737270e-03
1.053000000000000000e+04 2.506151761665764255e+00 8.184217307602603686e-03
1.056000000000000000e+04 2.506003402998717267e+00 8.205937364249359794e-03
1.059000000000000000e+04 2.505561005273792219e+00 8.172388817531460112e-03
1.062000000000000000e+04 2.505525036111725168e+00 8.151916064243284674e-03
1.065000000000000000e+04 2.505508725292679539e+00 8.097449432312522205e-03
1.068000000000000000e+04 2.505477969587643461e+00 8.167289086044759311e-03
1.071000000000000000e+04 2.505989187749714908e+00 8.168564738237727579e-03
1.074000000000000000e+04 2.506242183575383198e+00 8.140961859749483789e-03
1.077000000000000000e+04 2.506006509617482170e+00 8.051250918473185775e-03
1.080000000000000000e+04 2.506332016349779757e+00 8.131340666060303188e-03
1.083000000000000000e+04 2.505920865660593577e+00 8.185072186748092518e-03
1.086000000000000000e+04 2.505871305602277221e+00 8.186671497452278554e-03
1.089000000000000000e+04 2.506244200500252539e+00 8.220470588389207703e-03
1.092000000000000000e+04 2.505972923680372499e+00 8.040423734803736622e-03
1.095000000000000000e+04 2.506137561468357866e+00 8.066441827884289484e-03
1.098000000000000000e+04 2.505992105233108447e+00 8.122259845162701705e-03
1.101000000000000000e+04 2.506310016706113863e+00 8.260872385174386143e-03
1.104000000000000000e+04 2.506309128648894546e+00 8.199195165570499419e-03
1.107000000000000000e+04 2.505569112640996021e+00 8.068818383990407350e-03
1.110000000000000000e+04 2.505651895698987275e+00 8.133172800639961592e-03
1.113000000000000000e+04 2.506182835984603674e+00 8.168396071901529512e-03
1.116000000000000000e+04 2.505882459967996301e+00 8.203887741123549668e-03
1.119000000000000000e+04 2.506194809159185244e+00 8.102506226423432725e-03
1.122000000000000000e+04 2.506241460554125222e+00 8.114836506765360849e-03
1.125000000000000000e+04 2.505821279362778320e+00 8.088292196535772430e-03
1.128000000000000000e+04 2.505656289934605763e+00 8.092292504652326066e-03
1.131000000000000000e+04 2.505729181577280418e+00 8.094139875432148842e-03
1.134000000000000000e+04 2.505792652901128736e+00 8.024544527633341306e-03
1.137000000000000000e+04 2.505400890423938431e+00 8.002363580304056728e-03
1.140000000000000000e+04 2.505567862898354647e+00 7.959879706609778935e-03
1.143000000000000000e+04 2.504750249241771698e+00 7.972320898891363875e-03
1.146000000000000000e+04 2.505043458464238704e+00 7.965860912019803383e-03
1.149000000000000000e+04 2.504599667805492036e+00 7.942406380480548922e-03
1.152000000000000000e+04 2.504461531847522071e+00 7.978494027510583259e-03
1.155000000000000000e+04 2.504608507202189749e+00 8.004503506442965308e-03
1.158000000000000000e+04 2.503686987998678504e+00 7.994555411661280128e-03
1.161000000000000000e+04 2.503116958285408700e+00 7.924451728391061767e-03
1.164000000000000000e+04 2.502909678263343096e+00 7.965962870441392618e-03
1.167000000000000000e+04 2.503104878854691684e+00 7.914824920276704659e-03
1.170000000000000000e+04 2.502343475198312017e+00 7.932293732689192287e-03
1.173000000000000000e+04 2.502154475117707388e+00 7.680651553213504665e-03
1.176000000000000000e+04 2.502964589963949216e+00 7.726334241268523889e-03
1.179000000000000000e+04 2.503406053161356670e+00 7.724231408130027843e-03
1.182000000000000000e+04 2.503484272976567393e+00 7.686392057348780463e-03
1.185000000000000000e+04 2.503416155476283045e+00 7.572403199846882219e-03
1.188000000000000000e+04 2.503125982771051916e+00 7.558319523556586948e-03
1.191000000000000000e+04 2.502996547349891632e+00 7.587162609591893182e-03
1.194000000000000000e+04 2.503011061280711047e+00 7.629943739220319647e-03
1.197000000000000000e+04 2.503117756497980739e+00 7.635050061495349608e-03
1.200000000000000000e+04 2.503509934511017665e+00 7.612463971382315599e-03
1.203000000000000000e+04 2.503115245293651814e+00 7.466043191122492297e-03
1.206000000000000000e+04 2.503456739187568836e+00 7.405765672065604474e-03
1.209000000000000000e+04 2.503069634450635128e+00 7.456478085427405492e-03
1.212000000000000000e+04 2.503824810647661270e+00 7.381667351850938752e-03
1.215000000000000000e+04 2.504005324346027628e+00 7.373966814898811652e-03
1.218000000000000000e+04 2.503980705189387201e+00 7.384112387482160041e-03
1.221000000000000000e+04 2.504087108559471364e+00 7.275201692616734168e-03
1.224000000000000000e+04 2.503821581160811771e+00 7.298794195067613046e-03
1.227000000000000000e+04 2.504087908838644516e+00 7.257048413836965882e-03
1.230000000000000000e+04 2.504570018180589219e+00 7.279259325386569848e-03
1.233000000000000000e+04 2.503941553795919983e+00 7.259547226294909769e-03
1.236000000000000000e+04 2.503703598774267736e+00 7.291404120979897568e-03
1.239000000000000000e+04 2.503494225275073148e+00 7.204521821410240362e-03
1.242000000000000000e+04 2.503522858044272770e+00 7.232737078509292317e-03
1.245000000000000000e+04 2.502926309651505310e+00 7.247597850462153546e-03
1.248000000000000000e+04 2.503157683448482995e+00 7.301921076760554789e-03
1.251000000000000000e+04 2.502669321129581625e+00 7.305761992914149364e-03
1.254000000000000000e+04 2.502621748849827021e+00 7.314389035503032072e-03
1.257000000000000000e+04 2.502424624562868072e+00 7.264295647177396349e-03
1.260000000000000000e+04 2.502065453346827617e+00 7.238263703390437898e-03
1.263000000000000000e+04 2.501877578763854082e+00 7.261106228640636616e-03
1.266000000000000000e+04 2.502100922058255961e+00 7.204937375382888635e-03
1.269000000000000000e+04 2.501933257373585295e+00 7.174127222167832503e-03
1.272000000000000000e+04 2.501630245550594545e+00 7.294089750487091003e-03
1.275000000000000000e+04 2.501436920864771096e+00 7.321839708597248711e-03
1.278000000000000000e+04 2.501126743209608705e+00 7.316182101314533219e-03
1.281000000000000000e+04 2.501336413248076429e+00 7.359069116327040215e-03
1.284000000000000000e+04 2.501226071265373996e+00 7.373668157383965124e-03
1.287000000000000000e+04 2.501465415775791623e+00 7.344836610940965772e-03
1.290000000000000000e+04 2.501006075484012214e+00 7.428499048328780947e-03
1.293000000000000000e+04 2.500577198930163725e+00 7.403252658287200715e-03
1.296000000000000000e+04 2.500340307290071618e+00 7.315386296235404373e-03
1.299000000000000000e+04 2.500089972837342245e+00 7.355705614228722281e-03
1.302000000000000000e+04 2.500531337469736659e+00 7.271943835721380450e-03
1.305000000000000000e+04 2.500670464076574451e+00 7.243502211104659548e-03
1.308000000000000000e+04 2.499979425664750288e+00 7.256864540712609259e-03
1.311000000000000000e+04 2.499621297300970824e+00 7.259585903710117846e-03
1.314000000000000000e+04 2.499998843017337435e+00 7.278555107980829927e-03
1.317000000000000000e+04 2.499738951238684947e+00 7.367823705870519928e-03
1.320000000000000000e+04 2.500064786688426466e+00 7.373000660397076647e-03
1.323000000000000000e+04 2.499941072620070148e+00 7.436254311080294117e-03
1.326000000000000000e+04 2.500320188116683440e+00 7.387910396417343532e-03
1.329000000000000000e+04 2.500380065527300300e+00 7.319434764150595761e-03
1.332000000000000000e+04 2.501014045065852898e+00 7.331425036091591442e-03
1.335000000000000000e+04 2.501246129669685736e+00 7.364973820667637498e-03
1.338000000000000000e+04 2.501742014122966484e+00 7.403681904942814758e-03
1.341000000000000000e+04 2.501824953129541562e+00 7.448367546503113605e-03
1.344000000000000000e+04 2.501470154926264122e+00 7.467562555033760777e-03
1.347000000000000000e+04 2.501367112014177607e+00 7.476937183134040391e-03
1.350000000000000000e+04 2.501453489475522485e+00 7.462416329730795980e-03
1.353000000000000000e+04 2.501385148622934373e+00 7.380597692841593151e-03
1.356000000000000000e+04 2.501721056538045662e+00 7.452779945591539619e-03
1.359000000000000000e+04 2.502129720132214796e+00 7.362853569247642012e-03
1.362000000000000000e+04 2.502940308443459827e+00 7.399954947359863554e-03
1.365000000000000000e+04 2.502901734633870223e+00 7.305275943571885519e-03
1.368000000000000000e+04 2.502525758907053088e+00 7.310697033100519403e-03
1.371000000000000000e+04 2.502419111071916724e+00 7.333207247822538973e-03
1.374000000000000000e+04 2.502772218314444519e+00 7.362205441343617172e-03
1.377000000000000000e+04 2.503012582039607192e+00 7.435683271114826125e-03
1.380000000000000000e+04 2.503066108314019989e+00 7.446088390266466725e-03
1.383000000000000000e+04 2.503339234794771606e+00 7.499500180552493185e-03
1.386000000000000000e+04 2.503014118337094196e+00 7.557991142404444154e-03
1.389000000000000000e+04 2.503026768015018888e+00 7.555131443747136778e-03
1.392000000000000000e+04 2.502827904754376220e+00 7.523427334793024966e-03
1.395000000000000000e+04 2.502494082221665472e+00 7.540025867773600052e-03
1.398000000000000000e+04 2.502524586120020267e+00 7.552574543853321151e-03
1.401000000000000000e+04 2.502879753746151792e+00 7.550938374961094386e-03
1.404000000000000000e+04 2.503114060475050362e+00 7.540576919499340607e-03
1.407000000000000000e+04 2.503181727632949549e+00 7.512789725848764526e-03
1.410000000000000000e+04 2.503279335024016561e+00 7.513085269227992406e-03
1.413000000000000000e+04 2.503495649121764366e+00 7.512678808252869211e-03
1.416000000000000000e+04 2.503547584803273107e+00 7.466781612679481393e-03
1.419000000000000000e+04 2.503521109289695623e+00 7.445880210933897292e-03
1.422000000000000000e+04 2.503463061834420245e+00 7.502238756424852058e-03
1.425000000000000000e+04 2.503275253273496315e+00 7.570368708741883820e-03
1.428000000000000000e+04 2.503119888058646492e+00 7.643650399925217172e-03
1.431000000000000000e+04 2.503205675194852819e+00 7.636037447583163273e-03
1.434000000000000000e+04 2.502598446018201805e+00 7.530580823487682818e-03
1.437000000000000000e+04 2.502892452233751897e+00 7.679507453936269996e-03
1.440000000000000000e+04 2.502818601571286994e+00 7.709922666820134829e-03
1.443000000000000000e+04 2.502781327286281332e+00 7.713642004307225304e-03
1.446000000000000000e+04 2.502792136453489302e+00 7.638190560429455010e-03
1.449000000000000000e+04 2.502904399864674279e+00 7.639498094741035972e-03
1.452000000000000000e+04 2.503051944497942660e+00 7.671283571021515757e-03
1.455000000000000000e+04 2.502615148510484389e+00 7.667603184875420794e-03
1.458000000000000000e+04 2.502775004204892628e+00 7.687398343231312096e-03
1.461000000000000000e+04 2.502881884100852883e+00 7.706161019057417537e-03
1.464000000000000000e+04 2.502453228318044953e+00 7.654973513399238733e-03
1.467000000000000000e+04 2.502323710014301650e+00 7.693839820678526065e-03
1.470000000000000000e+04 2.501811324181093976e+00 7.629931532767640287e-03
1.473000000000000000e+04 2.501792275808646604e+00 7.683094832229545382e-03
1.476000000000000000e+04 2.502196098185641926e+00 7.716964205530676447e-03
1.479000000000000000e+04 2.502037270886646958e+00 7.694877460118719308e-03
1.482000000000000000e+04 2.501907281846308617e+00 7.697092163929242573e-03
1.485000000000000000e+04 2.501769371209964898e+00 7.673586751795825715e-03
1.488000000000000000e+04 2.501746973022635601e+00 7.618470779643695540e-03
1.491000000000000000e+04 2.501508784707899835e+00 7.545282748163420483e-03
1.494000000000000000e+04 2.501649164745786802e+00 7.509563863384317514e-03
1.497000000000000000e+04 2.501509625818885585e+00 7.578293136208695199e-03
1.500000000000000000e+04 2.500821938617148188e+00 7.594715156390692209e-03
