# # n, sigma
3.000000000000000000e+01 2.095355307392096300e+00 1.077067436169789061e-01
6.000000000000000000e+01 2.075999904186329292e+00 1.275405953562366579e-01
9.000000000000000000e+01 2.077951415273679103e+00 1.065339001469698954e-01
1.200000000000000000e+02 2.417016940782569900e+00 7.272214070235584471e-02
1.500000000000000000e+02 2.404057892680361963e+00 8.927285544097272874e-02
1.800000000000000000e+02 2.423070727823818160e+00 8.249163090384518948e-02
2.100000000000000000e+02 2.450632156506813875e+00 6.113601189680751419e-02
2.400000000000000000e+02 2.455836428623760170e+00 4.865848388525487178e-02
2.700000000000000000e+02 2.465068031476228327e+00 4.264280585522944172e-02
3.000000000000000000e+02 2.463443761076284044e+00 3.403618318606311394e-02
3.300000000000000000e+02 2.470367577800034020e+00 2.997250801188459934e-02
3.600000000000000000e+02 2.466937586172236241e+00 2.681643837691951096e-02
3.900000000000000000e+02 2.474083853772226504e+00 2.983400501525126924e-02
4.200000000000000000e+02 2.467533114591335952e+00 2.595911004382281048e-02
4.500000000000000000e+02 2.478134274953509131e+00 2.168712784772343360e-02
4.800000000000000000e+02 2.473573186921239397e+00 2.338492433976498835e-02
5.100000000000000000e+02 2.475307128428769765e+00 2.197120519159704438e-02
5.400000000000000000e+02 2.473793102423520907e+00 2.158212266840867782e-02
5.700000000000000000e+02 2.470987678399166665e+00 2.071677093709772127e-02
6.000000000000000000e+02 2.476783047103867652e+00 2.223851765341907510e-02
6.300000000000000000e+02 2.468109501283799023e+00 2.150050674539466175e-02
6.600000000000000000e+02 2.467205533522089933e+00 1.971558931362771966e-02
6.900000000000000000e+02 2.468522117187571308e+00 2.085010083282250529e-02
7.200000000000000000e+02 2.471329119355870407e+00 1.880674740485016247e-02
7.500000000000000000e+02 2.466164842310741179e+00 1.854743509493099116e-02
7.800000000000000000e+02 2.464903056221913413e+00 1.874005346959963653e-02
8.100000000000000000e+02 2.461714732323667221e+00 1.932506982415814478e-02
8.400000000000000000e+02 2.466411702173775478e+00 1.998122039589379437e-02
8.700000000000000000e+02 2.453785262827563596e+00 2.172362290426604892e-02
9.000000000000000000e+02 2.460243436660998650e+00 2.112724728528364918e-02
9.300000000000000000e+02 2.465296432796674431e+00 2.110798094676066133e-02
9.600000000000000000e+02 2.463990033660018231e+00 2.156527687216069217e-02
9.900000000000000000e+02 2.461769873481857829e+00 2.211575093967658306e-02
1.020000000000000000e+03 2.461290379226710012e+00 2.357317099057336732e-02
1.050000000000000000e+03 2.460883100452835315e+00 2.537997017153632157e-02
1.080000000000000000e+03 2.459885264278222294e+00 2.297101007840997994e-02
1.110000000000000000e+03 2.461256981836896340e+00 2.233594434845813034e-02
1.140000000000000000e+03 2.457307519202169388e+00 2.371725027467673497e-02
1.170000000000000000e+03 2.460078026275637875e+00 2.407701826669707973e-02
1.200000000000000000e+03 2.462256545149214659e+00 2.393174516038920965e-02
1.230000000000000000e+03 2.457877798454259022e+00 2.368893777199200523e-02
1.260000000000000000e+03 2.452925404593833569e+00 2.376324073410856011e-02
1.290000000000000000e+03 2.454168043814147993e+00 2.289508366676289500e-02
1.320000000000000000e+03 2.453163889356246408e+00 2.201400290768287110e-02
1.350000000000000000e+03 2.451712590873821984e+00 2.155039744665921547e-02
1.380000000000000000e+03 2.452347973527606584e+00 2.099473409550113925e-02
1.410000000000000000e+03 2.449843969217462281e+00 2.007556201543746199e-02
1.440000000000000000e+03 2.454135613599146115e+00 1.949563724482058710e-02
1.470000000000000000e+03 2.451259192728084901e+00 1.873284466785039501e-02
1.500000000000000000e+03 2.448405716133291055e+00 1.784313493679548501e-02
1.530000000000000000e+03 2.449387149952720666e+00 1.849687678462386825e-02
1.560000000000000000e+03 2.451970073136024109e+00 1.836596299485006301e-02
1.590000000000000000e+03 2.451494666465954708e+00 1.876010368761219307e-02
1.620000000000000000e+03 2.451160614453778752e+00 1.922670853265581736e-02
1.650000000000000000e+03 2.451987894264311851e+00 1.936181440354719716e-02
1.680000000000000000e+03 2.456201535971506367e+00 1.818023431467209045e-02
1.710000000000000000e+03 2.458381067901285189e+00 1.887910974233325198e-02
1.740000000000000000e+03 2.455556586742146497e+00 2.041578569328328374e-02
1.770000000000000000e+03 2.456285453578721967e+00 2.096016943953109626e-02
1.800000000000000000e+03 2.454415496041145506e+00 2.072403724410063625e-02
1.830000000000000000e+03 2.456788979803573802e+00 2.049639973076624461e-02
1.860000000000000000e+03 2.459727544013495582e+00 2.080746456976087511e-02
1.890000000000000000e+03 2.461550008584105331e+00 2.112154131885802741e-02
1.920000000000000000e+03 2.456495044558091756e+00 2.161020397713982535e-02
1.950000000000000000e+03 2.456209740549168963e+00 2.122221304607140036e-02
1.980000000000000000e+03 2.456150047709779738e+00 2.163106115028228665e-02
2.010000000000000000e+03 2.459502517528464161e+00 2.148935627311181901e-02
2.040000000000000000e+03 2.460663166468837648e+00 2.108487065444342515e-02
2.070000000000000000e+03 2.460306321177410549e+00 1.987602206973371893e-02
2.100000000000000000e+03 2.463130612916780926e+00 2.020732035709560739e-02
2.130000000000000000e+03 2.463033572263285897e+00 2.009422928372534695e-02
2.160000000000000000e+03 2.460021333750421757e+00 2.038678869178549638e-02
2.190000000000000000e+03 2.464079861256696091e+00 2.033372407309285562e-02
2.220000000000000000e+03 2.461632329106939743e+00 2.099728390789563220e-02
2.250000000000000000e+03 2.461282652320804232e+00 2.102085421918386404e-02
2.280000000000000000e+03 2.461774554953363836e+00 2.078812696506653762e-02
2.310000000000000000e+03 2.466461534689926349e+00 1.949622869878159595e-02
2.340000000000000000e+03 2.465312688810744390e+00 1.945036959189788695e-02
2.370000000000000000e+03 2.463494328035026992e+00 1.954208937365631976e-02
2.400000000000000000e+03 2.460886011785286875e+00 1.938521717656114043e-02
2.430000000000000000e+03 2.461144704973387221e+00 1.874037155178051237e-02
2.460000000000000000e+03 2.458057315607721005e+00 1.844229047195949933e-02
2.490000000000000000e+03 2.456965444245768460e+00 1.869566051290208128e-02
2.520000000000000000e+03 2.456683834371692576e+00 1.860325111906417986e-02
2.550000000000000000e+03 2.459338302445999602e+00 1.845235445039571098e-02
2.580000000000000000e+03 2.459929181239782103e+00 1.806704517626590151e-02
2.610000000000000000e+03 2.460483579484244565e+00 1.788045547866926738e-02
2.640000000000000000e+03 2.461443496119093854e+00 1.816809027210479141e-02
2.670000000000000000e+03 2.462868471865905295e+00 1.831611347227294490e-02
2.700000000000000000e+03 2.463048486920017321e+00 1.817199635605998634e-02
2.730000000000000000e+03 2.463375140543694108e+00 1.890714350010148231e-02
2.760000000000000000e+03 2.463915536909315307e+00 1.911541443190239997e-02
2.790000000000000000e+03 2.463231694016841278e+00 1.921611876874792721e-02
2.820000000000000000e+03 2.463161008487999570e+00 1.908533917297310784e-02
2.850000000000000000e+03 2.465752752042304596e+00 1.894690508771825627e-02
2.880000000000000000e+03 2.467245590995684523e+00 1.888798325950781162e-02
2.910000000000000000e+03 2.468050670507488054e+00 1.947427454464020768e-02
2.940000000000000000e+03 2.469382167231400693e+00 1.990019911358207466e-02
2.970000000000000000e+03 2.469927900597522097e+00 1.899022678126103744e-02
3.000000000000000000e+03 2.469454590187594167e+00 1.874210405641186031e-02
3.030000000000000000e+03 2.468265692360596120e+00 1.869178917697991021e-02
3.060000000000000000e+03 2.468792646182114581e+00 1.800035158755244891e-02
3.090000000000000000e+03 2.470398556548106139e+00 1.807727131481944027e-02
3.120000000000000000e+03 2.469691907418163801e+00 1.788575018478471765e-02
3.150000000000000000e+03 2.470016020320447314e+00 1.816739173484707356e-02
3.180000000000000000e+03 2.469386679309446109e+00 1.821238649084892108e-02
3.210000000000000000e+03 2.470565443808801387e+00 1.799513664642104355e-02
3.240000000000000000e+03 2.470426495123743571e+00 1.810251338528929069e-02
3.270000000000000000e+03 2.470240670751729706e+00 1.806339279723211816e-02
3.300000000000000000e+03 2.472632121254546789e+00 1.809058884747111184e-02
3.330000000000000000e+03 2.473556157547227574e+00 1.790435273193791144e-02
3.360000000000000000e+03 2.475326796870704005e+00 1.756810911972500264e-02
3.390000000000000000e+03 2.478184851510051523e+00 1.680468138494776997e-02
3.420000000000000000e+03 2.477474272061399585e+00 1.679961814039869494e-02
3.450000000000000000e+03 2.478852102505125998e+00 1.702391047671952470e-02
3.480000000000000000e+03 2.478256742460307471e+00 1.738319115776705906e-02
3.510000000000000000e+03 2.478028986585800286e+00 1.788766598479845857e-02
3.540000000000000000e+03 2.478762774577864203e+00 1.756294822444227910e-02
3.570000000000000000e+03 2.480088782896763266e+00 1.798194297051144974e-02
3.600000000000000000e+03 2.480740035053617287e+00 1.809050640413945726e-02
3.630000000000000000e+03 2.479904718295289801e+00 1.787327899261300854e-02
3.660000000000000000e+03 2.479532783500681958e+00 1.782552345084316078e-02
3.690000000000000000e+03 2.479697770753715336e+00 1.755505238473544644e-02
3.720000000000000000e+03 2.480306180525516879e+00 1.749643737014343683e-02
3.750000000000000000e+03 2.480175447228503582e+00 1.782882998467509236e-02
3.780000000000000000e+03 2.480493357930583009e+00 1.753279066076203832e-02
3.810000000000000000e+03 2.479291793069850591e+00 1.759482460373945623e-02
3.840000000000000000e+03 2.479093705629013655e+00 1.755969587318161051e-02
3.870000000000000000e+03 2.481758850631516466e+00 1.717813078610852529e-02
3.900000000000000000e+03 2.481927034669584753e+00 1.709818758800574559e-02
3.930000000000000000e+03 2.483153579182562520e+00 1.684913544083871395e-02
3.960000000000000000e+03 2.484753956171493972e+00 1.697163923909943486e-02
3.990000000000000000e+03 2.485492358794873180e+00 1.680000531401197247e-02
4.020000000000000000e+03 2.486129355641098826e+00 1.686994205684583248e-02
4.050000000000000000e+03 2.485961340000682362e+00 1.625437600279255185e-02
4.080000000000000000e+03 2.485829896818769313e+00 1.609418938434944990e-02
4.110000000000000000e+03 2.487561599452072336e+00 1.598961035998880398e-02
4.140000000000000000e+03 2.487713634032567178e+00 1.627796983125740990e-02
4.170000000000000000e+03 2.488605962966517371e+00 1.601635530021885620e-02
4.200000000000000000e+03 2.488734893701281425e+00 1.607147064497868247e-02
4.230000000000000000e+03 2.487284482697682986e+00 1.602641808064735052e-02
4.260000000000000000e+03 2.488195076061269884e+00 1.557142076005896617e-02
4.290000000000000000e+03 2.487932080259034340e+00 1.530958120996737601e-02
4.320000000000000000e+03 2.488557739426113802e+00 1.513545455184965582e-02
4.350000000000000000e+03 2.489306183919518300e+00 1.546413030862031288e-02
4.380000000000000000e+03 2.488651199831970029e+00 1.538679983467830352e-02
4.410000000000000000e+03 2.489417545150659272e+00 1.548759768519934917e-02
4.440000000000000000e+03 2.490751463799228738e+00 1.546192038242153073e-02
4.470000000000000000e+03 2.490797461492362252e+00 1.552871906261398677e-02
4.500000000000000000e+03 2.490564601282152069e+00 1.535061724025353971e-02
4.530000000000000000e+03 2.490716226748134865e+00 1.527198957948400042e-02
4.560000000000000000e+03 2.491178696586054286e+00 1.553631655678628341e-02
4.590000000000000000e+03 2.489971186582217388e+00 1.570858795324851440e-02
4.620000000000000000e+03 2.490602542822757837e+00 1.521199759909056676e-02
4.650000000000000000e+03 2.492517814893235872e+00 1.525679102463740541e-02
4.680000000000000000e+03 2.493229286737796979e+00 1.492852301873890536e-02
4.710000000000000000e+03 2.494086938053774460e+00 1.474746257248379933e-02
4.740000000000000000e+03 2.493787371055066870e+00 1.507709985498900326e-02
4.770000000000000000e+03 2.493822598513866229e+00 1.487659563416453105e-02
4.800000000000000000e+03 2.493657109167386476e+00 1.494416916736639178e-02
4.830000000000000000e+03 2.492997627337102173e+00 1.501783770306742462e-02
4.860000000000000000e+03 2.492068065093022255e+00 1.479931296355012880e-02
4.890000000000000000e+03 2.491247292886147768e+00 1.431157371983654558e-02
4.920000000000000000e+03 2.490400989819065547e+00 1.418943192451886486e-02
4.950000000000000000e+03 2.490088947500025629e+00 1.411803635366315132e-02
4.980000000000000000e+03 2.489435907136921866e+00 1.398342216963723364e-02
5.010000000000000000e+03 2.488682903776398447e+00 1.361628991253202928e-02
5.040000000000000000e+03 2.487485033988233507e+00 1.341760420953453867e-02
5.070000000000000000e+03 2.487959653050365816e+00 1.302122943662834334e-02
5.100000000000000000e+03 2.488499271925977752e+00 1.320610637704811019e-02
5.130000000000000000e+03 2.487439555535059910e+00 1.306658399020653102e-02
5.160000000000000000e+03 2.487631231902029949e+00 1.307974134029757374e-02
5.190000000000000000e+03 2.485172906666254455e+00 1.316606146950525559e-02
5.220000000000000000e+03 2.485239185081863145e+00 1.304325845196713241e-02
5.250000000000000000e+03 2.485037877993623745e+00 1.322882571840938888e-02
5.280000000000000000e+03 2.485140627294677440e+00 1.322651839954626547e-02
5.310000000000000000e+03 2.483094020695018944e+00 1.293376870377254025e-02
5.340000000000000000e+03 2.482616841156714660e+00 1.310165393217404758e-02
5.370000000000000000e+03 2.481741528441351097e+00 1.272156697141756977e-02
5.400000000000000000e+03 2.481779576626281791e+00 1.270146923981799354e-02
5.430000000000000000e+03 2.481045939997018834e+00 1.265290809409736449e-02
5.460000000000000000e+03 2.481510656162726036e+00 1.238236985933604054e-02
5.490000000000000000e+03 2.480247738645526834e+00 1.213020285785658230e-02
5.520000000000000000e+03 2.479373745549181773e+00 1.202241817784341707e-02
5.550000000000000000e+03 2.480653331201944312e+00 1.198184867690025093e-02
5.580000000000000000e+03 2.480957676129863287e+00 1.170862664970802151e-02
5.610000000000000000e+03 2.480516592919544738e+00 1.184155627420740639e-02
5.640000000000000000e+03 2.481173280554980654e+00 1.174485386586134571e-02
5.670000000000000000e+03 2.481182728037005791e+00 1.173562344126206393e-02
5.700000000000000000e+03 2.481578438527797914e+00 1.168865516245140047e-02
5.730000000000000000e+03 2.481420829851263221e+00 1.140440364505109459e-02
5.760000000000000000e+03 2.481404647142597675e+00 1.103220664100603050e-02
5.790000000000000000e+03 2.480401625268921162e+00 1.117300117356979927e-02
5.820000000000000000e+03 2.480210709807897373e+00 1.121730735049592843e-02
5.850000000000000000e+03 2.479501959678326539e+00 1.112901258320972246e-02
5.880000000000000000e+03 2.479407784474585430e+00 1.102489236355708689e-02
5.910000000000000000e+03 2.479740044528057741e+00 1.112591164297081769e-02
5.940000000000000000e+03 2.479549568441622220e+00 1.102816891729624729e-02
5.970000000000000000e+03 2.479496505156390196e+00 1.110706802769905258e-02
6.000000000000000000e+03 2.478878463237710328e+00 1.081962462375504232e-02
6.030000000000000000e+03 2.478031208123557150e+00 1.105487596283833210e-02
6.060000000000000000e+03 2.479022447825757425e+00 1.107626831124189533e-02
6.090000000000000000e+03 2.478786495155478775e+00 1.118043476609092285e-02
6.120000000000000000e+03 2.478706183830327259e+00 1.095450787786326173e-02
6.150000000000000000e+03 2.478924130540964388e+00 1.100913320020313786e-02
6.180000000000000000e+03 2.478929539498966328e+00 1.089995841730359571e-02
6.210000000000000000e+03 2.480087909880160701e+00 1.079634908589735369e-02
6.240000000000000000e+03 2.479611283372508357e+00 1.078388087836973028e-02
6.270000000000000000e+03 2.480815988367451208e+00 1.088205322200568557e-02
6.300000000000000000e+03 2.481339540920676434e+00 1.084595885628836069e-02
6.330000000000000000e+03 2.482006396936136117e+00 1.076554602272441520e-02
6.360000000000000000e+03 2.481849485031810687e+00 1.065114130439832885e-02
6.390000000000000000e+03 2.481942254092238009e+00 1.056402775202496501e-02
6.420000000000000000e+03 2.482807766799307814e+00 1.029905384413358493e-02
6.450000000000000000e+03 2.482631423824971595e+00 1.029672238497144655e-02
6.480000000000000000e+03 2.482786191659692054e+00 1.024799281190705291e-02
6.510000000000000000e+03 2.483847080223817283e+00 1.016196387496831090e-02
6.540000000000000000e+03 2.483667943594503935e+00 1.003964903745108855e-02
6.570000000000000000e+03 2.483305592182564858e+00 1.015035947554979515e-02
6.600000000000000000e+03 2.483186490116745304e+00 1.013760785744821646e-02
6.630000000000000000e+03 2.484062076821730525e+00 1.001411164994367615e-02
6.660000000000000000e+03 2.483630298581505524e+00 9.561776427505004616e-03
6.690000000000000000e+03 2.483706994109746269e+00 9.875815285795416440e-03
6.720000000000000000e+03 2.484431308823507045e+00 9.576212676243787275e-03
6.750000000000000000e+03 2.483854621251132322e+00 9.689404550607495781e-03
6.780000000000000000e+03 2.484087498622230772e+00 9.812083650057609394e-03
6.810000000000000000e+03 2.484386851559745590e+00 9.620615936923978401e-03
6.840000000000000000e+03 2.483661856951006275e+00 9.658845391782699269e-03
6.870000000000000000e+03 2.484929244877414511e+00 9.733581016295957469e-03
6.900000000000000000e+03 2.484373051664403143e+00 9.701929121040342441e-03
6.930000000000000000e+03 2.485021092764620576e+00 9.635415321411565370e-03
6.960000000000000000e+03 2.485066990305673240e+00 9.607836239290448374e-03
6.990000000000000000e+03 2.483656324639885948e+00 9.516120714181400958e-03
7.020000000000000000e+03 2.484369066444659602e+00 9.570522091631910103e-03
7.050000000000000000e+03 2.485799974439133475e+00 9.505276301292475347e-03
7.080000000000000000e+03 2.485601466273137383e+00 9.480345319263588921e-03
7.110000000000000000e+03 2.485435480794522256e+00 9.388969987373227064e-03
7.140000000000000000e+03 2.486233152474359720e+00 9.179519067695854698e-03
7.170000000000000000e+03 2.487223967032084371e+00 9.094619233697249019e-03
7.200000000000000000e+03 2.487709127143447496e+00 9.110432628620910439e-03
7.230000000000000000e+03 2.487164531583977656e+00 8.949698204240574828e-03
7.260000000000000000e+03 2.487059349881080461e+00 8.812239418039127109e-03
7.290000000000000000e+03 2.486409288005086093e+00 8.674788378962879423e-03
7.320000000000000000e+03 2.485294787546474371e+00 8.699102636466529009e-03
7.350000000000000000e+03 2.485796106506870995e+00 8.732933494391059356e-03
7.380000000000000000e+03 2.486595896746859324e+00 8.758026895929050051e-03
7.410000000000000000e+03 2.486271398590780723e+00 8.807457284535146619e-03
7.440000000000000000e+03 2.486106246673479792e+00 8.683443870783595295e-03
7.470000000000000000e+03 2.485897810262591712e+00 8.699607905449087061e-03
7.500000000000000000e+03 2.485795858850172735e+00 8.759807705800223485e-03
7.530000000000000000e+03 2.485688343089977437e+00 9.004274139826734871e-03
7.560000000000000000e+03 2.485165900171290687e+00 8.981462178716285646e-03
7.590000000000000000e+03 2.485546662173293786e+00 9.022342926696945778e-03
7.620000000000000000e+03 2.485399992304788253e+00 9.101125969169714808e-03
7.650000000000000000e+03 2.485074146907351622e+00 9.259339986342169510e-03
7.680000000000000000e+03 2.485052419980958494e+00 9.237754624570777839e-03
7.710000000000000000e+03 2.484157054873022741e+00 9.054977079200807882e-03
7.740000000000000000e+03 2.483360121511701823e+00 9.089665968716312272e-03
7.770000000000000000e+03 2.482950375144296729e+00 9.088957869350254917e-03
7.800000000000000000e+03 2.482846996729527245e+00 9.236199587441640962e-03
7.830000000000000000e+03 2.482192693312220477e+00 9.144109184883132332e-03
7.860000000000000000e+03 2.481738378465231598e+00 9.318776911798753657e-03
7.890000000000000000e+03 2.481346634030650034e+00 9.222053795451460798e-03
7.920000000000000000e+03 2.481999743652547163e+00 9.288420222194374368e-03
7.950000000000000000e+03 2.481844824653819614e+00 9.129570537030189462e-03
7.980000000000000000e+03 2.481344048231932220e+00 9.304013017784601783e-03
8.010000000000000000e+03 2.482470168254452769e+00 9.170240413473262214e-03
8.040000000000000000e+03 2.482516113121102208e+00 9.068578119049345784e-03
8.070000000000000000e+03 2.482574787092891366e+00 8.967784800411871676e-03
8.100000000000000000e+03 2.482977986996647068e+00 8.982545537292422125e-03
8.130000000000000000e+03 2.483020794023163447e+00 8.970105988851962905e-03
8.160000000000000000e+03 2.483052850018506508e+00 8.741317145403004057e-03
8.190000000000000000e+03 2.483409064329201499e+00 8.880024414057895860e-03
8.220000000000000000e+03 2.483035183760573972e+00 8.791376002753868366e-03
8.250000000000000000e+03 2.482765503285664810e+00 8.624485423369077086e-03
8.280000000000000000e+03 2.482773634937069929e+00 8.635308703570704694e-03
8.310000000000000000e+03 2.483688102450090085e+00 8.580153514713651994e-03
8.340000000000000000e+03 2.483765686101488956e+00 8.667190248491423582e-03
8.370000000000000000e+03 2.483592492251754713e+00 8.664309897718306189e-03
8.400000000000000000e+03 2.482659558469620276e+00 8.654784651785856625e-03
8.430000000000000000e+03 2.482223740454121419e+00 8.584722767122139608e-03
8.460000000000000000e+03 2.482069714055224807e+00 8.550388986768886132e-03
8.490000000000000000e+03 2.481636318238944483e+00 8.517680784686579298e-03
8.520000000000000000e+03 2.481578298221411405e+00 8.461522407304905916e-03
8.550000000000000000e+03 2.481292265126120888e+00 8.449364363463515368e-03
8.580000000000000000e+03 2.482229189776741674e+00 8.509703364012447327e-03
8.610000000000000000e+03 2.481987889790236324e+00 8.353590457268749922e-03
8.640000000000000000e+03 2.481381561941767622e+00 8.174743548109842176e-03
8.670000000000000000e+03 2.481030833605871511e+00 8.199164019399608760e-03
8.700000000000000000e+03 2.481482250191461514e+00 8.106673449361213174e-03
8.730000000000000000e+03 2.481521043447841190e+00 8.065550533635602176e-03
8.760000000000000000e+03 2.481428310896451439e+00 7.991386996172552062e-03
8.790000000000000000e+03 2.481504968660516841e+00 8.025943486983804637e-03
8.820000000000000000e+03 2.481534240546461323e+00 8.133477895336350266e-03
8.850000000000000000e+03 2.481654536707371239e+00 8.137794123744839306e-03
8.880000000000000000e+03 2.481551390898947940e+00 8.068259663909947352e-03
8.910000000000000000e+03 2.481788707032592800e+00 7.948943485346617044e-03
8.940000000000000000e+03 2.481985925164421403e+00 8.035959835373878216e-03
8.970000000000000000e+03 2.481726239143707158e+00 8.087271543849364891e-03
9.000000000000000000e+03 2.481848923194275969e+00 8.154125480575299956e-03
9.030000000000000000e+03 2.482776608676998009e+00 8.261961309883606580e-03
9.060000000000000000e+03 2.482930466380922851e+00 8.210237576237395044e-03
9.090000000000000000e+03 2.482812185105419012e+00 8.263073684953136863e-03
9.120000000000000000e+03 2.482424824506226368e+00 8.324683260511542282e-03
9.150000000000000000e+03 2.483073196138596561e+00 8.282306334109281604e-03
9.180000000000000000e+03 2.483437437613904120e+00 8.119058607927763863e-03
9.210000000000000000e+03 2.483210107512668241e+00 8.039093366863718851e-03
9.240000000000000000e+03 2.482784390401919783e+00 7.935124032818034745e-03
9.270000000000000000e+03 2.482489788309747869e+00 7.832078174133819473e-03
9.300000000000000000e+03 2.482772003796082316e+00 7.885247967569081889e-03
9.330000000000000000e+03 2.482933533571915596e+00 7.917244616761884984e-03
9.360000000000000000e+03 2.483400968445691692e+00 7.643551791896005532e-03
9.390000000000000000e+03 2.483589343372337055e+00 7.496320713795696922e-03
9.420000000000000000e+03 2.483787410610700519e+00 7.522639922530133250e-03
9.450000000000000000e+03 2.482331757544319562e+00 7.565538860246879931e-03
9.480000000000000000e+03 2.482522965143922011e+00 7.637818549163284503e-03
9.510000000000000000e+03 2.483322812880579100e+00 7.485547781458599600e-03
9.540000000000000000e+03 2.484137585121261260e+00 7.644817478638247024e-03
9.570000000000000000e+03 2.484830271382678202e+00 7.587403275429089634e-03
9.600000000000000000e+03 2.485020329916469262e+00 7.647295280865758736e-03
9.630000000000000000e+03 2.484896083735669059e+00 7.648562363685624393e-03
9.660000000000000000e+03 2.484620443943200030e+00 7.719253384865691972e-03
9.690000000000000000e+03 2.484730161298050799e+00 7.605148183071041776e-03
9.720000000000000000e+03 2.484875255976336739e+00 7.402172229595396780e-03
9.750000000000000000e+03 2.485257836953998822e+00 7.393887517845772368e-03
9.780000000000000000e+03 2.484937108129697148e+00 7.365256941117152671e-03
9.810000000000000000e+03 2.485710378822477029e+00 7.391393595901611484e-03
9.840000000000000000e+03 2.485325993920124876e+00 7.408018415735915033e-03
9.870000000000000000e+03 2.484792733339985737e+00 7.399191591199206185e-03
9.900000000000000000e+03 2.484635957016600116e+00 7.323253697896357078e-03
9.930000000000000000e+03 2.485182029478223864e+00 7.251883636844774599e-03
9.960000000000000000e+03 2.485022855694746013e+00 7.165423931104397334e-03
9.990000000000000000e+03 2.485252923481155563e+00 7.165709590560584083e-03
1.002000000000000000e+04 2.485046843033944963e+00 7.205602307417329627e-03
1.005000000000000000e+04 2.484928700161533222e+00 7.051611397175793286e-03
1.008000000000000000e+04 2.484567046316692451e+00 7.005210904040141788e-03
1.011000000000000000e+04 2.485038251907431217e+00 7.076736836815631683e-03
1.014000000000000000e+04 2.484865716099490474e+00 7.033829085654776797e-03
1.017000000000000000e+04 2.485096647483565846e+00 6.926188451279501404e-03
1.020000000000000000e+04 2.485146871357142739e+00 6.946363089480100082e-03
1.023000000000000000e+04 2.485904785957782082e+00 7.109595456586151503e-03
1.026000000000000000e+04 2.486831562648201377e+00 7.139805881614627592e-03
1.029000000000000000e+04 2.486982047865005985e+00 7.195434222324781533e-03
1.032000000000000000e+04 2.487392721519416483e+00 7.169281778633382167e-03
1.035000000000000000e+04 2.487832841642872328e+00 7.236742483223722322e-03
1.038000000000000000e+04 2.488104064139306182e+00 7.181573966155376312e-03
1.041000000000000000e+04 2.487818419104731671e+00 7.084609517913977722e-03
1.044000000000000000e+04 2.488270295204140670e+00 6.945629789412100831e-03
1.047000000000000000e+04 2.488204317727596759e+00 7.059206268171266604e-03
1.050000000000000000e+04 2.488178478315365538e+00 6.983431727970701094e-03
1.053000000000000000e+04 2.488215772794817759e+00 6.993341107659265324e-03
1.056000000000000000e+04 2.488059664232894708e+00 6.974344724311620607e-03
1.059000000000000000e+04 2.487725386435481134e+00 6.977677393159589792e-03
1.062000000000000000e+04 2.487827824758340078e+00 7.085550859467645846e-03
1.065000000000000000e+04 2.487677405512377149e+00 7.014842540764991245e-03
1.068000000000000000e+04 2.487778354566637429e+00 6.976588687544907873e-03
1.071000000000000000e+04 2.487715701461679529e+00 7.045550798267769844e-03
1.074000000000000000e+04 2.487419818870116206e+00 7.170271124782764613e-03
1.077000000000000000e+04 2.486978800055966943e+00 7.181257445388071828e-03
1.080000000000000000e+04 2.487423643045231891e+00 7.216002018141780619e-03
1.083000000000000000e+04 2.487622725929394818e+00 7.238492768486180957e-03
1.086000000000000000e+04 2.487497002072156960e+00 7.251731934001494177e-03
1.089000000000000000e+04 2.487389048713871897e+00 7.234501145055864842e-03
1.092000000000000000e+04 2.487506623457146127e+00 7.307529538452329707e-03
1.095000000000000000e+04 2.487802990546479798e+00 7.410261074602652633e-03
1.098000000000000000e+04 2.487550371696337859e+00 7.453222451373683888e-03
1.101000000000000000e+04 2.487738217587751599e+00 7.369955934928541785e-03
1.104000000000000000e+04 2.487366397752969416e+00 7.205873144097409144e-03
1.107000000000000000e+04 2.486938026625924447e+00 7.228110935178336076e-03
1.110000000000000000e+04 2.486906507110996145e+00 7.277882338593155524e-03
1.113000000000000000e+04 2.486862776029280742e+00 7.199832304232429807e-03
1.116000000000000000e+04 2.486979571515835374e+00 7.262382867840260978e-03
1.119000000000000000e+04 2.486882919972684292e+00 7.315755409890484576e-03
1.122000000000000000e+04 2.487415737730947374e+00 7.348109064307247265e-03
1.125000000000000000e+04 2.487292879409018109e+00 7.209268432765513109e-03
1.128000000000000000e+04 2.487176167231871293e+00 7.220871427406619879e-03
1.131000000000000000e+04 2.487443120094773530e+00 7.220831118392117762e-03
1.134000000000000000e+04 2.487395786815035592e+00 7.280062297279396751e-03
1.137000000000000000e+04 2.487803440717863968e+00 7.199647612300232209e-03
1.140000000000000000e+04 2.488550790723589312e+00 7.162970978249396693e-03
1.143000000000000000e+04 2.488992893910081605e+00 7.061850439095389113e-03
1.146000000000000000e+04 2.489066693669820474e+00 7.010687713227557565e-03
1.149000000000000000e+04 2.489551884121846470e+00 7.011305956173939299e-03
1.152000000000000000e+04 2.489773461291708845e+00 7.124950163949205460e-03
1.155000000000000000e+04 2.489721214081961786e+00 7.178394113889581193e-03
1.158000000000000000e+04 2.489527888324333027e+00 7.204830309043490193e-03
1.161000000000000000e+04 2.489546929651407225e+00 7.224220368647346971e-03
1.164000000000000000e+04 2.490268155818010865e+00 7.269793145014843104e-03
1.167000000000000000e+04 2.490498356122327728e+00 7.304669762882832172e-03
1.170000000000000000e+04 2.490538996068957900e+00 7.299344007895368532e-03
1.173000000000000000e+04 2.490671215162718610e+00 7.285493476545875334e-03
1.176000000000000000e+04 2.490654348274276675e+00 7.216745466090415499e-03
1.179000000000000000e+04 2.490328670150829815e+00 7.336790609311523263e-03
1.182000000000000000e+04 2.490618167932358684e+00 7.375247002446189658e-03
1.185000000000000000e+04 2.491160263781916129e+00 7.346353203202479927e-03
1.188000000000000000e+04 2.491092298068848798e+00 7.406426161462903619e-03
1.191000000000000000e+04 2.490965604814695755e+00 7.372019004143528891e-03
1.194000000000000000e+04 2.490357297623855271e+00 7.489876914049327025e-03
1.197000000000000000e+04 2.490093724348874993e+00 7.436803322425571128e-03
1.200000000000000000e+04 2.490478391746787867e+00 7.353834470531938131e-03
1.203000000000000000e+04 2.490786175837379268e+00 7.371552362362049186e-03
1.206000000000000000e+04 2.491028218331736710e+00 7.309777695518766653e-03
1.209000000000000000e+04 2.491061999819093931e+00 7.355884560579559368e-03
1.212000000000000000e+04 2.491134201697751571e+00 7.323478574020844331e-03
1.215000000000000000e+04 2.491313046542377396e+00 7.319512937533554503e-03
1.218000000000000000e+04 2.491260962355476671e+00 7.260582347632581375e-03
1.221000000000000000e+04 2.491148793446208209e+00 7.364404151580939382e-03
1.224000000000000000e+04 2.491226294559105270e+00 7.418925540610743496e-03
1.227000000000000000e+04 2.491023940497396172e+00 7.294299472407981405e-03
1.230000000000000000e+04 2.491306318089649086e+00 7.177455962290630979e-03
1.233000000000000000e+04 2.491425504068838670e+00 7.129654708430716026e-03
1.236000000000000000e+04 2.491278577099728775e+00 7.167622786283094419e-03
1.239000000000000000e+04 2.491188267960007696e+00 7.124651337632830622e-03
1.242000000000000000e+04 2.491130292941524438e+00 6.996955163067175229e-03
1.245000000000000000e+04 2.491430342041958568e+00 6.959118567655944200e-03
1.248000000000000000e+04 2.490852508718832237e+00 6.947693778797572016e-03
1.251000000000000000e+04 2.491133561085055792e+00 6.924042321821628418e-03
1.254000000000000000e+04 2.491132565434483581e+00 6.971088587801628836e-03
1.257000000000000000e+04 2.490887370396627887e+00 7.017439235434520285e-03
1.260000000000000000e+04 2.490792925304398331e+00 7.008315001551379889e-03
1.263000000000000000e+04 2.490540881839006904e+00 6.971328868198920468e-03
1.266000000000000000e+04 2.490102684974467628e+00 7.019770743333771969e-03
1.269000000000000000e+04 2.489671218297412114e+00 7.080887893683912582e-03
1.272000000000000000e+04 2.489802225006541470e+00 7.106072750972023018e-03
1.275000000000000000e+04 2.489513978776362269e+00 7.131285852266918725e-03
1.278000000000000000e+04 2.489803355584400801e+00 7.076896798494007081e-03
1.281000000000000000e+04 2.489873525624723971e+00 7.126655293693497442e-03
1.284000000000000000e+04 2.489711622233331312e+00 7.182499675223092891e-03
1.287000000000000000e+04 2.489403735584579280e+00 7.150608055880323943e-03
1.290000000000000000e+04 2.489337204711858931e+00 7.098923260791074538e-03
1.293000000000000000e+04 2.489667124747161342e+00 7.107103336195666823e-03
1.296000000000000000e+04 2.489561260931985931e+00 7.059864810215752025e-03
1.299000000000000000e+04 2.489569606359676168e+00 6.936390671466070856e-03
1.302000000000000000e+04 2.489423193640388554e+00 6.900696384145602914e-03
1.305000000000000000e+04 2.489965649306355111e+00 6.893834329959071944e-03
1.308000000000000000e+04 2.489734773761098197e+00 6.848687575182968099e-03
1.311000000000000000e+04 2.489650717679199765e+00 6.835036455225452882e-03
1.314000000000000000e+04 2.489787311908683964e+00 6.852264030195867779e-03
1.317000000000000000e+04 2.489531578325885786e+00 6.850469084457022628e-03
1.320000000000000000e+04 2.489242511403262359e+00 6.953738536584077624e-03
1.323000000000000000e+04 2.488821124224192438e+00 6.970856026940877581e-03
1.326000000000000000e+04 2.488682415075139431e+00 6.915334097932384835e-03
1.329000000000000000e+04 2.488506148599316070e+00 6.902584892263931814e-03
1.332000000000000000e+04 2.488291493508444141e+00 6.797627913094793015e-03
1.335000000000000000e+04 2.488397624860980706e+00 6.879883440032374953e-03
1.338000000000000000e+04 2.488380549237708461e+00 6.912431782383827994e-03
1.341000000000000000e+04 2.488302657145037955e+00 6.992880347241416973e-03
1.344000000000000000e+04 2.489056313630857442e+00 6.997018926512460317e-03
1.347000000000000000e+04 2.489131202879838689e+00 7.009756298413227955e-03
1.350000000000000000e+04 2.489328692943361343e+00 6.982560655367819544e-03
1.353000000000000000e+04 2.489378076427693376e+00 7.043266057580151868e-03
1.356000000000000000e+04 2.489551222010385256e+00 7.114584056916812595e-03
1.359000000000000000e+04 2.489730890730415425e+00 7.146511652629181956e-03
1.362000000000000000e+04 2.489275551917628615e+00 7.129727677546435390e-03
1.365000000000000000e+04 2.489632955921797564e+00 7.084730668251106381e-03
1.368000000000000000e+04 2.489494754861707904e+00 7.057143036078136235e-03
1.371000000000000000e+04 2.489525910367831329e+00 7.086333021594851123e-03
1.374000000000000000e+04 2.489408771540249532e+00 7.065490332794904273e-03
1.377000000000000000e+04 2.489500322571138291e+00 6.997010066417130164e-03
1.380000000000000000e+04 2.489440084912182716e+00 6.950158273188454180e-03
1.383000000000000000e+04 2.489208402350481464e+00 6.860948179489390758e-03
1.386000000000000000e+04 2.488910909873744970e+00 6.708902431756718146e-03
1.389000000000000000e+04 2.489493478008476313e+00 6.832628629913860968e-03
1.392000000000000000e+04 2.489871639380576873e+00 6.749813341407821625e-03
1.395000000000000000e+04 2.489452269275756358e+00 6.817171716536650668e-03
1.398000000000000000e+04 2.489634960774695482e+00 6.781414869863458539e-03
1.401000000000000000e+04 2.489687839392785484e+00 6.740688425651077641e-03
1.404000000000000000e+04 2.490146713257483935e+00 6.790116456095503933e-03
1.407000000000000000e+04 2.490230454528017390e+00 6.776965777411484392e-03
1.410000000000000000e+04 2.490421202569809367e+00 6.811846488365234410e-03
1.413000000000000000e+04 2.490577437923715554e+00 6.897285206541115335e-03
1.416000000000000000e+04 2.490919762442471708e+00 6.911090520289920464e-03
1.419000000000000000e+04 2.490681689869805204e+00 7.015901492911647865e-03
1.422000000000000000e+04 2.490641565325337758e+00 7.081495855581588367e-03
1.425000000000000000e+04 2.490861486654566637e+00 7.045008813369762340e-03
1.428000000000000000e+04 2.490196334294200398e+00 6.989687055710683966e-03
1.431000000000000000e+04 2.490095572892497167e+00 7.010925184609929223e-03
1.434000000000000000e+04 2.489864089687374715e+00 6.950058514398145884e-03
1.437000000000000000e+04 2.489974375454655942e+00 6.988323687996130830e-03
1.440000000000000000e+04 2.490203164657489587e+00 6.943827361665790704e-03
1.443000000000000000e+04 2.490121851004460041e+00 6.985915446039023952e-03
1.446000000000000000e+04 2.489792896405131017e+00 6.970755519971290337e-03
1.449000000000000000e+04 2.490185803136917730e+00 7.046172653120221820e-03
1.452000000000000000e+04 2.490174513455699401e+00 7.080096829448661797e-03
1.455000000000000000e+04 2.490014176856427675e+00 6.965070739384651884e-03
1.458000000000000000e+04 2.490260289768665203e+00 6.912710201984547005e-03
1.461000000000000000e+04 2.490019149158684719e+00 6.764657911370783837e-03
1.464000000000000000e+04 2.490198881856336310e+00 6.778755494331789935e-03
1.467000000000000000e+04 2.490267626410962887e+00 6.778340578287055281e-03
1.470000000000000000e+04 2.490532565436920809e+00 6.663767619003982748e-03
1.473000000000000000e+04 2.490706424703024613e+00 6.726670716928710540e-03
1.476000000000000000e+04 2.490217579478214649e+00 6.646605732035825061e-03
1.479000000000000000e+04 2.490288708617769409e+00 6.657904846220567656e-03
1.482000000000000000e+04 2.489922609407893894e+00 6.563295187385162315e-03
1.485000000000000000e+04 2.489841208767957337e+00 6.580868746249314213e-03
1.488000000000000000e+04 2.489470472963256409e+00 6.516754614888775783e-03
1.491000000000000000e+04 2.489426752766607187e+00 6.409579547093240820e-03
1.494000000000000000e+04 2.489785923445365867e+00 6.453010279161610838e-03
1.497000000000000000e+04 2.489933873789307750e+00 6.420664161294023682e-03
1.500000000000000000e+04 2.489783475533704049e+00 6.442229877110015532e-03
