# # n, sigma
3.000000000000000000e+01 2.797011766593703985e+00 6.921942865399788314e-02
6.000000000000000000e+01 2.681477553712134920e+00 5.035013133900179128e-02
9.000000000000000000e+01 2.639821712555914690e+00 6.587483310745509413e-02
1.200000000000000000e+02 3.061795430615206648e+00 1.480286813467274754e-01
1.500000000000000000e+02 2.642894517389645426e+00 4.061061469295718096e-02
1.800000000000000000e+02 2.632440214779338206e+00 4.408485363373088745e-02
2.100000000000000000e+02 2.611007486282756140e+00 4.542000871732693873e-02
2.400000000000000000e+02 2.577671891324795794e+00 4.092244999936065636e-02
2.700000000000000000e+02 2.489876308654399129e+00 3.804422328376482615e-02
3.000000000000000000e+02 2.540377224798668010e+00 3.555238203229666577e-02
3.300000000000000000e+02 2.519877082771527554e+00 3.207008185166732028e-02
3.600000000000000000e+02 2.524884384867982945e+00 2.568896792818484501e-02
3.900000000000000000e+02 2.536057075974554209e+00 2.580710688762256899e-02
4.200000000000000000e+02 2.521206923316065662e+00 2.627309045343652338e-02
4.500000000000000000e+02 2.520217069211116101e+00 2.583414366933502182e-02
4.800000000000000000e+02 2.530814654284928356e+00 2.501060731318845154e-02
5.100000000000000000e+02 2.521142450316756545e+00 2.543291143677313057e-02
5.400000000000000000e+02 2.521402266216020038e+00 2.597907120021062874e-02
5.700000000000000000e+02 2.522868922863129804e+00 2.495482741620336231e-02
6.000000000000000000e+02 2.526592392084387129e+00 2.554813386871566949e-02
6.300000000000000000e+02 2.533848890097001316e+00 2.544613703178151901e-02
6.600000000000000000e+02 2.530402197374297835e+00 2.450281408158416427e-02
6.900000000000000000e+02 2.529387318369870297e+00 2.157286746964059629e-02
7.200000000000000000e+02 2.523591954094651424e+00 2.249645921407516028e-02
7.500000000000000000e+02 2.523660159676276216e+00 2.242540414952375744e-02
7.800000000000000000e+02 2.526107748226797067e+00 2.247726588001184786e-02
8.100000000000000000e+02 2.526762594881098334e+00 2.212031054463678426e-02
8.400000000000000000e+02 2.531923658202460459e+00 1.997345059803828232e-02
8.700000000000000000e+02 2.529843415989030841e+00 1.968722770161695015e-02
9.000000000000000000e+02 2.538412191345295721e+00 2.063607593912511820e-02
9.300000000000000000e+02 2.535860848258622458e+00 2.016246206115865358e-02
9.600000000000000000e+02 2.525476915088542995e+00 1.929538541405999633e-02
9.900000000000000000e+02 2.521018122316045496e+00 1.857105892731934424e-02
1.020000000000000000e+03 2.524982064806051696e+00 1.809550417699434463e-02
1.050000000000000000e+03 2.527157468772208926e+00 1.785822217501266754e-02
1.080000000000000000e+03 2.525401884698740052e+00 1.656451169711905397e-02
1.110000000000000000e+03 2.522119959472395312e+00 1.674263314180909901e-02
1.140000000000000000e+03 2.524276629040757225e+00 1.659031443879175824e-02
1.170000000000000000e+03 2.527093778767154575e+00 1.632880368742479701e-02
1.200000000000000000e+03 2.525750528446378596e+00 1.612413062631834829e-02
1.230000000000000000e+03 2.523684180692064682e+00 1.671775747963579611e-02
1.260000000000000000e+03 2.528525382439382518e+00 1.647782553084037663e-02
1.290000000000000000e+03 2.526956769594276064e+00 1.628594343837716160e-02
1.320000000000000000e+03 2.524801898173096415e+00 1.609049190695231377e-02
1.350000000000000000e+03 2.523214896008670660e+00 1.578590732506386304e-02
1.380000000000000000e+03 2.526085746521283149e+00 1.520374204046033746e-02
1.410000000000000000e+03 2.529349789753647659e+00 1.556051220385357321e-02
1.440000000000000000e+03 2.527296586961617741e+00 1.457899393043524984e-02
1.470000000000000000e+03 2.524993626354814058e+00 1.426037382119141328e-02
1.500000000000000000e+03 2.523094378927590142e+00 1.426071429705757197e-02
1.530000000000000000e+03 2.523082501791425791e+00 1.516183084167001260e-02
1.560000000000000000e+03 2.527601126114694896e+00 1.465177735843021731e-02
1.590000000000000000e+03 2.528985654296532992e+00 1.493935042699315666e-02
1.620000000000000000e+03 2.527871464552240877e+00 1.467381005269042908e-02
1.650000000000000000e+03 2.527114032228349849e+00 1.420132346551156513e-02
1.680000000000000000e+03 2.528456613814805909e+00 1.474113219521340501e-02
1.710000000000000000e+03 2.529226826006068407e+00 1.502183881720409522e-02
1.740000000000000000e+03 2.526683969224525317e+00 1.549188239254045002e-02
1.770000000000000000e+03 2.525806449135830967e+00 1.514084977409324052e-02
1.800000000000000000e+03 2.526022183407525379e+00 1.440193867589843225e-02
1.830000000000000000e+03 2.528511274277779997e+00 1.400853958332430593e-02
1.860000000000000000e+03 2.530025128259641320e+00 1.394700246166673263e-02
1.890000000000000000e+03 2.532570012164231610e+00 1.386403635481971673e-02
1.920000000000000000e+03 2.532331809545533385e+00 1.445547750166883451e-02
1.950000000000000000e+03 2.533328302043051039e+00 1.396288367923465522e-02
1.980000000000000000e+03 2.533728899581681127e+00 1.462215723728899422e-02
2.010000000000000000e+03 2.534258993706309138e+00 1.456862677980357360e-02
2.040000000000000000e+03 2.534052106855512410e+00 1.388965740830052503e-02
2.070000000000000000e+03 2.533282632956182834e+00 1.325168814630138005e-02
2.100000000000000000e+03 2.533794501254999165e+00 1.276875318762991235e-02
2.130000000000000000e+03 2.535111995984630440e+00 1.290440311441284384e-02
2.160000000000000000e+03 2.532276314912397019e+00 1.239633449858429728e-02
2.190000000000000000e+03 2.530435313101187411e+00 1.225906823725041693e-02
2.220000000000000000e+03 2.528833548030581913e+00 1.240558242096512741e-02
2.250000000000000000e+03 2.528249521005987432e+00 1.240502418558220299e-02
2.280000000000000000e+03 2.524871727230992846e+00 1.259867054307996226e-02
2.310000000000000000e+03 2.525708445384603262e+00 1.223252384243067245e-02
2.340000000000000000e+03 2.524063052703249710e+00 1.195315382862543498e-02
2.370000000000000000e+03 2.524175691482860362e+00 1.184914336610259390e-02
2.400000000000000000e+03 2.525849829291721971e+00 1.211172204149622671e-02
2.430000000000000000e+03 2.527886147155541607e+00 1.243054538614189741e-02
2.460000000000000000e+03 2.526802279498887138e+00 1.312381944774711554e-02
2.490000000000000000e+03 2.523957983878058364e+00 1.282559715586559235e-02
2.520000000000000000e+03 2.521745670819209639e+00 1.269927935128102071e-02
2.550000000000000000e+03 2.520410479953325567e+00 1.348751112798146981e-02
2.580000000000000000e+03 2.517990749370754511e+00 1.319782331025003488e-02
2.610000000000000000e+03 2.519006040918450484e+00 1.292654185776867873e-02
2.640000000000000000e+03 2.519634480097387108e+00 1.289710800139517478e-02
2.670000000000000000e+03 2.518504774470346153e+00 1.325103950271335970e-02
2.700000000000000000e+03 2.518281411005775627e+00 1.383610496087951322e-02
2.730000000000000000e+03 2.517078747067151401e+00 1.347715332240488617e-02
2.760000000000000000e+03 2.516147066338588090e+00 1.351487159289014445e-02
2.790000000000000000e+03 2.516501711077161030e+00 1.344445001531150569e-02
2.820000000000000000e+03 2.514985427060100864e+00 1.370187773047160454e-02
2.850000000000000000e+03 2.516025784170765167e+00 1.383929016883449561e-02
2.880000000000000000e+03 2.515456104144709215e+00 1.360611819500419026e-02
2.910000000000000000e+03 2.515597494372920906e+00 1.402130384755094668e-02
2.940000000000000000e+03 2.515571941996421756e+00 1.384193418677700203e-02
2.970000000000000000e+03 2.516861581223645228e+00 1.387171660413158772e-02
3.000000000000000000e+03 2.514317680739273975e+00 1.378522837553299539e-02
3.030000000000000000e+03 2.512440016563479261e+00 1.348121569243169830e-02
3.060000000000000000e+03 2.512247434202635521e+00 1.312048947008038167e-02
3.090000000000000000e+03 2.510589285936847492e+00 1.317205497080086579e-02
3.120000000000000000e+03 2.509544378646165086e+00 1.303426601760062503e-02
3.150000000000000000e+03 2.507551167296594219e+00 1.311498253569370540e-02
3.180000000000000000e+03 2.506700921708918006e+00 1.300631984131709294e-02
3.210000000000000000e+03 2.506827147805175127e+00 1.286501208958044928e-02
3.240000000000000000e+03 2.507897478861515594e+00 1.286464068526949577e-02
3.270000000000000000e+03 2.505968481980907381e+00 1.283451886385432623e-02
3.300000000000000000e+03 2.505101795602125314e+00 1.284389666563048871e-02
3.330000000000000000e+03 2.503718582372715495e+00 1.268844585886176081e-02
3.360000000000000000e+03 2.504465863089383237e+00 1.267165916058000073e-02
3.390000000000000000e+03 2.506633383994985032e+00 1.264582349553062222e-02
3.420000000000000000e+03 2.510321498122042527e+00 1.279709917971018351e-02
3.450000000000000000e+03 2.509261301399220656e+00 1.261671683033966686e-02
3.480000000000000000e+03 2.506896284758799887e+00 1.254504290869666062e-02
3.510000000000000000e+03 2.507713602211550707e+00 1.264496930519160359e-02
3.540000000000000000e+03 2.509036961055221671e+00 1.255894663065163820e-02
3.570000000000000000e+03 2.508228189645964612e+00 1.242932503741961056e-02
3.600000000000000000e+03 2.507773034008263124e+00 1.235178854706780668e-02
3.630000000000000000e+03 2.506332298193423291e+00 1.258608864012831195e-02
3.660000000000000000e+03 2.504848226074941842e+00 1.234134438599463444e-02
3.690000000000000000e+03 2.506567543760747530e+00 1.231526774302328132e-02
3.720000000000000000e+03 2.506092500243786159e+00 1.266121925459093127e-02
3.750000000000000000e+03 2.506440184490623668e+00 1.266588414920777513e-02
3.780000000000000000e+03 2.503017479912252874e+00 1.259539962253348327e-02
3.810000000000000000e+03 2.503837555927373781e+00 1.250478975488131250e-02
3.840000000000000000e+03 2.504176531143325057e+00 1.234991120468911449e-02
3.870000000000000000e+03 2.502670683576822430e+00 1.228395741743730854e-02
3.900000000000000000e+03 2.502534598398911125e+00 1.214428608975175530e-02
3.930000000000000000e+03 2.502694565367146406e+00 1.218145269993043019e-02
3.960000000000000000e+03 2.502461755002661992e+00 1.208380449175023956e-02
3.990000000000000000e+03 2.502089214326996824e+00 1.210037537348477438e-02
4.020000000000000000e+03 2.502550561729977918e+00 1.186344991318729475e-02
4.050000000000000000e+03 2.501946628584988286e+00 1.184517482737409977e-02
4.080000000000000000e+03 2.502822576071316529e+00 1.163890060211420809e-02
4.110000000000000000e+03 2.504135437999222003e+00 1.146055191204238197e-02
4.140000000000000000e+03 2.505312026771663092e+00 1.117206024858074728e-02
4.170000000000000000e+03 2.505760102132653877e+00 1.113681493945226954e-02
4.200000000000000000e+03 2.505792998603509236e+00 1.079198354945896422e-02
4.230000000000000000e+03 2.506665011430605716e+00 1.090247806631190058e-02
4.260000000000000000e+03 2.507846620904524926e+00 1.078462921179319106e-02
4.290000000000000000e+03 2.506791032412000853e+00 1.076290911942198378e-02
4.320000000000000000e+03 2.506598092131553379e+00 1.039126542941761627e-02
4.350000000000000000e+03 2.506084216686578436e+00 1.066562384305924996e-02
4.380000000000000000e+03 2.505532344658311317e+00 1.054721548493304031e-02
4.410000000000000000e+03 2.506735392795518713e+00 1.057311875687853668e-02
4.440000000000000000e+03 2.506951081343366194e+00 1.041768144259196810e-02
4.470000000000000000e+03 2.505634599549080743e+00 1.040354526845905028e-02
4.500000000000000000e+03 2.506067244720403320e+00 1.073433171732224474e-02
4.530000000000000000e+03 2.508408194066950259e+00 1.081290113992788675e-02
4.560000000000000000e+03 2.506374988246312885e+00 1.106891628065002214e-02
4.590000000000000000e+03 2.506631865836510986e+00 1.094861561286015333e-02
4.620000000000000000e+03 2.508430868636004618e+00 1.080159917067805182e-02
4.650000000000000000e+03 2.508529004840808430e+00 1.088039479912880463e-02
4.680000000000000000e+03 2.509563174480692549e+00 1.074075187921868721e-02
4.710000000000000000e+03 2.508829328574040840e+00 1.069444206000296285e-02
4.740000000000000000e+03 2.510258339145599926e+00 1.089211402680539259e-02
4.770000000000000000e+03 2.509718533346907865e+00 1.084371823900547559e-02
4.800000000000000000e+03 2.508644317102699528e+00 1.085870877392326218e-02
4.830000000000000000e+03 2.507695249615688571e+00 1.093712122183205376e-02
4.860000000000000000e+03 2.508415618655695845e+00 1.088355675599411015e-02
4.890000000000000000e+03 2.508331870717967593e+00 1.064173409638641092e-02
4.920000000000000000e+03 2.507426755501186211e+00 1.078554370357543563e-02
4.950000000000000000e+03 2.507284429470291620e+00 1.090324599986796511e-02
4.980000000000000000e+03 2.507419975058189809e+00 1.096137692987871406e-02
5.010000000000000000e+03 2.508278920562561520e+00 1.087317615280786014e-02
5.040000000000000000e+03 2.508830205110751610e+00 1.086368481590756219e-02
5.070000000000000000e+03 2.508303514075361118e+00 1.048744963013030669e-02
5.100000000000000000e+03 2.508498639733185431e+00 1.037406583352536160e-02
5.130000000000000000e+03 2.509376649373751711e+00 1.085017827450190583e-02
5.160000000000000000e+03 2.509344681629343654e+00 1.065744022159383769e-02
5.190000000000000000e+03 2.510932062144973109e+00 1.056394934520380087e-02
5.220000000000000000e+03 2.511266739006494220e+00 1.060014707785764294e-02
5.250000000000000000e+03 2.512981504822323409e+00 1.043169552647822164e-02
5.280000000000000000e+03 2.511515961254893625e+00 1.019423362850521361e-02
5.310000000000000000e+03 2.510360614015506808e+00 1.005768434125105075e-02
5.340000000000000000e+03 2.508975667113881869e+00 9.776098613163072826e-03
5.370000000000000000e+03 2.508374202221351990e+00 9.779970927263381339e-03
5.400000000000000000e+03 2.507442996164530147e+00 9.719574020357920133e-03
5.430000000000000000e+03 2.506595805071094141e+00 9.673648581921783299e-03
5.460000000000000000e+03 2.507499482565729298e+00 9.838003316126966297e-03
5.490000000000000000e+03 2.507434225385024362e+00 9.944248301164295908e-03
5.520000000000000000e+03 2.507660640153620335e+00 1.010289881856450342e-02
5.550000000000000000e+03 2.507912178404463344e+00 9.803016077328344582e-03
5.580000000000000000e+03 2.506908921061758111e+00 9.930965892775592968e-03
5.610000000000000000e+03 2.508128810676376386e+00 9.969837578792781554e-03
5.640000000000000000e+03 2.506955104144821700e+00 9.934953392171715081e-03
5.670000000000000000e+03 2.507402926993952619e+00 9.665058108753347282e-03
5.700000000000000000e+03 2.507887561049798375e+00 9.436741076830647973e-03
5.730000000000000000e+03 2.506959705595184662e+00 9.161225253292768975e-03
5.760000000000000000e+03 2.506067805368825674e+00 9.154271168322652974e-03
5.790000000000000000e+03 2.505325323462654019e+00 8.965482308839260034e-03
5.820000000000000000e+03 2.503646115046314069e+00 8.760142260144232820e-03
5.850000000000000000e+03 2.502541423075930638e+00 8.750708380800699404e-03
5.880000000000000000e+03 2.502625581980665537e+00 8.728715889509812767e-03
5.910000000000000000e+03 2.502318063318085706e+00 8.761445207828960288e-03
5.940000000000000000e+03 2.502410468227584062e+00 8.903883345592097931e-03
5.970000000000000000e+03 2.502504059158912053e+00 8.957201340984924029e-03
6.000000000000000000e+03 2.502230839726378164e+00 8.989759040057002798e-03
6.030000000000000000e+03 2.500942282923556803e+00 8.803704654954240885e-03
6.060000000000000000e+03 2.499762634548743812e+00 8.914821801256769124e-03
6.090000000000000000e+03 2.501388218144610764e+00 8.859274542211562423e-03
6.120000000000000000e+03 2.501152230946178445e+00 8.989014468565738325e-03
6.150000000000000000e+03 2.500950456634611019e+00 8.721772823793305304e-03
6.180000000000000000e+03 2.501004072904524644e+00 8.728722453238609361e-03
6.210000000000000000e+03 2.501123440497712735e+00 8.685145755139485682e-03
6.240000000000000000e+03 2.500982864317952359e+00 8.625677666199642324e-03
6.270000000000000000e+03 2.502031310253452823e+00 8.576504985704013623e-03
6.300000000000000000e+03 2.502360031596722489e+00 8.670314499857577351e-03
6.330000000000000000e+03 2.502261182944359508e+00 8.564531789300793355e-03
6.360000000000000000e+03 2.502839451793549497e+00 8.481732407697053708e-03
6.390000000000000000e+03 2.503088494601980685e+00 8.526962011097795335e-03
6.420000000000000000e+03 2.504491363491312850e+00 8.450328772587454088e-03
6.450000000000000000e+03 2.503633821077608790e+00 8.710999598049225245e-03
6.480000000000000000e+03 2.503897827257509423e+00 8.904076023636561810e-03
6.510000000000000000e+03 2.503722643914219503e+00 8.894040966002008178e-03
6.540000000000000000e+03 2.502699318713311527e+00 8.737109609162950832e-03
6.570000000000000000e+03 2.503191108129861675e+00 8.779372263092883114e-03
6.600000000000000000e+03 2.503727216742515083e+00 8.769820111820269409e-03
6.630000000000000000e+03 2.503422664827461119e+00 8.596670282596122550e-03
6.660000000000000000e+03 2.501834566388696057e+00 8.554363353989027918e-03
6.690000000000000000e+03 2.502162029128265797e+00 8.571411754031324493e-03
6.720000000000000000e+03 2.501985663700078799e+00 8.505977241670679631e-03
6.750000000000000000e+03 2.501836942823443710e+00 8.496050302118722183e-03
6.780000000000000000e+03 2.502187958522584132e+00 8.424198863301878698e-03
6.810000000000000000e+03 2.501655368131010082e+00 8.197947868456671727e-03
6.840000000000000000e+03 2.501140671705416985e+00 8.206227693198325096e-03
6.870000000000000000e+03 2.500455222536715372e+00 8.103474121663508528e-03
6.900000000000000000e+03 2.500534827255031178e+00 8.346012265987114154e-03
6.930000000000000000e+03 2.499894239716982103e+00 8.408823582098313293e-03
6.960000000000000000e+03 2.500581780746490512e+00 8.353816211685910140e-03
6.990000000000000000e+03 2.500468528525027434e+00 8.187684028757757221e-03
7.020000000000000000e+03 2.500144776175178496e+00 8.234664815503951740e-03
7.050000000000000000e+03 2.500366830796958872e+00 8.191547041276007329e-03
7.080000000000000000e+03 2.499779104856266088e+00 8.247431555264641070e-03
7.110000000000000000e+03 2.499235342628408851e+00 8.378045634197450395e-03
7.140000000000000000e+03 2.498911991210519989e+00 8.387150892565926885e-03
7.170000000000000000e+03 2.498297107706231923e+00 8.395528884409196244e-03
7.200000000000000000e+03 2.498063578605894897e+00 8.391938413882684897e-03
7.230000000000000000e+03 2.498825860809708477e+00 8.369328343303035836e-03
7.260000000000000000e+03 2.499134032022299223e+00 8.402493118735828923e-03
7.290000000000000000e+03 2.498999011556905181e+00 8.460045648702617035e-03
7.320000000000000000e+03 2.498134474381374481e+00 8.606823115010426087e-03
7.350000000000000000e+03 2.498425794920335008e+00 8.529482691215319046e-03
7.380000000000000000e+03 2.497723769125884452e+00 8.519025049904472430e-03
7.410000000000000000e+03 2.497108249036840810e+00 8.564164118277480670e-03
7.440000000000000000e+03 2.496598844107047022e+00 8.645374347785433206e-03
7.470000000000000000e+03 2.496546275983370311e+00 8.756518841131663913e-03
7.500000000000000000e+03 2.496449717575490279e+00 8.766083521284055019e-03
7.530000000000000000e+03 2.496914468173446089e+00 8.869991635172084013e-03
7.560000000000000000e+03 2.496436483087402625e+00 8.761131763130754896e-03
7.590000000000000000e+03 2.496135103283275480e+00 8.755197602425910525e-03
7.620000000000000000e+03 2.495506694199839615e+00 8.456668270413181948e-03
7.650000000000000000e+03 2.494896977014375405e+00 8.423295613763287504e-03
7.680000000000000000e+03 2.494274972528462531e+00 8.438485989048437677e-03
7.710000000000000000e+03 2.495099721683628147e+00 8.430793239941052064e-03
7.740000000000000000e+03 2.494911928772801435e+00 8.244662418873047183e-03
7.770000000000000000e+03 2.494964652006592676e+00 8.097153496913058607e-03
7.800000000000000000e+03 2.495764335044335702e+00 8.077532846655315416e-03
7.830000000000000000e+03 2.496048212479582418e+00 8.013023829931230704e-03
7.860000000000000000e+03 2.496284275646560413e+00 7.973344463295947010e-03
7.890000000000000000e+03 2.496364415181293150e+00 7.969992146597017907e-03
7.920000000000000000e+03 2.496313405861415813e+00 7.890602143798011725e-03
7.950000000000000000e+03 2.495843821167758492e+00 7.974464546666245809e-03
7.980000000000000000e+03 2.495893774647087060e+00 7.926868441172286311e-03
8.010000000000000000e+03 2.495739497041722377e+00 8.022020815025976762e-03
8.040000000000000000e+03 2.496289136367787265e+00 7.897879214002236081e-03
8.070000000000000000e+03 2.496335151772042238e+00 7.799485412589548562e-03
8.100000000000000000e+03 2.496863923453735534e+00 7.799953337324243285e-03
8.130000000000000000e+03 2.497257150890876964e+00 7.721630870728348091e-03
8.160000000000000000e+03 2.497497401298992781e+00 7.930110021450753263e-03
8.190000000000000000e+03 2.498419915421285609e+00 7.986206312322101375e-03
8.220000000000000000e+03 2.499743222441639823e+00 8.013222952714397357e-03
8.250000000000000000e+03 2.500427297689682415e+00 8.082165561917568561e-03
8.280000000000000000e+03 2.500908313025026697e+00 8.070296512031900626e-03
8.310000000000000000e+03 2.500654733224417114e+00 8.138240247690886608e-03
8.340000000000000000e+03 2.500515088624144511e+00 8.253224515325575592e-03
8.370000000000000000e+03 2.500750525190038154e+00 8.354661497524748168e-03
8.400000000000000000e+03 2.500676620181887522e+00 8.409851467025476757e-03
8.430000000000000000e+03 2.501052131690957303e+00 8.421148533370510780e-03
8.460000000000000000e+03 2.501714967676297974e+00 8.483111094104101024e-03
8.490000000000000000e+03 2.501575674840493146e+00 8.506798082444427464e-03
8.520000000000000000e+03 2.501586868999989832e+00 8.615468782620611804e-03
8.550000000000000000e+03 2.501132924339270591e+00 8.625302905044209337e-03
8.580000000000000000e+03 2.501413023433367577e+00 8.545384838365838176e-03
8.610000000000000000e+03 2.500420779109817637e+00 8.405040338254218812e-03
8.640000000000000000e+03 2.501035460097907226e+00 8.400499443751464901e-03
8.670000000000000000e+03 2.500370939562035932e+00 8.229562885121471938e-03
8.700000000000000000e+03 2.500287526549482831e+00 8.149919571544797861e-03
8.730000000000000000e+03 2.500121367396495486e+00 8.285956979337717396e-03
8.760000000000000000e+03 2.500411465793328958e+00 8.298531571566465648e-03
8.790000000000000000e+03 2.501054409998976436e+00 8.409837188857724466e-03
8.820000000000000000e+03 2.500551154455166181e+00 8.401586399785434742e-03
8.850000000000000000e+03 2.500551898484823177e+00 8.585753915829323624e-03
8.880000000000000000e+03 2.500010659583296935e+00 8.572629762078856630e-03
8.910000000000000000e+03 2.500400978210641334e+00 8.519023677016134694e-03
8.940000000000000000e+03 2.499803297016883530e+00 8.462865853113362910e-03
8.970000000000000000e+03 2.499664329716523081e+00 8.294844217576972933e-03
9.000000000000000000e+03 2.498710638050419153e+00 8.207802698301226024e-03
9.030000000000000000e+03 2.499226549346436510e+00 8.211098910952329202e-03
9.060000000000000000e+03 2.500052822523536555e+00 8.202149850994501154e-03
9.090000000000000000e+03 2.500159210857729519e+00 8.216360629996857443e-03
9.120000000000000000e+03 2.499726486744580090e+00 8.276645150343778234e-03
9.150000000000000000e+03 2.500745802748525204e+00 8.238165550454923380e-03
9.180000000000000000e+03 2.501219482624566393e+00 8.294721011307522318e-03
9.210000000000000000e+03 2.501777847631512230e+00 8.395365692256467546e-03
9.240000000000000000e+03 2.501415853847371640e+00 8.333373713059474136e-03
9.270000000000000000e+03 2.501149647208510629e+00 8.202619589401237421e-03
9.300000000000000000e+03 2.501342729965938982e+00 8.217586558324583429e-03
9.330000000000000000e+03 2.501308040284150547e+00 8.186932478463844129e-03
9.360000000000000000e+03 2.501508024770637384e+00 8.135131583340298247e-03
9.390000000000000000e+03 2.501245358251225070e+00 8.109333669378385873e-03
9.420000000000000000e+03 2.501078932075400996e+00 8.008872655456116679e-03
9.450000000000000000e+03 2.501706066529516548e+00 7.939738454020486141e-03
9.480000000000000000e+03 2.501723972920866235e+00 7.841016065793002254e-03
9.510000000000000000e+03 2.502243808151777937e+00 7.816265364040505398e-03
9.540000000000000000e+03 2.502474345553445723e+00 7.893081677594901771e-03
9.570000000000000000e+03 2.502858618731722107e+00 7.952434325798125869e-03
9.600000000000000000e+03 2.502706579334497583e+00 7.869117025465771978e-03
9.630000000000000000e+03 2.502635071787747911e+00 7.967249347621153249e-03
9.660000000000000000e+03 2.502316689573153674e+00 7.860308403249534337e-03
9.690000000000000000e+03 2.503041258717197959e+00 7.832748111217554751e-03
9.720000000000000000e+03 2.502974103484679524e+00 7.911852424231308537e-03
9.750000000000000000e+03 2.502841244226561290e+00 7.933047816374808395e-03
9.780000000000000000e+03 2.503498648763067269e+00 7.861691766138958343e-03
9.810000000000000000e+03 2.503620877101085718e+00 7.766688664101282537e-03
9.840000000000000000e+03 2.503357121587241441e+00 7.843462692874961228e-03
9.870000000000000000e+03 2.502274122932452993e+00 7.920837664424472055e-03
9.900000000000000000e+03 2.502131200800447708e+00 7.836600582250096217e-03
9.930000000000000000e+03 2.502371615082059630e+00 8.069132687017992536e-03
9.960000000000000000e+03 2.501905146880613273e+00 8.172406079167471304e-03
9.990000000000000000e+03 2.502079832535173409e+00 8.152516115721082299e-03
1.002000000000000000e+04 2.502135965726497435e+00 8.126373962635918130e-03
1.005000000000000000e+04 2.501626294659265781e+00 8.002010881576504878e-03
1.008000000000000000e+04 2.501726081189850515e+00 7.994215059212583449e-03
1.011000000000000000e+04 2.502533385676557032e+00 8.026132992704130761e-03
1.014000000000000000e+04 2.502202306741131643e+00 7.998107251680128954e-03
1.017000000000000000e+04 2.501469483822950757e+00 8.005009798016981051e-03
1.020000000000000000e+04 2.501772444937228723e+00 8.081291928161996041e-03
1.023000000000000000e+04 2.501497002127538227e+00 7.997526669447712136e-03
1.026000000000000000e+04 2.501993502177642714e+00 7.942445404431879713e-03
1.029000000000000000e+04 2.502403245214893879e+00 7.943189206596873095e-03
1.032000000000000000e+04 2.502389687499419146e+00 7.867456432499166791e-03
1.035000000000000000e+04 2.502252376472489992e+00 7.801803254666925085e-03
1.038000000000000000e+04 2.501808391830578682e+00 7.890317524942434130e-03
1.041000000000000000e+04 2.502758196228016985e+00 7.884180974778016299e-03
1.044000000000000000e+04 2.503143829387361130e+00 7.902700883127248763e-03
1.047000000000000000e+04 2.503397545261621282e+00 7.864689498141693921e-03
1.050000000000000000e+04 2.503180806393930258e+00 7.861619535339196829e-03
1.053000000000000000e+04 2.503272703916280761e+00 7.911494496008052157e-03
1.056000000000000000e+04 2.502871776237978629e+00 7.955634092523611658e-03
1.059000000000000000e+04 2.502819057414604753e+00 7.876170055729615413e-03
1.062000000000000000e+04 2.502875501696370186e+00 7.747275856110419183e-03
1.065000000000000000e+04 2.502383543958933920e+00 7.737679754273174212e-03
1.068000000000000000e+04 2.502551935139368577e+00 7.703739462717909374e-03
1.071000000000000000e+04 2.503409464635095727e+00 7.722459334141978937e-03
1.074000000000000000e+04 2.503697636703294815e+00 7.715173963506698554e-03
1.077000000000000000e+04 2.503249967141699450e+00 7.670564598061411533e-03
1.080000000000000000e+04 2.502874988631877962e+00 7.652616095403177651e-03
1.083000000000000000e+04 2.502568205864740492e+00 7.523689486116834357e-03
1.086000000000000000e+04 2.502625740377022900e+00 7.397648000322310478e-03
1.089000000000000000e+04 2.503403374139804072e+00 7.450006925590365973e-03
1.092000000000000000e+04 2.503071987450620206e+00 7.453619382646615651e-03
1.095000000000000000e+04 2.502467161143517416e+00 7.474981128890415168e-03
1.098000000000000000e+04 2.502801599875680516e+00 7.503116811221466516e-03
1.101000000000000000e+04 2.503158390337061334e+00 7.492662965689278302e-03
1.104000000000000000e+04 2.503924655967959101e+00 7.556178621357965280e-03
1.107000000000000000e+04 2.504450969316633024e+00 7.584643877438735672e-03
1.110000000000000000e+04 2.505467297935453086e+00 7.387498913331951023e-03
1.113000000000000000e+04 2.505165315917525781e+00 7.403010439495967196e-03
1.116000000000000000e+04 2.505124725808768993e+00 7.452851197132908875e-03
1.119000000000000000e+04 2.505238239074059514e+00 7.455811092533301022e-03
1.122000000000000000e+04 2.504606736888331131e+00 7.434366378672611041e-03
1.125000000000000000e+04 2.504328926276113698e+00 7.462096266733283557e-03
1.128000000000000000e+04 2.503592166078274950e+00 7.438394227800236222e-03
1.131000000000000000e+04 2.503767503429650265e+00 7.367674899846738193e-03
1.134000000000000000e+04 2.503972403724648021e+00 7.325255165480624997e-03
1.137000000000000000e+04 2.504010525098645523e+00 7.247947275020172678e-03
1.140000000000000000e+04 2.503654595799346794e+00 7.341697498703067017e-03
1.143000000000000000e+04 2.503205588131958148e+00 7.335205142087622941e-03
1.146000000000000000e+04 2.503129450719955074e+00 7.267077964461113662e-03
1.149000000000000000e+04 2.503184515784800723e+00 7.317708881268382079e-03
1.152000000000000000e+04 2.503600498744528391e+00 7.237648991295456483e-03
1.155000000000000000e+04 2.503455821106701062e+00 7.233417854872404434e-03
1.158000000000000000e+04 2.503402848316161666e+00 7.134927102507224173e-03
1.161000000000000000e+04 2.503178614625128251e+00 7.103650523928499959e-03
1.164000000000000000e+04 2.503403904112367240e+00 6.952743527173673582e-03
1.167000000000000000e+04 2.503400199564237649e+00 6.881302714240500676e-03
1.170000000000000000e+04 2.503692938200093643e+00 6.939552647827776539e-03
1.173000000000000000e+04 2.503708917609707818e+00 6.845429532109686271e-03
1.176000000000000000e+04 2.503886714525894952e+00 6.855954236201832440e-03
1.179000000000000000e+04 2.503892654471019164e+00 6.829847533256277678e-03
1.182000000000000000e+04 2.503713955652337120e+00 6.947089580493545635e-03
1.185000000000000000e+04 2.502868257495809878e+00 6.807319949104922302e-03
1.188000000000000000e+04 2.502539742730791605e+00 6.812943205534482786e-03
1.191000000000000000e+04 2.502157134328592214e+00 6.758246673454298276e-03
1.194000000000000000e+04 2.502045423056469708e+00 6.762873812727482510e-03
1.197000000000000000e+04 2.502331479274391146e+00 6.670711311355349664e-03
1.200000000000000000e+04 2.502535734325725958e+00 6.619495312630886003e-03
1.203000000000000000e+04 2.502777738440492783e+00 6.522139585165636147e-03
1.206000000000000000e+04 2.502738367610330084e+00 6.411432831401215997e-03
1.209000000000000000e+04 2.502881106085334206e+00 6.330729441110906699e-03
1.212000000000000000e+04 2.503284907112560909e+00 6.393451212960019926e-03
1.215000000000000000e+04 2.502826249364978661e+00 6.403504854423634242e-03
1.218000000000000000e+04 2.502956493246093483e+00 6.401651376284561192e-03
1.221000000000000000e+04 2.503103775008360898e+00 6.400838954659080794e-03
1.224000000000000000e+04 2.503906637402696589e+00 6.432230065865077867e-03
1.227000000000000000e+04 2.504260746212613853e+00 6.493440626335497852e-03
1.230000000000000000e+04 2.504271548828618243e+00 6.477748607781716635e-03
1.233000000000000000e+04 2.504635328777845338e+00 6.426611520042218098e-03
1.236000000000000000e+04 2.505001526244627463e+00 6.411038922226346484e-03
1.239000000000000000e+04 2.505218020303918713e+00 6.360634558985057453e-03
1.242000000000000000e+04 2.505786576291566092e+00 6.391297287724279942e-03
1.245000000000000000e+04 2.506906166410064696e+00 6.425830228999421419e-03
1.248000000000000000e+04 2.506786568757285671e+00 6.345049362165212058e-03
1.251000000000000000e+04 2.506712406218230438e+00 6.337057220423818193e-03
1.254000000000000000e+04 2.506782639798655676e+00 6.317006887900366956e-03
1.257000000000000000e+04 2.506292774464773832e+00 6.369164123233038433e-03
1.260000000000000000e+04 2.505864023829999176e+00 6.427131377013902726e-03
1.263000000000000000e+04 2.505665263761232442e+00 6.412852680757146970e-03
1.266000000000000000e+04 2.505339571086349970e+00 6.378880069799846425e-03
1.269000000000000000e+04 2.505141496381513733e+00 6.414496533836901333e-03
1.272000000000000000e+04 2.504901515214973617e+00 6.387396217418146900e-03
1.275000000000000000e+04 2.504406573804166314e+00 6.536338108647252697e-03
1.278000000000000000e+04 2.504193522887126377e+00 6.469680624466256705e-03
1.281000000000000000e+04 2.504108602882624268e+00 6.431754733887584848e-03
1.284000000000000000e+04 2.504056997355798675e+00 6.406947415053429636e-03
1.287000000000000000e+04 2.504068329850251295e+00 6.377401923784027128e-03
1.290000000000000000e+04 2.503477196387551729e+00 6.371533205678686293e-03
1.293000000000000000e+04 2.504060110876786815e+00 6.323838975977821159e-03
1.296000000000000000e+04 2.503983803818796261e+00 6.297243562496777566e-03
1.299000000000000000e+04 2.503541161489927447e+00 6.280694310265701880e-03
1.302000000000000000e+04 2.502738659705649571e+00 6.244958558172503983e-03
1.305000000000000000e+04 2.502396224390717627e+00 6.209617922808115253e-03
1.308000000000000000e+04 2.501729740051367834e+00 6.178677653730990822e-03
1.311000000000000000e+04 2.501265637789217511e+00 6.203447114614959838e-03
1.314000000000000000e+04 2.501533912343591126e+00 6.368220658639993197e-03
1.317000000000000000e+04 2.501939776707034380e+00 6.301528454104365039e-03
1.320000000000000000e+04 2.501945545099129919e+00 6.344614388172255780e-03
1.323000000000000000e+04 2.501667754214949024e+00 6.366157674813478426e-03
1.326000000000000000e+04 2.501397728055199110e+00 6.407131474774221611e-03
1.329000000000000000e+04 2.501182637773489148e+00 6.310666972616753995e-03
1.332000000000000000e+04 2.501117584117731774e+00 6.436067776862736643e-03
1.335000000000000000e+04 2.501677997083431304e+00 6.375147500792176236e-03
1.338000000000000000e+04 2.501719993432052647e+00 6.319655221337663019e-03
1.341000000000000000e+04 2.501521969457813466e+00 6.395779385390177110e-03
1.344000000000000000e+04 2.501937619047013506e+00 6.423342541655602603e-03
1.347000000000000000e+04 2.502050150131403417e+00 6.414545249026484992e-03
1.350000000000000000e+04 2.502441105931399790e+00 6.398986801945978978e-03
1.353000000000000000e+04 2.502269030139332440e+00 6.396435464252316072e-03
1.356000000000000000e+04 2.502647045991433838e+00 6.346531567269909739e-03
1.359000000000000000e+04 2.502596826527589080e+00 6.355632885600837403e-03
1.362000000000000000e+04 2.503117965036510739e+00 6.353415284657435921e-03
1.365000000000000000e+04 2.503381481902850147e+00 6.314313990335944544e-03
1.368000000000000000e+04 2.503118669803277019e+00 6.375933757214900452e-03
1.371000000000000000e+04 2.503079740443191259e+00 6.358071903159597318e-03
1.374000000000000000e+04 2.503328089009688284e+00 6.375669610533761175e-03
1.377000000000000000e+04 2.503867120260753865e+00 6.364557741374747037e-03
1.380000000000000000e+04 2.503386460035766259e+00 6.392268636696840645e-03
1.383000000000000000e+04 2.503946361127725506e+00 6.373348309472420814e-03
1.386000000000000000e+04 2.503760392721445349e+00 6.391212968713790889e-03
1.389000000000000000e+04 2.503395476009257159e+00 6.347165048357760603e-03
1.392000000000000000e+04 2.503794497512748407e+00 6.282170000865911624e-03
1.395000000000000000e+04 2.503526286692618452e+00 6.297901320606320852e-03
1.398000000000000000e+04 2.503254183570154279e+00 6.218698854370860452e-03
1.401000000000000000e+04 2.502980770393567589e+00 6.290996787385726152e-03
1.404000000000000000e+04 2.502586554637356464e+00 6.307774387941660066e-03
1.407000000000000000e+04 2.502402782918164537e+00 6.285558098582983907e-03
1.410000000000000000e+04 2.502764331763658312e+00 6.319986735246975809e-03
1.413000000000000000e+04 2.502951433945755699e+00 6.365137915618477617e-03
1.416000000000000000e+04 2.502881485990447796e+00 6.240008634277476908e-03
1.419000000000000000e+04 2.502740791443890611e+00 6.256399170576312785e-03
1.422000000000000000e+04 2.502160393937967964e+00 6.388116036729858845e-03
1.425000000000000000e+04 2.501931623870657706e+00 6.417812275693122147e-03
1.428000000000000000e+04 2.502234451182772101e+00 6.377248181522300954e-03
1.431000000000000000e+04 2.501804272000909712e+00 6.387193222679586786e-03
1.434000000000000000e+04 2.502198623414272571e+00 6.304787780372235646e-03
1.437000000000000000e+04 2.502093959441471949e+00 6.289915799381026740e-03
1.440000000000000000e+04 2.502222018295653161e+00 6.238446026457845385e-03
1.443000000000000000e+04 2.502270180580292269e+00 6.214460371393791364e-03
1.446000000000000000e+04 2.502467778253258945e+00 6.203000570305827917e-03
1.449000000000000000e+04 2.502684265435968669e+00 6.239718149181786716e-03
1.452000000000000000e+04 2.503264190929832544e+00 6.380818557250890304e-03
1.455000000000000000e+04 2.502708718586904801e+00 6.301647443690023588e-03
1.458000000000000000e+04 2.502499438833766465e+00 6.234571885893694723e-03
1.461000000000000000e+04 2.502922159332438667e+00 6.155721038179635951e-03
1.464000000000000000e+04 2.503514566905913341e+00 6.227134546150587917e-03
1.467000000000000000e+04 2.503513267548801657e+00 6.266355611559615811e-03
1.470000000000000000e+04 2.503527366300370982e+00 6.228104241344774826e-03
1.473000000000000000e+04 2.503468039321081751e+00 6.239704989884662517e-03
1.476000000000000000e+04 2.503478887829891697e+00 6.267896274188129897e-03
1.479000000000000000e+04 2.503399529793751022e+00 6.113623354158663654e-03
1.482000000000000000e+04 2.503607289521318613e+00 6.070797275196617403e-03
1.485000000000000000e+04 2.504036740124357063e+00 6.110294846749958833e-03
1.488000000000000000e+04 2.503977130046150190e+00 6.105948780796723215e-03
1.491000000000000000e+04 2.504171874127170572e+00 6.092006855457425887e-03
1.494000000000000000e+04 2.503616858170322867e+00 6.020909431497627196e-03
1.497000000000000000e+04 2.503434481614474461e+00 6.003764166631759581e-03
1.500000000000000000e+04 2.502535500306089400e+00 6.004206560367869074e-03
