# # n, sigma
3.000000000000000000e+01 2.548422520895927690e+00 4.729636430648372775e-02
6.000000000000000000e+01 2.541118188394545285e+00 4.574784974209859106e-02
9.000000000000000000e+01 2.498971225110262928e+00 3.585546492068282520e-02
1.200000000000000000e+02 2.505705491802637130e+00 3.510232111649193992e-02
1.500000000000000000e+02 2.500237351127550856e+00 3.173668349350287909e-02
1.800000000000000000e+02 2.513347534980790776e+00 2.907000962210407047e-02
2.100000000000000000e+02 2.514644375805901610e+00 3.254174956516609624e-02
2.400000000000000000e+02 2.529046867572629420e+00 3.638220033578255797e-02
2.700000000000000000e+02 2.542700279595337065e+00 3.645879623029543715e-02
3.000000000000000000e+02 2.527244528761074527e+00 3.627921773678589173e-02
3.300000000000000000e+02 2.506587211174966523e+00 3.038524497442614616e-02
3.600000000000000000e+02 2.513314890103670152e+00 3.048588584879744628e-02
3.900000000000000000e+02 2.510770328345356628e+00 2.607385427319723614e-02
4.200000000000000000e+02 2.505099171977664074e+00 2.284184120315811695e-02
4.500000000000000000e+02 2.509488078954159374e+00 2.050180162271235049e-02
4.800000000000000000e+02 2.500180683638864920e+00 1.896925818629069393e-02
5.100000000000000000e+02 2.495612706802558201e+00 1.886450999741406606e-02
5.400000000000000000e+02 2.507300783449155634e+00 1.811389199263878022e-02
5.700000000000000000e+02 2.512758001950869069e+00 1.604785731771748644e-02
6.000000000000000000e+02 2.513358367838534058e+00 1.598345128552532482e-02
6.300000000000000000e+02 2.512254692878208129e+00 1.724323533566187588e-02
6.600000000000000000e+02 2.516526162989513260e+00 1.650846557309314927e-02
6.900000000000000000e+02 2.521859714513337458e+00 1.642332886488045984e-02
7.200000000000000000e+02 2.524489852841641735e+00 1.781323972532000352e-02
7.500000000000000000e+02 2.523448964985287812e+00 1.904637813645957897e-02
7.800000000000000000e+02 2.525204091578014509e+00 1.989511269551454478e-02
8.100000000000000000e+02 2.514433823707058036e+00 1.823877529869097000e-02
8.400000000000000000e+02 2.519293964594787383e+00 1.844327117243962574e-02
8.700000000000000000e+02 2.520562952227333398e+00 1.743813616316759046e-02
9.000000000000000000e+02 2.527796473235405905e+00 1.735146014628462935e-02
9.300000000000000000e+02 2.534210157573791644e+00 1.800932543381095208e-02
9.600000000000000000e+02 2.531179902816167893e+00 1.794706096982264659e-02
9.900000000000000000e+02 2.528080332233396010e+00 1.815586837124471067e-02
1.020000000000000000e+03 2.527423101080861656e+00 1.758143539092695690e-02
1.050000000000000000e+03 2.527522681061383114e+00 1.709694952099908086e-02
1.080000000000000000e+03 2.524433646500917394e+00 1.742055217669308265e-02
1.110000000000000000e+03 2.518068808978140893e+00 1.760402401888872675e-02
1.140000000000000000e+03 2.520364008984651072e+00 1.696574392575941198e-02
1.170000000000000000e+03 2.522406470097569020e+00 1.753035590930369578e-02
1.200000000000000000e+03 2.525165654399681436e+00 1.815155887980382868e-02
1.230000000000000000e+03 2.527524274656481218e+00 1.647210335051453936e-02
1.260000000000000000e+03 2.528744042271581449e+00 1.757339736856109932e-02
1.290000000000000000e+03 2.528378859724066174e+00 1.786505229850704479e-02
1.320000000000000000e+03 2.526672514860317076e+00 1.858079644358135579e-02
1.350000000000000000e+03 2.521976564720977532e+00 1.777058578330937763e-02
1.380000000000000000e+03 2.519501997463383436e+00 1.815177571820594457e-02
1.410000000000000000e+03 2.519638127738977218e+00 1.860972701219966094e-02
1.440000000000000000e+03 2.518212763954856381e+00 1.891667545922532528e-02
1.470000000000000000e+03 2.518179293471892954e+00 1.913387673433971162e-02
1.500000000000000000e+03 2.515914276705511821e+00 1.871136385036047123e-02
1.530000000000000000e+03 2.514427632275070490e+00 1.821609408825166504e-02
1.560000000000000000e+03 2.516477015915834947e+00 1.792479612696777982e-02
1.590000000000000000e+03 2.515851222343579163e+00 1.707780210510380023e-02
1.620000000000000000e+03 2.513095236133654709e+00 1.643681919058695429e-02
1.650000000000000000e+03 2.516571703395033666e+00 1.602205048921402641e-02
1.680000000000000000e+03 2.516924460265439478e+00 1.504855812207778025e-02
1.710000000000000000e+03 2.517871480970771625e+00 1.417378464229557093e-02
1.740000000000000000e+03 2.519512247401451965e+00 1.454243773511040665e-02
1.770000000000000000e+03 2.519958765713793181e+00 1.515699640961434315e-02
1.800000000000000000e+03 2.518997910819530173e+00 1.510566247426749220e-02
1.830000000000000000e+03 2.517084712623757436e+00 1.589047743025570614e-02
1.860000000000000000e+03 2.516328337283608718e+00 1.584374724550915645e-02
1.890000000000000000e+03 2.516043196281906535e+00 1.554245032899217657e-02
1.920000000000000000e+03 2.521535382034366890e+00 1.617831678890618158e-02
1.950000000000000000e+03 2.518988134246146871e+00 1.590408748503022163e-02
1.980000000000000000e+03 2.516747595409427163e+00 1.625119401840986397e-02
2.010000000000000000e+03 2.517758223125559081e+00 1.721848048048083696e-02
2.040000000000000000e+03 2.522243175300996398e+00 1.684606163583585170e-02
2.070000000000000000e+03 2.519824442167103218e+00 1.681252944971621532e-02
2.100000000000000000e+03 2.514384107672197999e+00 1.643118891224479294e-02
2.130000000000000000e+03 2.514246084665030967e+00 1.637839557706944130e-02
2.160000000000000000e+03 2.514991066639298278e+00 1.666306201418780997e-02
2.190000000000000000e+03 2.518015352084162828e+00 1.686595610971953346e-02
2.220000000000000000e+03 2.517560677690606763e+00 1.734765661474749546e-02
2.250000000000000000e+03 2.514601068555291530e+00 1.724396494935337421e-02
2.280000000000000000e+03 2.518372291912805316e+00 1.700196236807802186e-02
2.310000000000000000e+03 2.518096024427853408e+00 1.685915963851750479e-02
2.340000000000000000e+03 2.516761656974321859e+00 1.705322575743372510e-02
2.370000000000000000e+03 2.518273639976652323e+00 1.697595373145283776e-02
2.400000000000000000e+03 2.519503163958238368e+00 1.671643165717380183e-02
2.430000000000000000e+03 2.518242209711199386e+00 1.686562672753205358e-02
2.460000000000000000e+03 2.518973293100223110e+00 1.652436759123542681e-02
2.490000000000000000e+03 2.515351538209348092e+00 1.646199656987083065e-02
2.520000000000000000e+03 2.512825052125687186e+00 1.674470188152985678e-02
2.550000000000000000e+03 2.508700854344786624e+00 1.707576109780049520e-02
2.580000000000000000e+03 2.509589360558923232e+00 1.719912786809945499e-02
2.610000000000000000e+03 2.513226715773050568e+00 1.745857769020797701e-02
2.640000000000000000e+03 2.509659871950164600e+00 1.745958846296128547e-02
2.670000000000000000e+03 2.510894092613030981e+00 1.768890670074804369e-02
2.700000000000000000e+03 2.510678199004043432e+00 1.739676232730475586e-02
2.730000000000000000e+03 2.512242051128921183e+00 1.699233021149065131e-02
2.760000000000000000e+03 2.511517636173162593e+00 1.666415540600666573e-02
2.790000000000000000e+03 2.509172658236964448e+00 1.661678138269039387e-02
2.820000000000000000e+03 2.509524338389976350e+00 1.682014680379173566e-02
2.850000000000000000e+03 2.505775610921616714e+00 1.602010315643575059e-02
2.880000000000000000e+03 2.503714286337534567e+00 1.567666966313954399e-02
2.910000000000000000e+03 2.502742728805748662e+00 1.533247871099154697e-02
2.940000000000000000e+03 2.502201115485685801e+00 1.537464446313485666e-02
2.970000000000000000e+03 2.500765009934661443e+00 1.522082172591776236e-02
3.000000000000000000e+03 2.500446277331306533e+00 1.554217343554054748e-02
3.030000000000000000e+03 2.501181689412121489e+00 1.488704594263843412e-02
3.060000000000000000e+03 2.499513230505598038e+00 1.484110565947606777e-02
3.090000000000000000e+03 2.498775253090363080e+00 1.482167181786929466e-02
3.120000000000000000e+03 2.499908198783328039e+00 1.458090683595167879e-02
3.150000000000000000e+03 2.503126103316246187e+00 1.494183452322817192e-02
3.180000000000000000e+03 2.505448274834191302e+00 1.525553406607832625e-02
3.210000000000000000e+03 2.505232315236285423e+00 1.540414130415412863e-02
3.240000000000000000e+03 2.505351399531300594e+00 1.577373306385105103e-02
3.270000000000000000e+03 2.506602027967345769e+00 1.561210449278237732e-02
3.300000000000000000e+03 2.506003394613434576e+00 1.510035338513623926e-02
3.330000000000000000e+03 2.507618909060675971e+00 1.576900747992688798e-02
3.360000000000000000e+03 2.511906933846901779e+00 1.575412403599855266e-02
3.390000000000000000e+03 2.510197790999797451e+00 1.564166912309695665e-02
3.420000000000000000e+03 2.510069573468663773e+00 1.533265498141963591e-02
3.450000000000000000e+03 2.510671666388895940e+00 1.511977855318366419e-02
3.480000000000000000e+03 2.509200397003360727e+00 1.516401198780904791e-02
3.510000000000000000e+03 2.510474540199086224e+00 1.489830860035206914e-02
3.540000000000000000e+03 2.509295005138728385e+00 1.510690461440044284e-02
3.570000000000000000e+03 2.509960141738050154e+00 1.494920993132287448e-02
3.600000000000000000e+03 2.508927741867091665e+00 1.464000478165597939e-02
3.630000000000000000e+03 2.510065488468074868e+00 1.434509839915114500e-02
3.660000000000000000e+03 2.510388426163449704e+00 1.382233403368925487e-02
3.690000000000000000e+03 2.511843633589140090e+00 1.385121076694772503e-02
3.720000000000000000e+03 2.511671345985730053e+00 1.368023282065922511e-02
3.750000000000000000e+03 2.510676692926518516e+00 1.350852921126069299e-02
3.780000000000000000e+03 2.509845955741291768e+00 1.350671405397156806e-02
3.810000000000000000e+03 2.509806357537589516e+00 1.357459709529862737e-02
3.840000000000000000e+03 2.510111469869557688e+00 1.325274801047528032e-02
3.870000000000000000e+03 2.509917544877060536e+00 1.314237171248022751e-02
3.900000000000000000e+03 2.508912483451929631e+00 1.298727274145044380e-02
3.930000000000000000e+03 2.510325520420194412e+00 1.317116012100542390e-02
3.960000000000000000e+03 2.509060374614977107e+00 1.310368102824996904e-02
3.990000000000000000e+03 2.509370892811474629e+00 1.278358274961818863e-02
4.020000000000000000e+03 2.508941900647367440e+00 1.219791860581787186e-02
4.050000000000000000e+03 2.508819020423441515e+00 1.238626424722944451e-02
4.080000000000000000e+03 2.511058507917019789e+00 1.233098578509869182e-02
4.110000000000000000e+03 2.510088305573677125e+00 1.225801636479456613e-02
4.140000000000000000e+03 2.509337202064026329e+00 1.238173146226863135e-02
4.170000000000000000e+03 2.508876892588105978e+00 1.234127357398417078e-02
4.200000000000000000e+03 2.508087594314448499e+00 1.246250561425343330e-02
4.230000000000000000e+03 2.507580352347641650e+00 1.216261320835382645e-02
4.260000000000000000e+03 2.508403037728766716e+00 1.208904510556185058e-02
4.290000000000000000e+03 2.508439092264450831e+00 1.221587284255428070e-02
4.320000000000000000e+03 2.509059863279955227e+00 1.207863762412482445e-02
4.350000000000000000e+03 2.508827042773237981e+00 1.211641716059345952e-02
4.380000000000000000e+03 2.507000750946386525e+00 1.185409250555800181e-02
4.410000000000000000e+03 2.508692915988341099e+00 1.206831316109134057e-02
4.440000000000000000e+03 2.509483748200255437e+00 1.212603676687650477e-02
4.470000000000000000e+03 2.510022642954084837e+00 1.204259349943052892e-02
4.500000000000000000e+03 2.510915289191054889e+00 1.183269073788872222e-02
4.530000000000000000e+03 2.511133590658480408e+00 1.154492754245214567e-02
4.560000000000000000e+03 2.511541184099706392e+00 1.186150398532867176e-02
4.590000000000000000e+03 2.510682712072725753e+00 1.209044857812068170e-02
4.620000000000000000e+03 2.509405011655241768e+00 1.180567320882458006e-02
4.650000000000000000e+03 2.508458650024840697e+00 1.138511191087191766e-02
4.680000000000000000e+03 2.507794075887984420e+00 1.160073619077010149e-02
4.710000000000000000e+03 2.508663352452686457e+00 1.156435466407340108e-02
4.740000000000000000e+03 2.509702512117139239e+00 1.168789392151624827e-02
4.770000000000000000e+03 2.508940435325350382e+00 1.135603276535294796e-02
4.800000000000000000e+03 2.508777803453622113e+00 1.103637359103133361e-02
4.830000000000000000e+03 2.508271222995258398e+00 1.129770704392862174e-02
4.860000000000000000e+03 2.507631282857496924e+00 1.130976928842413083e-02
4.890000000000000000e+03 2.507353215490701448e+00 1.128464356371167501e-02
4.920000000000000000e+03 2.507653902086547593e+00 1.128882471947856812e-02
4.950000000000000000e+03 2.508739419491194944e+00 1.099650780665153808e-02
4.980000000000000000e+03 2.508912389119998032e+00 1.081437791496803712e-02
5.010000000000000000e+03 2.510083757773243995e+00 1.092744894101985859e-02
5.040000000000000000e+03 2.510556079350469982e+00 1.073646033534039236e-02
5.070000000000000000e+03 2.511629438340515996e+00 1.077577105889681273e-02
5.100000000000000000e+03 2.512648851820424412e+00 1.072383687660762377e-02
5.130000000000000000e+03 2.510754926297456446e+00 1.065812082503389026e-02
5.160000000000000000e+03 2.510986657701173907e+00 1.063996841054638647e-02
5.190000000000000000e+03 2.509939414847056849e+00 1.057052121935748643e-02
5.220000000000000000e+03 2.511234651896691261e+00 1.048895804473320113e-02
5.250000000000000000e+03 2.510096575873723257e+00 1.061322125878987228e-02
5.280000000000000000e+03 2.510464274405230345e+00 1.078658941287220611e-02
5.310000000000000000e+03 2.509324318800754128e+00 1.066750296313591362e-02
5.340000000000000000e+03 2.508458046419689502e+00 1.053145183047071373e-02
5.370000000000000000e+03 2.507577994913638086e+00 1.047709823864382932e-02
5.400000000000000000e+03 2.508115233285585610e+00 1.035638267033769759e-02
5.430000000000000000e+03 2.507815023081373607e+00 1.027548265457406233e-02
5.460000000000000000e+03 2.507610499719575614e+00 1.027695832767339633e-02
5.490000000000000000e+03 2.505910552426252824e+00 1.011401007366012107e-02
5.520000000000000000e+03 2.506367915181782369e+00 1.018010353600599417e-02
5.550000000000000000e+03 2.505874388636901262e+00 1.026716083976849346e-02
5.580000000000000000e+03 2.506188326914163156e+00 1.026196553347068392e-02
5.610000000000000000e+03 2.504394584635623477e+00 1.025113579103809763e-02
5.640000000000000000e+03 2.503164423974621577e+00 1.034059933851800249e-02
5.670000000000000000e+03 2.502861947123003805e+00 1.040838308735676440e-02
5.700000000000000000e+03 2.502267855604074054e+00 1.032194422014550902e-02
5.730000000000000000e+03 2.504030102099075616e+00 1.019782892508818394e-02
5.760000000000000000e+03 2.503498780602927631e+00 1.048527423668013138e-02
5.790000000000000000e+03 2.503629631396211863e+00 1.052306002068848813e-02
5.820000000000000000e+03 2.504352379372172255e+00 1.060902248649685416e-02
5.850000000000000000e+03 2.505313000822629199e+00 1.064520024992593634e-02
5.880000000000000000e+03 2.505207613026426028e+00 1.051993819958154698e-02
5.910000000000000000e+03 2.505113748811924168e+00 1.058792932982078119e-02
5.940000000000000000e+03 2.504049079895777297e+00 1.059169098764710208e-02
5.970000000000000000e+03 2.502400072824302324e+00 1.072309886924169287e-02
6.000000000000000000e+03 2.503038927082231524e+00 1.047525017686340432e-02
6.030000000000000000e+03 2.503188024867522010e+00 1.049368547103343534e-02
6.060000000000000000e+03 2.502624499770628841e+00 1.045901887916168664e-02
6.090000000000000000e+03 2.503974896860618138e+00 1.045386505532648787e-02
6.120000000000000000e+03 2.504274684294251152e+00 1.050299011659402114e-02
6.150000000000000000e+03 2.504198493608854381e+00 1.060039563916367888e-02
6.180000000000000000e+03 2.505394015230349325e+00 1.068983960656274407e-02
6.210000000000000000e+03 2.504352661910689726e+00 1.039506138871932640e-02
6.240000000000000000e+03 2.505263425914399988e+00 1.057323414150622073e-02
6.270000000000000000e+03 2.505409545212126776e+00 1.065687654104846560e-02
6.300000000000000000e+03 2.504155334944756728e+00 1.055728394866322500e-02
6.330000000000000000e+03 2.501997133892203351e+00 1.054573524948576244e-02
6.360000000000000000e+03 2.501487725017666364e+00 1.055684869059897273e-02
6.390000000000000000e+03 2.502060232346328128e+00 1.055575389405997468e-02
6.420000000000000000e+03 2.503213112896335968e+00 1.054978489314201476e-02
6.450000000000000000e+03 2.502340328859470997e+00 1.056110314164376666e-02
6.480000000000000000e+03 2.503549938885102133e+00 1.063396388231417113e-02
6.510000000000000000e+03 2.503216794788310828e+00 1.067985360728055874e-02
6.540000000000000000e+03 2.502909208966721977e+00 1.092048441862431690e-02
6.570000000000000000e+03 2.502074181808930042e+00 1.069259537238614194e-02
6.600000000000000000e+03 2.501715080988008211e+00 1.039461443165815013e-02
6.630000000000000000e+03 2.501805733275205501e+00 1.022551268151547510e-02
6.660000000000000000e+03 2.502530216790961770e+00 1.002784590868247179e-02
6.690000000000000000e+03 2.502223039550238060e+00 1.012900122800797047e-02
6.720000000000000000e+03 2.501904514910627597e+00 1.007582730545844921e-02
6.750000000000000000e+03 2.502123287693741371e+00 1.020430526715251744e-02
6.780000000000000000e+03 2.500748007946591578e+00 1.024947206664800388e-02
6.810000000000000000e+03 2.501268502566074137e+00 1.037864843711586160e-02
6.840000000000000000e+03 2.501575885639305330e+00 1.037272684460165476e-02
6.870000000000000000e+03 2.500370888081434373e+00 1.041774473479178779e-02
6.900000000000000000e+03 2.500115919400403008e+00 1.044051366241486971e-02
6.930000000000000000e+03 2.500387779516720865e+00 1.038199316019891051e-02
6.960000000000000000e+03 2.500281556808690020e+00 1.048808304098663470e-02
6.990000000000000000e+03 2.500497038638914482e+00 1.043886811838264442e-02
7.020000000000000000e+03 2.500068840008703219e+00 1.023211437294709557e-02
7.050000000000000000e+03 2.500040514599635166e+00 1.006082532765631941e-02
7.080000000000000000e+03 2.499409706596603886e+00 9.931206975215819271e-03
7.110000000000000000e+03 2.499935864515965278e+00 1.001457284815157264e-02
7.140000000000000000e+03 2.500688453160263336e+00 1.002393641012825319e-02
7.170000000000000000e+03 2.501013773188665468e+00 9.961489433084365699e-03
7.200000000000000000e+03 2.501329904370862778e+00 9.840984093195646182e-03
7.230000000000000000e+03 2.500828325942768160e+00 9.729316291865105007e-03
7.260000000000000000e+03 2.500774611709457584e+00 9.712558534067218877e-03
7.290000000000000000e+03 2.501868395976234449e+00 9.540925354214803769e-03
7.320000000000000000e+03 2.502979986876554097e+00 9.296117216713981404e-03
7.350000000000000000e+03 2.503060836031336667e+00 9.174094757692523999e-03
7.380000000000000000e+03 2.503500411201632136e+00 9.148231221222855730e-03
7.410000000000000000e+03 2.504442094357925086e+00 8.979132681499924981e-03
7.440000000000000000e+03 2.503271885201199698e+00 8.990876919086678368e-03
7.470000000000000000e+03 2.503037685260249834e+00 8.793199312825272437e-03
7.500000000000000000e+03 2.502470714627729631e+00 8.781416177054955988e-03
7.530000000000000000e+03 2.502202954124158829e+00 8.676874829961106136e-03
7.560000000000000000e+03 2.501643263637680636e+00 8.669324260419138464e-03
7.590000000000000000e+03 2.501236864585660857e+00 8.491238732374945322e-03
7.620000000000000000e+03 2.500727839678715814e+00 8.437834325626123247e-03
7.650000000000000000e+03 2.500549644551040007e+00 8.271364419183522762e-03
7.680000000000000000e+03 2.500845824699260866e+00 8.281780668984368640e-03
7.710000000000000000e+03 2.500771327736070138e+00 8.357329098611677998e-03
7.740000000000000000e+03 2.501244965935078390e+00 8.288436042258793407e-03
7.770000000000000000e+03 2.501111298826867113e+00 8.232531430203771441e-03
7.800000000000000000e+03 2.502449673958209608e+00 8.184324274036635163e-03
7.830000000000000000e+03 2.502220426983735813e+00 8.104796071526882556e-03
7.860000000000000000e+03 2.502234679124945238e+00 8.114750651664476289e-03
7.890000000000000000e+03 2.502784375351319479e+00 8.200636421353713068e-03
7.920000000000000000e+03 2.503053845725258242e+00 8.358349885268911289e-03
7.950000000000000000e+03 2.503486250215944509e+00 8.415119756339812379e-03
7.980000000000000000e+03 2.503439476138555442e+00 8.315373714766208929e-03
8.010000000000000000e+03 2.503396546950811263e+00 8.306086538421336013e-03
8.040000000000000000e+03 2.502744052877726055e+00 8.363484096977917906e-03
8.070000000000000000e+03 2.503167317751001431e+00 8.314299447054446235e-03
8.100000000000000000e+03 2.503681835335765271e+00 8.214917897073592892e-03
8.130000000000000000e+03 2.503810021698622101e+00 8.015668671078371790e-03
8.160000000000000000e+03 2.503577898846529148e+00 7.849088168479942396e-03
8.190000000000000000e+03 2.504265296949978570e+00 7.852924482145934998e-03
8.220000000000000000e+03 2.504944746833669633e+00 7.793856771556769911e-03
8.250000000000000000e+03 2.504663147743295237e+00 7.845740761793269444e-03
8.280000000000000000e+03 2.504527317519171348e+00 7.882348123589101585e-03
8.310000000000000000e+03 2.504536027461676362e+00 7.802002377844071725e-03
8.340000000000000000e+03 2.504195245448339158e+00 7.833455232164679427e-03
8.370000000000000000e+03 2.504137354475076904e+00 7.897796835989932124e-03
8.400000000000000000e+03 2.503842010843971622e+00 7.969061496321117391e-03
8.430000000000000000e+03 2.504996867530687510e+00 7.921742328954350584e-03
8.460000000000000000e+03 2.505216061538519945e+00 7.873362812584657616e-03
8.490000000000000000e+03 2.504786517308516203e+00 7.932356692074390633e-03
8.520000000000000000e+03 2.504117142938342422e+00 8.087852531285440530e-03
8.550000000000000000e+03 2.503314508096992963e+00 8.060813598720064851e-03
8.580000000000000000e+03 2.503856056280557851e+00 7.917480884604210373e-03
8.610000000000000000e+03 2.503516962814635427e+00 7.885928112650231539e-03
8.640000000000000000e+03 2.504671340772293586e+00 7.942381633734216240e-03
8.670000000000000000e+03 2.504920821388084917e+00 7.947882003967253473e-03
8.700000000000000000e+03 2.504804068255280125e+00 8.004983264417573144e-03
8.730000000000000000e+03 2.504890048497964372e+00 8.055583578101259412e-03
8.760000000000000000e+03 2.504189784089708048e+00 7.942185159398837055e-03
8.790000000000000000e+03 2.503192858387863762e+00 7.917571862865582788e-03
8.820000000000000000e+03 2.503042448604834380e+00 7.866319023191228541e-03
8.850000000000000000e+03 2.502638022314901178e+00 7.778056075402300061e-03
8.880000000000000000e+03 2.502852780226981988e+00 7.851396173574097873e-03
8.910000000000000000e+03 2.502690353390660150e+00 7.827283685792552070e-03
8.940000000000000000e+03 2.502211248185448156e+00 7.792895799182926637e-03
8.970000000000000000e+03 2.502268175224566349e+00 7.730341580054372538e-03
9.000000000000000000e+03 2.503582208644105300e+00 7.681209430307798548e-03
9.030000000000000000e+03 2.503345567251387571e+00 7.680168493421307523e-03
9.060000000000000000e+03 2.503716619719809522e+00 7.755491566721636407e-03
9.090000000000000000e+03 2.504082845394673296e+00 7.938259827079359454e-03
9.120000000000000000e+03 2.503675048466847297e+00 7.854938128435998493e-03
9.150000000000000000e+03 2.502945265582823264e+00 7.652978713095075561e-03
9.180000000000000000e+03 2.502840578520939108e+00 7.602077340160387324e-03
9.210000000000000000e+03 2.502294455637908754e+00 7.743097294483039517e-03
9.240000000000000000e+03 2.502177104850591416e+00 7.668273919356294842e-03
9.270000000000000000e+03 2.501552089123502132e+00 7.681210003247348518e-03
9.300000000000000000e+03 2.501178517250150168e+00 7.761566894921163341e-03
9.330000000000000000e+03 2.501289535006272491e+00 7.787434373944593369e-03
9.360000000000000000e+03 2.501278603182822913e+00 7.822303638219807800e-03
9.390000000000000000e+03 2.501107819069821048e+00 7.708669959793790910e-03
9.420000000000000000e+03 2.500549683754396568e+00 7.675825611748858870e-03
9.450000000000000000e+03 2.501484840085268058e+00 7.754830816236930359e-03
9.480000000000000000e+03 2.501667555867414183e+00 7.640662208134850822e-03
9.510000000000000000e+03 2.501992791559811025e+00 7.739570006621848339e-03
9.540000000000000000e+03 2.501866385884957467e+00 7.574829021443812808e-03
9.570000000000000000e+03 2.501206389537044661e+00 7.586678135663079206e-03
9.600000000000000000e+03 2.500941792312445511e+00 7.629220644144029707e-03
9.630000000000000000e+03 2.500774833840983646e+00 7.662326943776006684e-03
9.660000000000000000e+03 2.500689991416825464e+00 7.644771122611846749e-03
9.690000000000000000e+03 2.500689479285246097e+00 7.642729817506767158e-03
9.720000000000000000e+03 2.500703882108624487e+00 7.689062226563511855e-03
9.750000000000000000e+03 2.501617723944381311e+00 7.638589239345598345e-03
9.780000000000000000e+03 2.500753951256652563e+00 7.629178570591138922e-03
9.810000000000000000e+03 2.500884749978253829e+00 7.687122602373722309e-03
9.840000000000000000e+03 2.501364295262366255e+00 7.843319086073051102e-03
9.870000000000000000e+03 2.501812474274751175e+00 7.801147514985431498e-03
9.900000000000000000e+03 2.502138271982082163e+00 7.817400368184179715e-03
9.930000000000000000e+03 2.502460289725277232e+00 7.699941739852456286e-03
9.960000000000000000e+03 2.502396101933506145e+00 7.735622306249112165e-03
9.990000000000000000e+03 2.502618502433108461e+00 7.779583612810076626e-03
1.002000000000000000e+04 2.502829675312939983e+00 7.872707485057145113e-03
1.005000000000000000e+04 2.502849170868618245e+00 7.965043097160095717e-03
1.008000000000000000e+04 2.503255847354156405e+00 7.944421372585301275e-03
1.011000000000000000e+04 2.503113482422854474e+00 7.890404674530995463e-03
1.014000000000000000e+04 2.502992749987562160e+00 7.939316736337350550e-03
1.017000000000000000e+04 2.502510704026085442e+00 7.855000278257208077e-03
1.020000000000000000e+04 2.502525416114433909e+00 7.946776206814215940e-03
1.023000000000000000e+04 2.501467948558659060e+00 7.847252819385476877e-03
1.026000000000000000e+04 2.501306732417889034e+00 7.916458358431436790e-03
1.029000000000000000e+04 2.501079640191266940e+00 7.991829264110197895e-03
1.032000000000000000e+04 2.500870272656821491e+00 8.016438002187115802e-03
1.035000000000000000e+04 2.500442656093895710e+00 7.956905079104521772e-03
1.038000000000000000e+04 2.500344443450750909e+00 7.939453971708212987e-03
1.041000000000000000e+04 2.500775450478886608e+00 8.029157824518053099e-03
1.044000000000000000e+04 2.500565796705545907e+00 8.018521458977852928e-03
1.047000000000000000e+04 2.501171269878700532e+00 8.002375205987087570e-03
1.050000000000000000e+04 2.500941891113308113e+00 8.049832871432606451e-03
1.053000000000000000e+04 2.500521928944891226e+00 8.004086957979886924e-03
1.056000000000000000e+04 2.500540933725611925e+00 7.864164732449049205e-03
1.059000000000000000e+04 2.500724128490460885e+00 7.866986205774612051e-03
1.062000000000000000e+04 2.500943596148027304e+00 7.896780853611715112e-03
1.065000000000000000e+04 2.500921745495036763e+00 7.894778520773679253e-03
1.068000000000000000e+04 2.500970814889361904e+00 7.718588560674698694e-03
1.071000000000000000e+04 2.501185995290177821e+00 7.679603863656243000e-03
1.074000000000000000e+04 2.501043457573235429e+00 7.731112172806079395e-03
1.077000000000000000e+04 2.500846766653465281e+00 7.766802292707126500e-03
1.080000000000000000e+04 2.500916728289650504e+00 7.705476143039574274e-03
1.083000000000000000e+04 2.501175739447006219e+00 7.769548023830344201e-03
1.086000000000000000e+04 2.500432934224536385e+00 7.648903088587484869e-03
1.089000000000000000e+04 2.500416937689500241e+00 7.671290491293066005e-03
1.092000000000000000e+04 2.500645951580502402e+00 7.615188448573192645e-03
1.095000000000000000e+04 2.500347701377978904e+00 7.505683074743833491e-03
1.098000000000000000e+04 2.500881558952220640e+00 7.463721412673477405e-03
1.101000000000000000e+04 2.501583964169525220e+00 7.510724820536638507e-03
1.104000000000000000e+04 2.502241974871212360e+00 7.674860548121719382e-03
1.107000000000000000e+04 2.502489938000818537e+00 7.760293574561075505e-03
1.110000000000000000e+04 2.502196160536871883e+00 7.825154166315176005e-03
1.113000000000000000e+04 2.502809347991054256e+00 7.811208515471909988e-03
1.116000000000000000e+04 2.502916761996818895e+00 7.709053636191214726e-03
1.119000000000000000e+04 2.502345710786346711e+00 7.667401019173100511e-03
1.122000000000000000e+04 2.502056625830961778e+00 7.595543233058250389e-03
1.125000000000000000e+04 2.502466622801692964e+00 7.612030503904396173e-03
1.128000000000000000e+04 2.502315881014026910e+00 7.695187847580260351e-03
1.131000000000000000e+04 2.501848032748644535e+00 7.695811379144551143e-03
1.134000000000000000e+04 2.501641482314437503e+00 7.581624497692628778e-03
1.137000000000000000e+04 2.501830486166336964e+00 7.561791560142017837e-03
1.140000000000000000e+04 2.501258370592712499e+00 7.433330758317469728e-03
1.143000000000000000e+04 2.500998459198873647e+00 7.548336560610982224e-03
1.146000000000000000e+04 2.501386867254181912e+00 7.394359848336334862e-03
1.149000000000000000e+04 2.501444721913418601e+00 7.334593034867844218e-03
1.152000000000000000e+04 2.500488034774356549e+00 7.362429754461172551e-03
1.155000000000000000e+04 2.500337962713242934e+00 7.499803545397604881e-03
1.158000000000000000e+04 2.500766744232313599e+00 7.442219215571848484e-03
1.161000000000000000e+04 2.501126590546224548e+00 7.457691536977005195e-03
1.164000000000000000e+04 2.501786415071941327e+00 7.483349859331365865e-03
1.167000000000000000e+04 2.501891097044853129e+00 7.437470938248796209e-03
1.170000000000000000e+04 2.502493098167677399e+00 7.458260738172410760e-03
1.173000000000000000e+04 2.502325466555932909e+00 7.569733290876850748e-03
1.176000000000000000e+04 2.502582306919429733e+00 7.456500887287945828e-03
1.179000000000000000e+04 2.502747550477026461e+00 7.428683191390042864e-03
1.182000000000000000e+04 2.502220389777161547e+00 7.447514607630796937e-03
1.185000000000000000e+04 2.502376017075455650e+00 7.434055067813451212e-03
1.188000000000000000e+04 2.502226392941342414e+00 7.512483959242373388e-03
1.191000000000000000e+04 2.502020306765537327e+00 7.653671261110148172e-03
1.194000000000000000e+04 2.501595462816667226e+00 7.752055852254101376e-03
1.197000000000000000e+04 2.501972760995968770e+00 7.804337896600108126e-03
1.200000000000000000e+04 2.502601028258683691e+00 7.816117462645945022e-03
1.203000000000000000e+04 2.502372813814592423e+00 7.785260937818365076e-03
1.206000000000000000e+04 2.502441354899775483e+00 7.820429696397405289e-03
1.209000000000000000e+04 2.503167224617879771e+00 7.752795307509014605e-03
1.212000000000000000e+04 2.503904078566721036e+00 7.666740656838289501e-03
1.215000000000000000e+04 2.503895063100547436e+00 7.654255789155108014e-03
1.218000000000000000e+04 2.503958930185529397e+00 7.732604389075595219e-03
1.221000000000000000e+04 2.503831801998593232e+00 7.781887507218540959e-03
1.224000000000000000e+04 2.503491205624006621e+00 7.807000088699147557e-03
1.227000000000000000e+04 2.502681412742639555e+00 7.640157656852314579e-03
1.230000000000000000e+04 2.502401851898055529e+00 7.630802977944251518e-03
1.233000000000000000e+04 2.502234243465605523e+00 7.582513533794980366e-03
1.236000000000000000e+04 2.502135855687190880e+00 7.529426036932103730e-03
1.239000000000000000e+04 2.502095427752836887e+00 7.555019821207202557e-03
1.242000000000000000e+04 2.502340460016431845e+00 7.443758992741206053e-03
1.245000000000000000e+04 2.501622302727574354e+00 7.319725529160792457e-03
1.248000000000000000e+04 2.501610575007734649e+00 7.233721910568662386e-03
1.251000000000000000e+04 2.501590161406717971e+00 7.221582632594859136e-03
1.254000000000000000e+04 2.501580218827860413e+00 7.229622565598950272e-03
1.257000000000000000e+04 2.501613501662439010e+00 7.241272436863207054e-03
1.260000000000000000e+04 2.501411279457053549e+00 7.188426943448721421e-03
1.263000000000000000e+04 2.501065942224649508e+00 7.217640789284988923e-03
1.266000000000000000e+04 2.501298975770412270e+00 7.298150054318042895e-03
1.269000000000000000e+04 2.501410833780066678e+00 7.239862057528843355e-03
1.272000000000000000e+04 2.501616271971387917e+00 7.227420364125959444e-03
1.275000000000000000e+04 2.501936936096371245e+00 7.177631235430387280e-03
1.278000000000000000e+04 2.501947979675887446e+00 7.161458246032114706e-03
1.281000000000000000e+04 2.502155302647871338e+00 7.233724014580771022e-03
1.284000000000000000e+04 2.502310307848942372e+00 7.329352123565276850e-03
1.287000000000000000e+04 2.502362318456632373e+00 7.271834609767015116e-03
1.290000000000000000e+04 2.502274348533626736e+00 7.288502076048234204e-03
1.293000000000000000e+04 2.502487720753355127e+00 7.315330093252455333e-03
1.296000000000000000e+04 2.502553418752829106e+00 7.320015407812778367e-03
1.299000000000000000e+04 2.502671817961229728e+00 7.273230617632280709e-03
1.302000000000000000e+04 2.502868052438853574e+00 7.339438608824167508e-03
1.305000000000000000e+04 2.502781984110712177e+00 7.336531565945781860e-03
1.308000000000000000e+04 2.503271409467350939e+00 7.272748487465346620e-03
1.311000000000000000e+04 2.503240690350158726e+00 7.253655202480024412e-03
1.314000000000000000e+04 2.503250592355426463e+00 7.289305109556796190e-03
1.317000000000000000e+04 2.503110235773623238e+00 7.277089787786069491e-03
1.320000000000000000e+04 2.503238349977270794e+00 7.317586422041428770e-03
1.323000000000000000e+04 2.502959742735186399e+00 7.275667224366061739e-03
1.326000000000000000e+04 2.503016248293409962e+00 7.231535044225870235e-03
1.329000000000000000e+04 2.502805888008487578e+00 7.165580815870321342e-03
1.332000000000000000e+04 2.502754936071899916e+00 7.077630677673797839e-03
1.335000000000000000e+04 2.502296361116223888e+00 7.042426970257031037e-03
1.338000000000000000e+04 2.502185170761661581e+00 7.052996484969897319e-03
1.341000000000000000e+04 2.502904016464753578e+00 7.131072641818489433e-03
1.344000000000000000e+04 2.502710304029749366e+00 7.100101245352635933e-03
1.347000000000000000e+04 2.502658640227256370e+00 7.180070769351353660e-03
1.350000000000000000e+04 2.502658437361574340e+00 7.081641852070491919e-03
1.353000000000000000e+04 2.503073674124535408e+00 7.116550785947166856e-03
1.356000000000000000e+04 2.503491445122030257e+00 7.203603591364073425e-03
1.359000000000000000e+04 2.503738533810511591e+00 7.165115269770027176e-03
1.362000000000000000e+04 2.503874782935059162e+00 7.113316422504780898e-03
1.365000000000000000e+04 2.503868585484696485e+00 7.157640548514616376e-03
1.368000000000000000e+04 2.504283571189199087e+00 7.205800388559339270e-03
1.371000000000000000e+04 2.504328895203284500e+00 7.205088824869953709e-03
1.374000000000000000e+04 2.504450419408456696e+00 7.223619760140286353e-03
1.377000000000000000e+04 2.503618149141144666e+00 7.224784409560223997e-03
1.380000000000000000e+04 2.503319925581251493e+00 7.075751121721629219e-03
1.383000000000000000e+04 2.503466828869739480e+00 7.155151367215490874e-03
1.386000000000000000e+04 2.503823156879663170e+00 7.094425830443012657e-03
1.389000000000000000e+04 2.503735855921105369e+00 7.111028335322466115e-03
1.392000000000000000e+04 2.504117170308343354e+00 7.194209140958932047e-03
1.395000000000000000e+04 2.504116400104831719e+00 7.087785668137120375e-03
1.398000000000000000e+04 2.503857216524897122e+00 7.013358332651181692e-03
1.401000000000000000e+04 2.503896690034454142e+00 7.006554754780094235e-03
1.404000000000000000e+04 2.504075262176404415e+00 7.070215365123532457e-03
1.407000000000000000e+04 2.504022508780936018e+00 7.136968076186638206e-03
1.410000000000000000e+04 2.503718145534416184e+00 7.195820777197402263e-03
1.413000000000000000e+04 2.503481297397331939e+00 7.209833354710860204e-03
1.416000000000000000e+04 2.503736185677318815e+00 7.164594568791300341e-03
1.419000000000000000e+04 2.503325507215715895e+00 7.124269559487647098e-03
1.422000000000000000e+04 2.502795567564146229e+00 7.078113875208303860e-03
1.425000000000000000e+04 2.502803480520722434e+00 7.170835419247149553e-03
1.428000000000000000e+04 2.502836946261004947e+00 7.112856806320219660e-03
1.431000000000000000e+04 2.502403231545902607e+00 7.050548761523165939e-03
1.434000000000000000e+04 2.502875916239836851e+00 7.108417467367685039e-03
1.437000000000000000e+04 2.502945469405266632e+00 7.118496068128054612e-03
1.440000000000000000e+04 2.502715805800754367e+00 7.094519966827807569e-03
1.443000000000000000e+04 2.502176182156294892e+00 7.133496201341411012e-03
1.446000000000000000e+04 2.501914510914339029e+00 7.087084324677895251e-03
1.449000000000000000e+04 2.501754050134776364e+00 7.086499225513141591e-03
1.452000000000000000e+04 2.501552189341857524e+00 7.015653828912047675e-03
1.455000000000000000e+04 2.501390352105864245e+00 6.996688732743191683e-03
1.458000000000000000e+04 2.501454247588969615e+00 6.939510671363924819e-03
1.461000000000000000e+04 2.501191998979454656e+00 6.961551683121776010e-03
1.464000000000000000e+04 2.501010889995141540e+00 6.940024644947927028e-03
1.467000000000000000e+04 2.501435850833469310e+00 6.944255380436741010e-03
1.470000000000000000e+04 2.501092689065114172e+00 6.883142860655260681e-03
1.473000000000000000e+04 2.501068616481394002e+00 6.845817637396151185e-03
1.476000000000000000e+04 2.500988123554956477e+00 6.860916890689808256e-03
1.479000000000000000e+04 2.501426074115149500e+00 6.877351977434775776e-03
1.482000000000000000e+04 2.501294529059804095e+00 6.787416833666885634e-03
1.485000000000000000e+04 2.500864229845331188e+00 6.790884654319592935e-03
1.488000000000000000e+04 2.500940674199156000e+00 6.822012560753401740e-03
1.491000000000000000e+04 2.500999149802280996e+00 6.874948929846761737e-03
1.494000000000000000e+04 2.501104928121192117e+00 6.869726084806701202e-03
1.497000000000000000e+04 2.501223508484466507e+00 6.954628634916125776e-03
1.500000000000000000e+04 2.501835033052307367e+00 6.892762907465325301e-03
