# # n, sigma
3.000000000000000000e+01 4.061600468167203104e+00 2.508978510846439081e-01
6.000000000000000000e+01 4.015803564067662812e+00 1.369889416394246551e-01
9.000000000000000000e+01 2.550168353167155733e+00 7.460177085071066638e-02
1.200000000000000000e+02 3.668365080962945779e+00 8.000688837335885595e-02
1.500000000000000000e+02 2.488188463580448762e+00 4.795802743721255118e-02
1.800000000000000000e+02 2.481538410810776973e+00 5.392750444424033313e-02
2.100000000000000000e+02 2.504515205195842142e+00 4.759895818469870449e-02
2.400000000000000000e+02 2.494549856642991337e+00 4.427388469503037993e-02
2.700000000000000000e+02 2.515208317156584439e+00 4.014331421528591348e-02
3.000000000000000000e+02 2.514593966894203891e+00 3.465025997967279003e-02
3.300000000000000000e+02 2.491844935007444306e+00 3.870722902939374710e-02
3.600000000000000000e+02 2.483475245267831255e+00 3.738754590866103650e-02
3.900000000000000000e+02 2.489685086418558679e+00 3.534552923014823433e-02
4.200000000000000000e+02 2.479748142073082029e+00 3.237265379273533694e-02
4.500000000000000000e+02 2.495529341582658489e+00 3.587644397628975135e-02
4.800000000000000000e+02 2.500281596631887204e+00 3.700006807525696439e-02
5.100000000000000000e+02 2.499945171518130227e+00 3.601170165472836193e-02
5.400000000000000000e+02 2.505403160060516665e+00 3.350199108980032869e-02
5.700000000000000000e+02 2.502091271522422833e+00 3.432774360307384170e-02
6.000000000000000000e+02 2.499483301478544917e+00 3.491010587543046800e-02
6.300000000000000000e+02 2.498973348329425193e+00 3.246282618818289306e-02
6.600000000000000000e+02 2.503240525732633781e+00 3.146105751614002716e-02
6.900000000000000000e+02 2.503850922185351990e+00 3.088609685704938809e-02
7.200000000000000000e+02 2.500159609622308210e+00 3.301373061564389505e-02
7.500000000000000000e+02 2.494794407521264468e+00 3.139683776871059206e-02
7.800000000000000000e+02 2.497480266601322274e+00 3.206422544143732595e-02
8.100000000000000000e+02 2.497438971263810981e+00 3.027202299838520350e-02
8.400000000000000000e+02 2.496540308242765960e+00 2.968979910977069189e-02
8.700000000000000000e+02 2.496047416313278866e+00 2.845151007274141983e-02
9.000000000000000000e+02 2.495869686015063316e+00 2.708005135577593037e-02
9.300000000000000000e+02 2.489709352041327595e+00 2.530321487239515360e-02
9.600000000000000000e+02 2.486466010548263661e+00 2.535097284198719117e-02
9.900000000000000000e+02 2.487865502132537987e+00 2.537915028428129258e-02
1.020000000000000000e+03 2.487648412522820873e+00 2.592037887117820336e-02
1.050000000000000000e+03 2.489620735422260811e+00 2.707931817702521199e-02
1.080000000000000000e+03 2.488546587245324737e+00 2.611197203052808419e-02
1.110000000000000000e+03 2.489240613858827444e+00 2.495056334934454140e-02
1.140000000000000000e+03 2.490381820642693977e+00 2.511572241438890865e-02
1.170000000000000000e+03 2.486926329183110962e+00 2.664557809249570516e-02
1.200000000000000000e+03 2.482112967520698099e+00 2.665853109871345675e-02
1.230000000000000000e+03 2.479025020495868148e+00 2.472378823409404972e-02
1.260000000000000000e+03 2.483376007810469410e+00 2.476413886429718395e-02
1.290000000000000000e+03 2.483313537890178502e+00 2.359444482591638650e-02
1.320000000000000000e+03 2.482382530882546678e+00 2.365171482658587343e-02
1.350000000000000000e+03 2.480302968111479434e+00 2.295342578850622164e-02
1.380000000000000000e+03 2.482747164796165418e+00 2.331673154556894445e-02
1.410000000000000000e+03 2.488606131251376308e+00 2.232801528926502826e-02
1.440000000000000000e+03 2.485174942580812729e+00 2.203135723930972970e-02
1.470000000000000000e+03 2.486781969577930518e+00 2.178320841818968262e-02
1.500000000000000000e+03 2.487266600508251102e+00 2.181320810225143014e-02
1.530000000000000000e+03 2.488814473989649834e+00 2.133010233065197117e-02
1.560000000000000000e+03 2.489867015425392349e+00 2.035302223104104580e-02
1.590000000000000000e+03 2.489782310564850221e+00 2.061763020708928806e-02
1.620000000000000000e+03 2.489658660542954038e+00 1.995718284100118575e-02
1.650000000000000000e+03 2.491393585344709116e+00 1.962056403282183559e-02
1.680000000000000000e+03 2.488823021151774117e+00 1.961295270515857683e-02
1.710000000000000000e+03 2.493250149465225718e+00 1.915277229246674026e-02
1.740000000000000000e+03 2.493562771318759363e+00 1.926234696828408796e-02
1.770000000000000000e+03 2.493906607861046343e+00 1.899107609474851716e-02
1.800000000000000000e+03 2.497240872375448451e+00 1.853628465606372427e-02
1.830000000000000000e+03 2.497307052616551726e+00 1.875017579556491690e-02
1.860000000000000000e+03 2.498060941756474307e+00 1.868514128985068398e-02
1.890000000000000000e+03 2.495073839074991806e+00 1.801367894127210711e-02
1.920000000000000000e+03 2.491128276755792292e+00 1.710118252385051454e-02
1.950000000000000000e+03 2.492057089480856025e+00 1.703858209519906394e-02
1.980000000000000000e+03 2.491987076049314798e+00 1.687675227338714806e-02
2.010000000000000000e+03 2.486857973291912938e+00 1.684115536067841423e-02
2.040000000000000000e+03 2.484931000734104334e+00 1.648524709930510729e-02
2.070000000000000000e+03 2.486990519111602183e+00 1.692355341415740719e-02
2.100000000000000000e+03 2.487418390047111849e+00 1.675488808943535746e-02
2.130000000000000000e+03 2.491013563691562904e+00 1.668610673231716440e-02
2.160000000000000000e+03 2.489369602522796043e+00 1.623585588765956086e-02
2.190000000000000000e+03 2.492005218799987265e+00 1.661903042672821865e-02
2.220000000000000000e+03 2.490952633249789105e+00 1.652318922798173828e-02
2.250000000000000000e+03 2.491723077002220066e+00 1.633403925147789565e-02
2.280000000000000000e+03 2.492283701526414319e+00 1.655726634781378576e-02
2.310000000000000000e+03 2.493165647799373108e+00 1.600730734193978738e-02
2.340000000000000000e+03 2.496150832970214228e+00 1.578426913298568851e-02
2.370000000000000000e+03 2.495241174475710366e+00 1.500112836974250123e-02
2.400000000000000000e+03 2.495891448581482042e+00 1.499385729138767893e-02
2.430000000000000000e+03 2.497111518491362148e+00 1.500145346492048545e-02
2.460000000000000000e+03 2.498106343189471445e+00 1.512311422056840035e-02
2.490000000000000000e+03 2.497862954342437103e+00 1.501466872961041907e-02
2.520000000000000000e+03 2.497370018030013572e+00 1.438616603487633851e-02
2.550000000000000000e+03 2.499161968250160903e+00 1.399318982479776444e-02
2.580000000000000000e+03 2.498703006811008542e+00 1.399276384657685904e-02
2.610000000000000000e+03 2.497378364665022499e+00 1.370371625656698414e-02
2.640000000000000000e+03 2.496246264286822836e+00 1.337205930592756144e-02
2.670000000000000000e+03 2.497058779103318304e+00 1.352180980285468126e-02
2.700000000000000000e+03 2.498912523214314785e+00 1.359895699474643685e-02
2.730000000000000000e+03 2.499638738535924887e+00 1.358912474277114250e-02
2.760000000000000000e+03 2.500555597940944619e+00 1.361903135901091667e-02
2.790000000000000000e+03 2.502451990965214090e+00 1.308879241252862077e-02
2.820000000000000000e+03 2.503170313985520590e+00 1.304031476342564638e-02
2.850000000000000000e+03 2.503138610943169251e+00 1.274153937470917305e-02
2.880000000000000000e+03 2.503345929737200048e+00 1.253949040141311491e-02
2.910000000000000000e+03 2.502682570518461436e+00 1.288541899559756537e-02
2.940000000000000000e+03 2.503600765786956561e+00 1.282438730344245305e-02
2.970000000000000000e+03 2.501829412567917910e+00 1.255114310198334263e-02
3.000000000000000000e+03 2.500680835627450360e+00 1.232180017406153162e-02
3.030000000000000000e+03 2.498635865105665044e+00 1.205211996864371908e-02
3.060000000000000000e+03 2.498331043929719275e+00 1.180021291535737760e-02
3.090000000000000000e+03 2.499064319530324152e+00 1.195035676785446629e-02
3.120000000000000000e+03 2.500186398989788561e+00 1.182071960295226487e-02
3.150000000000000000e+03 2.499165168863274555e+00 1.157491822563740461e-02
3.180000000000000000e+03 2.499315055366854832e+00 1.135686074096534798e-02
3.210000000000000000e+03 2.500305087861247166e+00 1.120918315977124588e-02
3.240000000000000000e+03 2.499434742920183972e+00 1.124018144002314999e-02
3.270000000000000000e+03 2.499572798795448580e+00 1.154218515385585682e-02
3.300000000000000000e+03 2.499229294233276111e+00 1.134182671000334708e-02
3.330000000000000000e+03 2.499809817851841309e+00 1.116448235403067098e-02
3.360000000000000000e+03 2.500088557110985210e+00 1.126980682931890028e-02
3.390000000000000000e+03 2.500649793413690869e+00 1.110496401721599094e-02
3.420000000000000000e+03 2.498462182298045953e+00 1.126989199022862022e-02
3.450000000000000000e+03 2.498146954884638671e+00 1.138226347520133151e-02
3.480000000000000000e+03 2.496969533323473822e+00 1.156858957705695322e-02
3.510000000000000000e+03 2.497549073058296543e+00 1.130735040847361157e-02
3.540000000000000000e+03 2.496297690382502488e+00 1.134027540090436562e-02
3.570000000000000000e+03 2.497680394699217654e+00 1.138152186358493655e-02
3.600000000000000000e+03 2.497684545854274241e+00 1.152195920274889235e-02
3.630000000000000000e+03 2.496487895216340291e+00 1.183767938356047010e-02
3.660000000000000000e+03 2.494422880106421214e+00 1.198944786786180182e-02
3.690000000000000000e+03 2.493929024916933912e+00 1.163823699647999199e-02
3.720000000000000000e+03 2.495027320193854870e+00 1.147061730121101165e-02
3.750000000000000000e+03 2.495422426576452857e+00 1.158962097124185096e-02
3.780000000000000000e+03 2.494784675146298536e+00 1.226621085911786153e-02
3.810000000000000000e+03 2.494720642049152115e+00 1.234888356014089694e-02
3.840000000000000000e+03 2.493310067264203234e+00 1.210870839669766878e-02
3.870000000000000000e+03 2.493053878016110225e+00 1.183988624902430724e-02
3.900000000000000000e+03 2.492799228855479665e+00 1.149629830515840924e-02
3.930000000000000000e+03 2.492683916008115563e+00 1.104418964934233451e-02
3.960000000000000000e+03 2.494599074744095368e+00 1.090497424037212455e-02
3.990000000000000000e+03 2.494488054484505390e+00 1.062795835344504738e-02
4.020000000000000000e+03 2.495153490009151209e+00 1.070218559304910236e-02
4.050000000000000000e+03 2.496318551360805049e+00 1.099477418209848269e-02
4.080000000000000000e+03 2.496403582617838790e+00 1.118138400158068778e-02
4.110000000000000000e+03 2.497107299553835258e+00 1.098097483675654698e-02
4.140000000000000000e+03 2.496902190569323388e+00 1.099531059326720565e-02
4.170000000000000000e+03 2.497226677393610927e+00 1.089935389600606500e-02
4.200000000000000000e+03 2.497558794336905752e+00 1.081611002853266612e-02
4.230000000000000000e+03 2.498013718554456197e+00 1.050012608759031373e-02
4.260000000000000000e+03 2.498214997754017119e+00 1.058075093447353142e-02
4.290000000000000000e+03 2.497191175032963617e+00 1.042713411213835352e-02
4.320000000000000000e+03 2.498959857003487883e+00 1.019665011434811065e-02
4.350000000000000000e+03 2.498264440690588284e+00 9.883009686144436298e-03
4.380000000000000000e+03 2.499141828197996240e+00 9.834591818969727270e-03
4.410000000000000000e+03 2.500746621253216784e+00 1.006044982027859760e-02
4.440000000000000000e+03 2.500987718906969803e+00 1.002088007888350847e-02
4.470000000000000000e+03 2.500445047019894673e+00 9.761164789877036299e-03
4.500000000000000000e+03 2.502019152847711148e+00 9.848447445006774242e-03
4.530000000000000000e+03 2.501267246191380522e+00 9.799680199904282213e-03
4.560000000000000000e+03 2.500267279525749675e+00 1.001778216393759031e-02
4.590000000000000000e+03 2.500985799210842853e+00 9.965439738420232493e-03
4.620000000000000000e+03 2.502206500420923518e+00 1.019661092631578628e-02
4.650000000000000000e+03 2.502579914176976228e+00 9.778179267611531583e-03
4.680000000000000000e+03 2.502107648786838112e+00 9.836218223886144738e-03
4.710000000000000000e+03 2.502855341196869254e+00 9.852853296501810909e-03
4.740000000000000000e+03 2.502855532041666109e+00 9.575631988575228001e-03
4.770000000000000000e+03 2.502748479028711337e+00 9.717963858292330906e-03
4.800000000000000000e+03 2.503826052692888382e+00 9.861693359487493094e-03
4.830000000000000000e+03 2.504081829684738913e+00 9.696092498469532917e-03
4.860000000000000000e+03 2.502261454923612849e+00 9.580412077968988860e-03
4.890000000000000000e+03 2.501913055072274794e+00 9.705145270604708871e-03
4.920000000000000000e+03 2.501717911703344566e+00 9.850627313492401130e-03
4.950000000000000000e+03 2.501183759746629764e+00 9.894372503921724030e-03
4.980000000000000000e+03 2.500189180603656691e+00 9.933852693148755367e-03
5.010000000000000000e+03 2.499012690210275611e+00 1.006466272749525701e-02
5.040000000000000000e+03 2.499419114372650519e+00 9.797189195325912980e-03
5.070000000000000000e+03 2.498821932181092276e+00 9.783212163672316483e-03
5.100000000000000000e+03 2.499370561759570286e+00 9.540092974716292071e-03
5.130000000000000000e+03 2.499572759310223713e+00 9.191916677628617777e-03
5.160000000000000000e+03 2.500573492568672229e+00 8.979661880945595878e-03
5.190000000000000000e+03 2.500406316971712339e+00 8.712046415758945700e-03
5.220000000000000000e+03 2.499707476114913618e+00 8.886764436602754072e-03
5.250000000000000000e+03 2.499995732007048943e+00 8.662929829780677965e-03
5.280000000000000000e+03 2.499117174741098069e+00 8.666377974496118630e-03
5.310000000000000000e+03 2.499081714348760030e+00 8.918649730900693115e-03
5.340000000000000000e+03 2.498833598866448735e+00 8.879705013120978152e-03
5.370000000000000000e+03 2.498747537573547284e+00 8.919559716641914729e-03
5.400000000000000000e+03 2.498838877686957005e+00 8.877144887309274673e-03
5.430000000000000000e+03 2.500480538381233409e+00 9.209439669526930244e-03
5.460000000000000000e+03 2.500977927933439648e+00 9.386722115486804269e-03
5.490000000000000000e+03 2.500750683448361933e+00 9.433907625270228012e-03
5.520000000000000000e+03 2.500762503581297036e+00 9.250890979131006636e-03
5.550000000000000000e+03 2.501628946308653401e+00 9.316968832386937280e-03
5.580000000000000000e+03 2.501722214425299295e+00 9.363197718323139004e-03
5.610000000000000000e+03 2.501021235767808548e+00 9.557960890211719338e-03
5.640000000000000000e+03 2.499888564003946101e+00 9.688241645463098115e-03
5.670000000000000000e+03 2.499889345813262942e+00 9.734408293317755451e-03
5.700000000000000000e+03 2.499604575219571689e+00 9.680396403689686680e-03
5.730000000000000000e+03 2.498967375310061634e+00 9.576880078320307993e-03
5.760000000000000000e+03 2.498996281957605703e+00 9.450110390545430478e-03
5.790000000000000000e+03 2.497729896481873713e+00 9.475428960332366729e-03
5.820000000000000000e+03 2.496175031749912065e+00 9.442509009455783350e-03
5.850000000000000000e+03 2.496955730480848068e+00 9.185487945783771604e-03
5.880000000000000000e+03 2.497097440182876493e+00 9.124451941214533832e-03
5.910000000000000000e+03 2.496062878625242121e+00 9.130472692920566999e-03
5.940000000000000000e+03 2.496887472375137751e+00 9.123585238943254100e-03
5.970000000000000000e+03 2.497025147419031033e+00 9.164564116148360071e-03
6.000000000000000000e+03 2.497408409154336706e+00 8.975480223356934600e-03
6.030000000000000000e+03 2.498074146773980875e+00 8.864917164683062262e-03
6.060000000000000000e+03 2.497547849671763576e+00 8.609062408986872805e-03
6.090000000000000000e+03 2.497548058355521849e+00 8.855308071450157525e-03
6.120000000000000000e+03 2.496753829451322293e+00 8.763455943276141080e-03
6.150000000000000000e+03 2.497093142309058322e+00 8.994013156360010364e-03
6.180000000000000000e+03 2.496128588941522786e+00 8.918069194368650338e-03
6.210000000000000000e+03 2.495736850351759184e+00 8.812117921963791289e-03
6.240000000000000000e+03 2.495689914117959152e+00 8.796987854342077154e-03
6.270000000000000000e+03 2.495039288314507164e+00 9.001334046223769328e-03
6.300000000000000000e+03 2.495703341500989492e+00 8.754558364512349949e-03
6.330000000000000000e+03 2.495564114642017550e+00 8.683985949153309736e-03
6.360000000000000000e+03 2.496049370835414560e+00 8.529278169092642178e-03
6.390000000000000000e+03 2.495969342170124339e+00 8.459732052725188120e-03
6.420000000000000000e+03 2.495500209657979696e+00 8.532960650224154925e-03
6.450000000000000000e+03 2.496238262460914292e+00 8.353767028305786324e-03
6.480000000000000000e+03 2.496554297673131195e+00 8.365879816193117977e-03
6.510000000000000000e+03 2.497622410577724494e+00 8.101751431884116061e-03
6.540000000000000000e+03 2.497889333918069443e+00 7.910450775376417012e-03
6.570000000000000000e+03 2.497212845243716117e+00 7.847798659681120073e-03
6.600000000000000000e+03 2.497297140727298803e+00 7.844715928458510096e-03
6.630000000000000000e+03 2.497261418370317898e+00 7.859814280906450568e-03
6.660000000000000000e+03 2.496911472409851118e+00 7.823687142073871073e-03
6.690000000000000000e+03 2.495411837113539200e+00 7.800887179888034428e-03
6.720000000000000000e+03 2.496385948296845569e+00 7.740096432664946534e-03
6.750000000000000000e+03 2.496592644021969676e+00 7.815134730482358252e-03
6.780000000000000000e+03 2.497221415472058226e+00 7.645412223657914105e-03
6.810000000000000000e+03 2.497226342836679436e+00 7.760106382138748718e-03
6.840000000000000000e+03 2.496846317852596364e+00 7.831776788328087199e-03
6.870000000000000000e+03 2.496569897064148336e+00 7.819344595465209033e-03
6.900000000000000000e+03 2.496165224849518083e+00 7.995709675608711486e-03
6.930000000000000000e+03 2.495523086068077490e+00 7.834592650499218325e-03
6.960000000000000000e+03 2.496436843808451211e+00 7.821091268724180562e-03
6.990000000000000000e+03 2.495962556954599343e+00 7.666079538438931584e-03
7.020000000000000000e+03 2.495300408928561975e+00 7.577048592538751862e-03
7.050000000000000000e+03 2.495736916957507212e+00 7.495563954993138614e-03
7.080000000000000000e+03 2.495947741973498335e+00 7.419342476392731464e-03
7.110000000000000000e+03 2.495371446224172285e+00 7.224560887395549066e-03
7.140000000000000000e+03 2.495218135869210929e+00 7.196688551094909854e-03
7.170000000000000000e+03 2.494681009877819378e+00 7.151992254253474422e-03
7.200000000000000000e+03 2.495677397330994918e+00 7.055465065341138230e-03
7.230000000000000000e+03 2.495833837408759415e+00 6.996941432134445860e-03
7.260000000000000000e+03 2.496622063395046887e+00 7.216057700240449506e-03
7.290000000000000000e+03 2.496712227797120764e+00 7.136480543750947647e-03
7.320000000000000000e+03 2.496943960909285387e+00 7.306002827670063371e-03
7.350000000000000000e+03 2.496476270141580578e+00 7.430327347967879796e-03
7.380000000000000000e+03 2.496192030850351351e+00 7.473608647709970368e-03
7.410000000000000000e+03 2.497854491424161605e+00 7.417574004783280238e-03
7.440000000000000000e+03 2.498967860757320913e+00 7.197408187659793712e-03
7.470000000000000000e+03 2.498254068421482010e+00 7.183176416051783621e-03
7.500000000000000000e+03 2.497922547798111292e+00 7.266494735561763486e-03
7.530000000000000000e+03 2.498284912195512408e+00 7.292838815524758239e-03
7.560000000000000000e+03 2.498337290997749260e+00 7.425185053736299209e-03
7.590000000000000000e+03 2.498040907952277401e+00 7.453752389978651922e-03
7.620000000000000000e+03 2.498610875032697631e+00 7.332617308974646690e-03
7.650000000000000000e+03 2.499240837718012642e+00 7.231527505609547900e-03
7.680000000000000000e+03 2.498706848504796518e+00 7.085376654111671946e-03
7.710000000000000000e+03 2.498225717078871089e+00 7.183100527991375002e-03
7.740000000000000000e+03 2.498487672300059970e+00 7.213505605936220734e-03
7.770000000000000000e+03 2.498311323543723095e+00 7.126142123161830801e-03
7.800000000000000000e+03 2.498845326987304105e+00 7.033612547929018848e-03
7.830000000000000000e+03 2.498498887602143448e+00 6.893124297289960484e-03
7.860000000000000000e+03 2.499171681375125686e+00 6.871052384018955413e-03
7.890000000000000000e+03 2.499161268783449241e+00 6.832180479665367519e-03
7.920000000000000000e+03 2.499131632936234304e+00 6.734583389705911353e-03
7.950000000000000000e+03 2.498638007738256395e+00 6.609272355449271816e-03
7.980000000000000000e+03 2.498706367572193887e+00 6.526166940797142359e-03
8.010000000000000000e+03 2.499071142994803818e+00 6.484777091340728113e-03
8.040000000000000000e+03 2.499844853166766523e+00 6.485819456241602964e-03
8.070000000000000000e+03 2.499566454026990403e+00 6.533770564693173674e-03
8.100000000000000000e+03 2.499539229037820665e+00 6.543241279538479158e-03
8.130000000000000000e+03 2.499080136125990226e+00 6.635496282714889969e-03
8.160000000000000000e+03 2.498777112994328586e+00 6.714449151265101078e-03
8.190000000000000000e+03 2.498754758311562796e+00 6.706484098222191201e-03
8.220000000000000000e+03 2.498641429446461171e+00 6.466576660750464681e-03
8.250000000000000000e+03 2.498854476864572405e+00 6.466649514565464552e-03
8.280000000000000000e+03 2.499046630916889722e+00 6.329167748271297481e-03
8.310000000000000000e+03 2.498897289984188586e+00 6.419091435511566079e-03
8.340000000000000000e+03 2.499309028302627134e+00 6.380812706697413725e-03
8.370000000000000000e+03 2.498667013989222419e+00 6.372325605074928394e-03
8.400000000000000000e+03 2.498575417856752523e+00 6.330702595180160916e-03
8.430000000000000000e+03 2.498449066895457094e+00 6.333358008149374274e-03
8.460000000000000000e+03 2.497681881680434479e+00 6.293482782792791073e-03
8.490000000000000000e+03 2.497852031605372058e+00 6.249834043767193981e-03
8.520000000000000000e+03 2.497138508533794710e+00 6.216103154510193435e-03
8.550000000000000000e+03 2.497146842132449862e+00 6.211571666497953115e-03
8.580000000000000000e+03 2.497875387439684403e+00 6.301881341433471402e-03
8.610000000000000000e+03 2.497618908556928030e+00 6.188602167524217233e-03
8.640000000000000000e+03 2.497621236205076922e+00 6.052537466289888840e-03
8.670000000000000000e+03 2.498038528543686798e+00 5.902334255544043791e-03
8.700000000000000000e+03 2.497752183832298023e+00 5.861368186291866962e-03
8.730000000000000000e+03 2.497362093579773568e+00 5.836724454271158616e-03
8.760000000000000000e+03 2.497107725401979117e+00 5.827350677894388431e-03
8.790000000000000000e+03 2.497422864111436436e+00 5.900887957477061671e-03
8.820000000000000000e+03 2.497033814835496468e+00 5.731530806847852724e-03
8.850000000000000000e+03 2.496717580495898314e+00 5.645080601733359557e-03
8.880000000000000000e+03 2.497310294843170464e+00 5.705380619208406251e-03
8.910000000000000000e+03 2.497706436366800897e+00 5.643251076663237560e-03
8.940000000000000000e+03 2.498036533747827637e+00 5.670976814758431177e-03
8.970000000000000000e+03 2.497998428747322919e+00 5.657154636075450299e-03
9.000000000000000000e+03 2.497686678455346865e+00 5.677871989928744145e-03
9.030000000000000000e+03 2.497830807256864016e+00 5.572598323272742564e-03
9.060000000000000000e+03 2.497687377769634676e+00 5.426264776492419062e-03
9.090000000000000000e+03 2.497347189458615446e+00 5.398231554935651981e-03
9.120000000000000000e+03 2.497590905280993034e+00 5.310906549176732522e-03
9.150000000000000000e+03 2.497773029147265955e+00 5.237672323384117735e-03
9.180000000000000000e+03 2.497297588477332742e+00 5.236910039317569168e-03
9.210000000000000000e+03 2.497293989418732263e+00 5.159482620289861966e-03
9.240000000000000000e+03 2.498021510482297813e+00 5.051347975134897611e-03
9.270000000000000000e+03 2.497771117785564154e+00 5.138739756385385556e-03
9.300000000000000000e+03 2.497962646749171345e+00 5.158473390812049614e-03
9.330000000000000000e+03 2.498363665709673054e+00 5.266110950591540441e-03
9.360000000000000000e+03 2.498720170644193050e+00 5.231217399753657071e-03
9.390000000000000000e+03 2.498918877051881093e+00 5.288497467863999789e-03
9.420000000000000000e+03 2.499074855301054221e+00 5.086308791608738084e-03
9.450000000000000000e+03 2.498447512561729145e+00 5.078105753115773162e-03
9.480000000000000000e+03 2.498141346548338415e+00 5.107316076731493321e-03
9.510000000000000000e+03 2.497565485886469983e+00 5.056180955134496197e-03
9.540000000000000000e+03 2.497296313383464916e+00 5.212141332516405032e-03
9.570000000000000000e+03 2.497248820326754437e+00 5.117009108370693983e-03
9.600000000000000000e+03 2.496816658852478721e+00 5.016574344626894069e-03
9.630000000000000000e+03 2.496701168367514878e+00 4.886779603796190946e-03
9.660000000000000000e+03 2.496364899995070274e+00 4.883901717004396348e-03
9.690000000000000000e+03 2.496372367068464104e+00 4.898901142479436879e-03
9.720000000000000000e+03 2.495975120598190600e+00 4.743235948830195128e-03
9.750000000000000000e+03 2.495368089655238375e+00 4.832990879845332557e-03
9.780000000000000000e+03 2.495062415640842080e+00 4.863104151569613669e-03
9.810000000000000000e+03 2.494640961947244939e+00 4.891040838301306988e-03
9.840000000000000000e+03 2.494367266721661647e+00 4.987848847924223478e-03
9.870000000000000000e+03 2.494362561043996784e+00 5.003995646571668399e-03
9.900000000000000000e+03 2.494543463864749011e+00 4.894343127377433905e-03
9.930000000000000000e+03 2.494542979599427834e+00 4.911277374481789679e-03
9.960000000000000000e+03 2.494109124301732816e+00 4.923585154756274056e-03
9.990000000000000000e+03 2.494449896575643422e+00 4.896158678264756273e-03
1.002000000000000000e+04 2.494232511196361912e+00 4.976567634514914018e-03
1.005000000000000000e+04 2.494380977861954118e+00 5.089106494849007616e-03
1.008000000000000000e+04 2.493886008745178628e+00 5.154935786364034898e-03
1.011000000000000000e+04 2.493377301063353535e+00 5.235452472530792954e-03
1.014000000000000000e+04 2.493985727962864107e+00 5.291673131902588020e-03
1.017000000000000000e+04 2.494037042009628280e+00 5.259917902849087397e-03
1.020000000000000000e+04 2.493834755777891043e+00 5.293917678482149350e-03
1.023000000000000000e+04 2.494173607007195592e+00 5.304520233878477417e-03
1.026000000000000000e+04 2.493457215790020776e+00 5.344860121706113826e-03
1.029000000000000000e+04 2.493327002076142218e+00 5.343147062798657247e-03
1.032000000000000000e+04 2.493381053391313440e+00 5.387964481246085811e-03
1.035000000000000000e+04 2.493503494116193764e+00 5.394512173672527493e-03
1.038000000000000000e+04 2.493385020653826611e+00 5.396112551020564030e-03
1.041000000000000000e+04 2.493670445314362105e+00 5.414056208462670293e-03
1.044000000000000000e+04 2.493883444752361900e+00 5.408405298681633923e-03
1.047000000000000000e+04 2.494081368205015359e+00 5.284026308107153333e-03
1.050000000000000000e+04 2.494410814270361598e+00 5.132602073058849766e-03
1.053000000000000000e+04 2.495020003419366805e+00 5.109298593437125793e-03
1.056000000000000000e+04 2.495170633599823162e+00 5.151603453488115374e-03
1.059000000000000000e+04 2.495179439586575398e+00 5.101228951562649175e-03
1.062000000000000000e+04 2.495338894891521164e+00 5.129902981652246022e-03
1.065000000000000000e+04 2.495111566343643172e+00 5.181192941473507056e-03
1.068000000000000000e+04 2.495084431972990568e+00 5.117222498945399149e-03
1.071000000000000000e+04 2.495194850013046306e+00 5.160060801811166241e-03
1.074000000000000000e+04 2.495316188170681571e+00 5.271467019669422507e-03
1.077000000000000000e+04 2.495630136708694824e+00 5.341414600312408348e-03
1.080000000000000000e+04 2.495562434679428510e+00 5.335348241890091464e-03
1.083000000000000000e+04 2.495642029711713228e+00 5.397939212749411873e-03
1.086000000000000000e+04 2.495931342922257823e+00 5.497659279515246245e-03
1.089000000000000000e+04 2.496119526759038365e+00 5.344374040840342219e-03
1.092000000000000000e+04 2.496465794948266925e+00 5.335943698389707286e-03
1.095000000000000000e+04 2.496929043721159758e+00 5.251853872407114335e-03
1.098000000000000000e+04 2.496887634993041782e+00 5.292257801094724275e-03
1.101000000000000000e+04 2.496245640298525359e+00 5.291840415292468729e-03
1.104000000000000000e+04 2.496151158390683023e+00 5.207488115855070029e-03
1.107000000000000000e+04 2.495934380213844950e+00 5.081891845356853801e-03
1.110000000000000000e+04 2.495646254429091826e+00 5.007614097803403906e-03
1.113000000000000000e+04 2.495987526037042326e+00 5.034173318486170889e-03
1.116000000000000000e+04 2.496433222156410725e+00 5.135566542578497151e-03
1.119000000000000000e+04 2.496538337636417637e+00 5.054358545194904961e-03
1.122000000000000000e+04 2.496450950989702822e+00 5.099753921542964606e-03
1.125000000000000000e+04 2.496356197766455676e+00 5.170661014888123727e-03
1.128000000000000000e+04 2.496811446954494862e+00 5.142624877170236773e-03
1.131000000000000000e+04 2.497105702225496326e+00 5.070350572931207195e-03
1.134000000000000000e+04 2.496383859986016418e+00 5.046175990392012291e-03
1.137000000000000000e+04 2.496223091567095320e+00 5.108158509422126674e-03
1.140000000000000000e+04 2.495450509063029010e+00 5.187948902592522810e-03
1.143000000000000000e+04 2.495643119377915387e+00 5.219405158608831675e-03
1.146000000000000000e+04 2.495735879587690498e+00 5.161495653417371744e-03
1.149000000000000000e+04 2.496018345303641528e+00 5.234783534444887448e-03
1.152000000000000000e+04 2.495843381606161593e+00 5.251515952976247396e-03
1.155000000000000000e+04 2.496021723853168339e+00 5.302118454755289610e-03
1.158000000000000000e+04 2.495899389334508722e+00 5.259418477427072781e-03
1.161000000000000000e+04 2.496266396341093596e+00 5.274574145072091248e-03
1.164000000000000000e+04 2.496499014885705137e+00 5.256955030720672321e-03
1.167000000000000000e+04 2.496110987710106421e+00 5.231990262955533814e-03
1.170000000000000000e+04 2.496150762209194962e+00 5.050789379159654167e-03
1.173000000000000000e+04 2.495954451240446126e+00 5.002759742302683582e-03
1.176000000000000000e+04 2.496577313863966641e+00 5.017066528484710568e-03
1.179000000000000000e+04 2.496588228461124714e+00 5.013018753744813254e-03
1.182000000000000000e+04 2.496280679746987641e+00 4.839277893083364541e-03
1.185000000000000000e+04 2.496807725823852131e+00 4.749319561321289906e-03
1.188000000000000000e+04 2.496772375298976332e+00 4.725145914941660669e-03
1.191000000000000000e+04 2.496652419404039591e+00 4.761479163014891401e-03
1.194000000000000000e+04 2.496675930538344801e+00 4.546733336233492288e-03
1.197000000000000000e+04 2.496600840640508245e+00 4.501713124654628702e-03
1.200000000000000000e+04 2.496505983525835859e+00 4.491960697113221018e-03
1.203000000000000000e+04 2.496444691794590831e+00 4.394103401250970715e-03
1.206000000000000000e+04 2.496504019116626782e+00 4.493276306366710687e-03
1.209000000000000000e+04 2.496926066764620700e+00 4.486405663714455525e-03
1.212000000000000000e+04 2.497032064895960080e+00 4.509689294695693948e-03
1.215000000000000000e+04 2.497040809291871000e+00 4.571463897075319846e-03
1.218000000000000000e+04 2.496876200634168264e+00 4.682721005397058600e-03
1.221000000000000000e+04 2.496841804732880643e+00 4.573647606325165552e-03
1.224000000000000000e+04 2.497142769894885816e+00 4.442235029898150903e-03
1.227000000000000000e+04 2.496908471526368967e+00 4.406742397043268006e-03
1.230000000000000000e+04 2.496659992468956091e+00 4.508188412458012835e-03
1.233000000000000000e+04 2.496392651750378278e+00 4.486857762689072833e-03
1.236000000000000000e+04 2.497504649815649902e+00 4.477047328241960146e-03
1.239000000000000000e+04 2.498115766613319799e+00 4.352626727646589748e-03
1.242000000000000000e+04 2.498500851552229118e+00 4.330348773949442218e-03
1.245000000000000000e+04 2.498873143364328087e+00 4.371980340877087978e-03
1.248000000000000000e+04 2.499095386533605190e+00 4.455486750422826998e-03
1.251000000000000000e+04 2.499515798619578177e+00 4.558981158291567498e-03
1.254000000000000000e+04 2.499293446948350983e+00 4.458879932670882160e-03
1.257000000000000000e+04 2.499563031675401170e+00 4.495487227809320287e-03
1.260000000000000000e+04 2.499803609794533088e+00 4.492772292385253941e-03
1.263000000000000000e+04 2.499932667690760280e+00 4.490618570945474099e-03
1.266000000000000000e+04 2.499814718979707084e+00 4.414215484926805287e-03
1.269000000000000000e+04 2.500173791806446388e+00 4.310860344296845066e-03
1.272000000000000000e+04 2.500299011537836957e+00 4.241915618331700694e-03
1.275000000000000000e+04 2.500021772917704777e+00 4.226733492337994905e-03
1.278000000000000000e+04 2.500246980986953194e+00 4.272889723948678116e-03
1.281000000000000000e+04 2.500217839620277438e+00 4.234674087462815539e-03
1.284000000000000000e+04 2.500468852406776410e+00 4.289964057420505260e-03
1.287000000000000000e+04 2.500323519145494444e+00 4.325071020024817518e-03
1.290000000000000000e+04 2.500350881828004912e+00 4.368587448671122121e-03
1.293000000000000000e+04 2.500322737193126255e+00 4.221391322289146444e-03
1.296000000000000000e+04 2.499859716765696405e+00 4.319747726334114031e-03
1.299000000000000000e+04 2.499697085067390745e+00 4.318531978818390508e-03
1.302000000000000000e+04 2.499898735160731356e+00 4.363736019037414877e-03
1.305000000000000000e+04 2.500128637062726700e+00 4.391884753345947669e-03
1.308000000000000000e+04 2.500167348491545649e+00 4.474243960984727701e-03
1.311000000000000000e+04 2.500011070513596945e+00 4.564767808880651652e-03
1.314000000000000000e+04 2.500259283380966480e+00 4.485050259969373260e-03
1.317000000000000000e+04 2.500478170573710912e+00 4.497435870625717501e-03
1.320000000000000000e+04 2.500416083550422996e+00 4.627234287052882367e-03
1.323000000000000000e+04 2.500208788510539737e+00 4.682678698849336053e-03
1.326000000000000000e+04 2.500319261191290110e+00 4.696069566374376850e-03
1.329000000000000000e+04 2.500371034941425652e+00 4.653029056326580051e-03
1.332000000000000000e+04 2.500110441540606576e+00 4.651394651541466280e-03
1.335000000000000000e+04 2.499979926104866745e+00 4.708521518427200708e-03
1.338000000000000000e+04 2.500455495138048878e+00 4.666120637847312458e-03
1.341000000000000000e+04 2.500369041026815342e+00 4.673342107739851363e-03
1.344000000000000000e+04 2.500419727578738538e+00 4.700760932055429372e-03
1.347000000000000000e+04 2.500213879212568102e+00 4.725404606886129781e-03
1.350000000000000000e+04 2.500464764268302886e+00 4.760748041571452420e-03
1.353000000000000000e+04 2.500890220171017475e+00 4.715856084323860435e-03
1.356000000000000000e+04 2.500725253379030733e+00 4.718931939614441802e-03
1.359000000000000000e+04 2.500743084525630877e+00 4.767515746323675550e-03
1.362000000000000000e+04 2.500817639456055730e+00 4.765654920039056469e-03
1.365000000000000000e+04 2.500672238467993580e+00 4.678587233743649113e-03
1.368000000000000000e+04 2.500781407981062632e+00 4.670880413944278678e-03
1.371000000000000000e+04 2.500714575502813730e+00 4.722212602329398101e-03
1.374000000000000000e+04 2.500726219389169724e+00 4.733383701870068870e-03
1.377000000000000000e+04 2.501059084546884748e+00 4.613425101149664156e-03
1.380000000000000000e+04 2.500921310487859373e+00 4.418619175619219186e-03
1.383000000000000000e+04 2.501687710345122273e+00 4.373557448330625368e-03
1.386000000000000000e+04 2.501779741404683399e+00 4.299602331246333772e-03
1.389000000000000000e+04 2.501864200522012194e+00 4.396217978017858546e-03
1.392000000000000000e+04 2.502021353518872893e+00 4.423166372314599366e-03
1.395000000000000000e+04 2.501897236758639398e+00 4.503525853228235870e-03
1.398000000000000000e+04 2.501922835639803111e+00 4.569416519449272414e-03
1.401000000000000000e+04 2.502118276547949272e+00 4.630021718772794545e-03
1.404000000000000000e+04 2.502369962667942094e+00 4.549169266255481681e-03
1.407000000000000000e+04 2.502187886698111097e+00 4.507870670717522947e-03
1.410000000000000000e+04 2.502077075512437521e+00 4.481107762044137660e-03
1.413000000000000000e+04 2.502311967178756813e+00 4.415306069947959669e-03
1.416000000000000000e+04 2.502571650049397078e+00 4.471507769967284808e-03
1.419000000000000000e+04 2.502429738008276061e+00 4.438081019746266224e-03
1.422000000000000000e+04 2.502168367296273122e+00 4.417042046192960411e-03
1.425000000000000000e+04 2.502292226790498564e+00 4.561065269044269933e-03
1.428000000000000000e+04 2.502389056480537111e+00 4.605201090483659367e-03
1.431000000000000000e+04 2.502513803046188201e+00 4.533699674712745285e-03
1.434000000000000000e+04 2.502266625904701947e+00 4.486759575086624041e-03
1.437000000000000000e+04 2.502038337012153058e+00 4.465003220764885046e-03
1.440000000000000000e+04 2.502021414476247152e+00 4.437218496060953317e-03
1.443000000000000000e+04 2.502009841492644160e+00 4.420161779285812671e-03
1.446000000000000000e+04 2.501700255219482472e+00 4.423696829248514005e-03
1.449000000000000000e+04 2.501500127589018074e+00 4.464749288389678952e-03
1.452000000000000000e+04 2.501596096412483483e+00 4.369950343589879688e-03
1.455000000000000000e+04 2.501170551772833761e+00 4.314895993052040787e-03
1.458000000000000000e+04 2.501383310216884759e+00 4.336006011218766255e-03
1.461000000000000000e+04 2.500696729864738899e+00 4.369669482078691707e-03
1.464000000000000000e+04 2.500662956185569108e+00 4.316391902390979800e-03
1.467000000000000000e+04 2.500643939869339416e+00 4.351571769577847019e-03
1.470000000000000000e+04 2.500329554191015990e+00 4.413068632182558931e-03
1.473000000000000000e+04 2.501069712304930803e+00 4.352029547429224661e-03
1.476000000000000000e+04 2.501016089426588263e+00 4.479051271156464856e-03
1.479000000000000000e+04 2.500650431447525524e+00 4.481646612221566565e-03
1.482000000000000000e+04 2.500496184597901461e+00 4.357587077737965810e-03
1.485000000000000000e+04 2.500229217822398819e+00 4.401351259244810042e-03
1.488000000000000000e+04 2.499774175002205556e+00 4.393267361310154717e-03
1.491000000000000000e+04 2.499551575957475347e+00 4.298093116935532663e-03
1.494000000000000000e+04 2.499016194613772779e+00 4.258729812877163311e-03
1.497000000000000000e+04 2.498742973855762717e+00 4.359615992912358080e-03
1.500000000000000000e+04 2.498514061194826219e+00 4.407559756817472536e-03
