# # n, sigma
3.000000000000000000e+01 4.363889983053554467e+00 6.867793823133792885e-02
6.000000000000000000e+01 2.566143755113763358e+00 1.484259282605315811e-01
9.000000000000000000e+01 2.588560260783822731e+00 1.702247511968857097e-01
1.200000000000000000e+02 4.092276767671419790e+00 1.032350907234567683e-01
1.500000000000000000e+02 4.112236386332993376e+00 6.649132815250033413e-02
1.800000000000000000e+02 4.108569525979937076e+00 8.008233719263967154e-02
2.100000000000000000e+02 4.115272769428955257e+00 7.760419111056085506e-02
2.400000000000000000e+02 2.524017425110654855e+00 6.804414041571903160e-02
2.700000000000000000e+02 2.507204195700743377e+00 5.918273069090500271e-02
3.000000000000000000e+02 2.489794971798699574e+00 4.803671947460697728e-02
3.300000000000000000e+02 2.485455595625388536e+00 4.534458723741790348e-02
3.600000000000000000e+02 2.486063762883356620e+00 4.474817228939306779e-02
3.900000000000000000e+02 2.494713641198938792e+00 3.774884704035640082e-02
4.200000000000000000e+02 2.500365135521567694e+00 3.596885863236141262e-02
4.500000000000000000e+02 2.504388616422154268e+00 3.418662740766361535e-02
4.800000000000000000e+02 2.502486036633412958e+00 3.149091790837148935e-02
5.100000000000000000e+02 2.505703664417229248e+00 3.021175632003142431e-02
5.400000000000000000e+02 2.508565879736942783e+00 2.819574474910045009e-02
5.700000000000000000e+02 2.515814353184304242e+00 2.673272007540219292e-02
6.000000000000000000e+02 2.515667344873572908e+00 2.968209245088756706e-02
6.300000000000000000e+02 2.517586828945857391e+00 3.016256523036215179e-02
6.600000000000000000e+02 2.517163885335425899e+00 2.615805530659949529e-02
6.900000000000000000e+02 2.514728041015884763e+00 2.723769133863108288e-02
7.200000000000000000e+02 2.515624512441478444e+00 2.633214257398886968e-02
7.500000000000000000e+02 2.514778068438475067e+00 2.756342184038022836e-02
7.800000000000000000e+02 2.514742294874493300e+00 2.924950145101319621e-02
8.100000000000000000e+02 2.514620909563095807e+00 2.737892580379388749e-02
8.400000000000000000e+02 2.511185492041632994e+00 2.613026414262074534e-02
8.700000000000000000e+02 2.505531578060679276e+00 2.564640036555481187e-02
9.000000000000000000e+02 2.501099920059051129e+00 2.492253428604951707e-02
9.300000000000000000e+02 2.498041330190261533e+00 2.469931853995006518e-02
9.600000000000000000e+02 2.498839332121225887e+00 2.719590182471763942e-02
9.900000000000000000e+02 2.499315553711384030e+00 2.724727002001854984e-02
1.020000000000000000e+03 2.495118287174166838e+00 2.596367382663764337e-02
1.050000000000000000e+03 2.497539232243397578e+00 2.487294548290057417e-02
1.080000000000000000e+03 2.498948060637546043e+00 2.456521171423608693e-02
1.110000000000000000e+03 2.499821894450412696e+00 2.472302462095882225e-02
1.140000000000000000e+03 2.495760567738749991e+00 2.486883792339470919e-02
1.170000000000000000e+03 2.493438636972392874e+00 2.526539944206688745e-02
1.200000000000000000e+03 2.498691438305487011e+00 2.406135927629833235e-02
1.230000000000000000e+03 2.498244740768331251e+00 2.262087439495885990e-02
1.260000000000000000e+03 2.498013100005093801e+00 2.195841199573352054e-02
1.290000000000000000e+03 2.497946785741048892e+00 1.969525716284072081e-02
1.320000000000000000e+03 2.497100631200575460e+00 1.887088364329985585e-02
1.350000000000000000e+03 2.496508244866063375e+00 1.895456977462206885e-02
1.380000000000000000e+03 2.495765628488402665e+00 1.841569568628037903e-02
1.410000000000000000e+03 2.499750362323556185e+00 1.865253400277608331e-02
1.440000000000000000e+03 2.499348491876100642e+00 1.833315677251734152e-02
1.470000000000000000e+03 2.499380324754576055e+00 1.795923766706930894e-02
1.500000000000000000e+03 2.504008022336571049e+00 1.719048458322188638e-02
1.530000000000000000e+03 2.504507465366609065e+00 1.684898210096496055e-02
1.560000000000000000e+03 2.500833638789421443e+00 1.638061177783614250e-02
1.590000000000000000e+03 2.500986200773539281e+00 1.572577526296145556e-02
1.620000000000000000e+03 2.501901611551917703e+00 1.501141685752667952e-02
1.650000000000000000e+03 2.501627960172545073e+00 1.500174653670494768e-02
1.680000000000000000e+03 2.502015506065756512e+00 1.499101127673082429e-02
1.710000000000000000e+03 2.501619516264335097e+00 1.476576351134953509e-02
1.740000000000000000e+03 2.503551232951148453e+00 1.464176282506661833e-02
1.770000000000000000e+03 2.500100586392931312e+00 1.316050687900666150e-02
1.800000000000000000e+03 2.501235819040200870e+00 1.244306600213680898e-02
1.830000000000000000e+03 2.500278887333355016e+00 1.297032880089808542e-02
1.860000000000000000e+03 2.502181749680546297e+00 1.315179315930102913e-02
1.890000000000000000e+03 2.500039411073407436e+00 1.333661710003261613e-02
1.920000000000000000e+03 2.501639368117091866e+00 1.361505600830569505e-02
1.950000000000000000e+03 2.498464101846369356e+00 1.368276257878375986e-02
1.980000000000000000e+03 2.495804045810731342e+00 1.298179652846186832e-02
2.010000000000000000e+03 2.493327122334307866e+00 1.303158129446280351e-02
2.040000000000000000e+03 2.490587063052260408e+00 1.269511271230221866e-02
2.070000000000000000e+03 2.491898682471651583e+00 1.279540932514367478e-02
2.100000000000000000e+03 2.492898446496301545e+00 1.268022515898367675e-02
2.130000000000000000e+03 2.494274546237844614e+00 1.275446638797168852e-02
2.160000000000000000e+03 2.494461274741468060e+00 1.309198424299134328e-02
2.190000000000000000e+03 2.494067861316795476e+00 1.307625367346611049e-02
2.220000000000000000e+03 2.494816125916257565e+00 1.360244970738824950e-02
2.250000000000000000e+03 2.495361957183205082e+00 1.285001684811882400e-02
2.280000000000000000e+03 2.493177951941455639e+00 1.275253895530704777e-02
2.310000000000000000e+03 2.495072393869457450e+00 1.277241863622499175e-02
2.340000000000000000e+03 2.494050193291946105e+00 1.283371392151972518e-02
2.370000000000000000e+03 2.495235155356007706e+00 1.293874245844592666e-02
2.400000000000000000e+03 2.500263605311238813e+00 1.271204981235100027e-02
2.430000000000000000e+03 2.502138184418042144e+00 1.272139605326929115e-02
2.460000000000000000e+03 2.502241413619837651e+00 1.245186964832478704e-02
2.490000000000000000e+03 2.501207565626242246e+00 1.221759518493398602e-02
2.520000000000000000e+03 2.501972660902676449e+00 1.244735227851805071e-02
2.550000000000000000e+03 2.501630608507632303e+00 1.260574679581183237e-02
2.580000000000000000e+03 2.500211743914846352e+00 1.240780005058516114e-02
2.610000000000000000e+03 2.500139026370056694e+00 1.245319181182064951e-02
2.640000000000000000e+03 2.500727284011969864e+00 1.209232758213280717e-02
2.670000000000000000e+03 2.501166724743647762e+00 1.215736995971383044e-02
2.700000000000000000e+03 2.499213193564836288e+00 1.195265098627833027e-02
2.730000000000000000e+03 2.500039916760847802e+00 1.204671736353965517e-02
2.760000000000000000e+03 2.497306611252725794e+00 1.164765763059812977e-02
2.790000000000000000e+03 2.496245322655327836e+00 1.144543094107775341e-02
2.820000000000000000e+03 2.497292812381446403e+00 1.102975282375844197e-02
2.850000000000000000e+03 2.498253756084215293e+00 1.134389667634702614e-02
2.880000000000000000e+03 2.498525071585418811e+00 1.166336251795790403e-02
2.910000000000000000e+03 2.500629882914373159e+00 1.156554467436422817e-02
2.940000000000000000e+03 2.496961971067619412e+00 1.132297537949698146e-02
2.970000000000000000e+03 2.496996506085285894e+00 1.149701685213258204e-02
3.000000000000000000e+03 2.497341844855124560e+00 1.166819849730130546e-02
3.030000000000000000e+03 2.495897536541789918e+00 1.166089095397056762e-02
3.060000000000000000e+03 2.494430052267277542e+00 1.154773766732323896e-02
3.090000000000000000e+03 2.494731566431713787e+00 1.095227569592115667e-02
3.120000000000000000e+03 2.494337040239741121e+00 1.116460370292126671e-02
3.150000000000000000e+03 2.493950453930681377e+00 1.085606017643914699e-02
3.180000000000000000e+03 2.494425031109396063e+00 1.083230395793331920e-02
3.210000000000000000e+03 2.494189760027167413e+00 1.100843274565010965e-02
3.240000000000000000e+03 2.494731347895372320e+00 1.086433666345974249e-02
3.270000000000000000e+03 2.495354671099154320e+00 1.086314971765181027e-02
3.300000000000000000e+03 2.495942310103876682e+00 1.098606878388530377e-02
3.330000000000000000e+03 2.496879568946733130e+00 1.089629572071099811e-02
3.360000000000000000e+03 2.497181249322190766e+00 1.073837707023037741e-02
3.390000000000000000e+03 2.496377810296514621e+00 1.096316855282630613e-02
3.420000000000000000e+03 2.496305148527280693e+00 1.101234851897556211e-02
3.450000000000000000e+03 2.496498415422619743e+00 1.112879967149103463e-02
3.480000000000000000e+03 2.497076190788264594e+00 1.102131815529540718e-02
3.510000000000000000e+03 2.500158605751462648e+00 1.095102544258989320e-02
3.540000000000000000e+03 2.500051028319904223e+00 1.052850362003580550e-02
3.570000000000000000e+03 2.500865904252550287e+00 1.057668074828865303e-02
3.600000000000000000e+03 2.500025681568322167e+00 1.081871538663211132e-02
3.630000000000000000e+03 2.500299354316660505e+00 1.097451895256963163e-02
3.660000000000000000e+03 2.500952992464948288e+00 1.095346310881379313e-02
3.690000000000000000e+03 2.500187060397023320e+00 1.124742084240922153e-02
3.720000000000000000e+03 2.501735572899623783e+00 1.106669979360156396e-02
3.750000000000000000e+03 2.501620635906667278e+00 1.139302102954886133e-02
3.780000000000000000e+03 2.502015963379802699e+00 1.141889778234946376e-02
3.810000000000000000e+03 2.502234284935185293e+00 1.164285568529377021e-02
3.840000000000000000e+03 2.502082655929894539e+00 1.161981199127297762e-02
3.870000000000000000e+03 2.500471395726924673e+00 1.171525563607840256e-02
3.900000000000000000e+03 2.501899016249623298e+00 1.169218614941855590e-02
3.930000000000000000e+03 2.501529679815102103e+00 1.147238531310835162e-02
3.960000000000000000e+03 2.501984099691511698e+00 1.184848471099235120e-02
3.990000000000000000e+03 2.500167665176058041e+00 1.154217927702453315e-02
4.020000000000000000e+03 2.501936409885085144e+00 1.153955722524822348e-02
4.050000000000000000e+03 2.502240021721038321e+00 1.170370583639128263e-02
4.080000000000000000e+03 2.503785723945518349e+00 1.142814350083840719e-02
4.110000000000000000e+03 2.504718965208491355e+00 1.161682271993602807e-02
4.140000000000000000e+03 2.506525425773441285e+00 1.172299613476818561e-02
4.170000000000000000e+03 2.506434556103940725e+00 1.193906034272747274e-02
4.200000000000000000e+03 2.506764491143743889e+00 1.169123322542051091e-02
4.230000000000000000e+03 2.505803186076410949e+00 1.168532711206097564e-02
4.260000000000000000e+03 2.505683418517465455e+00 1.119922217505504337e-02
4.290000000000000000e+03 2.504378128555863725e+00 1.099179471242508338e-02
4.320000000000000000e+03 2.504566344586280024e+00 1.087631190882956331e-02
4.350000000000000000e+03 2.502838941555456387e+00 1.089741756905077824e-02
4.380000000000000000e+03 2.501343963619566235e+00 1.074675349552723855e-02
4.410000000000000000e+03 2.499955752056276292e+00 1.051875502322189432e-02
4.440000000000000000e+03 2.500410499474377879e+00 1.056694780772055552e-02
4.470000000000000000e+03 2.500655635674661870e+00 1.050145920855802793e-02
4.500000000000000000e+03 2.500911280467062348e+00 1.004110315933802976e-02
4.530000000000000000e+03 2.500343358223819479e+00 9.901481209458619023e-03
4.560000000000000000e+03 2.499752474445532169e+00 9.991187040370516290e-03
4.590000000000000000e+03 2.499155102136974893e+00 9.945172035769739988e-03
4.620000000000000000e+03 2.500026300353902720e+00 9.729511935185015947e-03
4.650000000000000000e+03 2.500551187317524349e+00 9.816336163074044011e-03
4.680000000000000000e+03 2.502430892160749654e+00 9.702860755177523597e-03
4.710000000000000000e+03 2.499991644434321092e+00 9.626200539382777713e-03
4.740000000000000000e+03 2.499365017992020821e+00 9.673421248004479556e-03
4.770000000000000000e+03 2.500527727183858406e+00 9.843049732129200563e-03
4.800000000000000000e+03 2.500732131130763758e+00 9.787130421915054765e-03
4.830000000000000000e+03 2.500413498352003661e+00 9.729950780178181838e-03
4.860000000000000000e+03 2.500215407063815398e+00 9.636972681565457444e-03
4.890000000000000000e+03 2.500814316353161093e+00 9.721375862314881808e-03
4.920000000000000000e+03 2.502478390446891687e+00 9.615189104875292159e-03
4.950000000000000000e+03 2.501112020501442768e+00 9.481870248056275055e-03
4.980000000000000000e+03 2.500361384782785024e+00 9.428068639006775831e-03
5.010000000000000000e+03 2.500292754980296905e+00 9.345414124841192743e-03
5.040000000000000000e+03 2.500153033764637378e+00 9.513742909590568175e-03
5.070000000000000000e+03 2.498827263634923135e+00 9.398149847697646192e-03
5.100000000000000000e+03 2.498397616067829841e+00 9.624943204327171889e-03
5.130000000000000000e+03 2.499241654055290862e+00 9.650795382704158501e-03
5.160000000000000000e+03 2.499697738167994565e+00 9.592086007395292380e-03
5.190000000000000000e+03 2.499513365375769514e+00 9.622052900416169438e-03
5.220000000000000000e+03 2.499837912375260984e+00 9.544467825877509665e-03
5.250000000000000000e+03 2.499885073633703492e+00 9.372026414102041167e-03
5.280000000000000000e+03 2.499020454865287011e+00 9.365657781781663166e-03
5.310000000000000000e+03 2.497779415004388159e+00 9.541332327240182459e-03
5.340000000000000000e+03 2.497215300397894744e+00 9.573638853435515600e-03
5.370000000000000000e+03 2.496950585886066332e+00 9.529031433853153363e-03
5.400000000000000000e+03 2.497348241200558761e+00 9.707942690946580119e-03
5.430000000000000000e+03 2.497936825227165869e+00 9.569280815740804219e-03
5.460000000000000000e+03 2.498918118984102765e+00 9.681166096001291715e-03
5.490000000000000000e+03 2.500188100238083244e+00 9.817539677393610081e-03
5.520000000000000000e+03 2.501161028838434941e+00 9.712408976185341394e-03
5.550000000000000000e+03 2.502194899264004402e+00 9.642969013039888113e-03
5.580000000000000000e+03 2.502509340551773320e+00 9.673529899802474005e-03
5.610000000000000000e+03 2.501993403416272965e+00 9.673168275494449520e-03
5.640000000000000000e+03 2.501798210975027636e+00 9.769925203410611755e-03
5.670000000000000000e+03 2.502625083364809377e+00 9.860933723482555660e-03
5.700000000000000000e+03 2.501915821065257450e+00 9.733962958842864999e-03
5.730000000000000000e+03 2.502167343872398142e+00 9.595538639683390270e-03
5.760000000000000000e+03 2.502718410276330463e+00 9.621208149896568265e-03
5.790000000000000000e+03 2.502586141449382406e+00 9.733071157566740295e-03
5.820000000000000000e+03 2.502594248949097100e+00 9.861967719889376538e-03
5.850000000000000000e+03 2.502810937114892109e+00 9.739051822190189500e-03
5.880000000000000000e+03 2.501948537695362074e+00 9.545424221343596499e-03
5.910000000000000000e+03 2.501551307427797965e+00 9.424417197171729502e-03
5.940000000000000000e+03 2.501713961986110846e+00 8.955454029647478761e-03
5.970000000000000000e+03 2.501936408451945315e+00 8.949686704774039575e-03
6.000000000000000000e+03 2.501414897114305980e+00 8.960713737516794522e-03
6.030000000000000000e+03 2.501879938336822207e+00 9.129458645206495887e-03
6.060000000000000000e+03 2.500969513858989579e+00 9.124075785755891496e-03
6.090000000000000000e+03 2.500796007311808733e+00 9.097820233581674354e-03
6.120000000000000000e+03 2.500823216929152881e+00 8.983938621082794909e-03
6.150000000000000000e+03 2.501235126545045873e+00 8.897110045680910184e-03
6.180000000000000000e+03 2.501944990799680912e+00 8.996636782085662420e-03
6.210000000000000000e+03 2.501297698134154146e+00 8.961343763685574934e-03
6.240000000000000000e+03 2.500548087132357100e+00 8.877392096691617829e-03
6.270000000000000000e+03 2.500705442392133993e+00 8.912093314746991762e-03
6.300000000000000000e+03 2.500691918219486887e+00 9.057851201562888352e-03
6.330000000000000000e+03 2.500396420404514597e+00 8.975776754332143170e-03
6.360000000000000000e+03 2.500269948816873367e+00 8.815096626899899743e-03
6.390000000000000000e+03 2.500219844665466873e+00 9.045051678294583827e-03
6.420000000000000000e+03 2.499592041815362986e+00 8.916931445879978241e-03
6.450000000000000000e+03 2.499322956379112615e+00 9.015806123241636855e-03
6.480000000000000000e+03 2.499671435568291855e+00 9.154402207716948528e-03
6.510000000000000000e+03 2.499873367159735960e+00 9.156897695244206603e-03
6.540000000000000000e+03 2.499614934878063632e+00 9.110242379107815619e-03
6.570000000000000000e+03 2.499804094309661995e+00 8.902726175423045576e-03
6.600000000000000000e+03 2.500041552091252228e+00 8.650202637936768579e-03
6.630000000000000000e+03 2.499408468296708374e+00 8.829252584535455736e-03
6.660000000000000000e+03 2.499065225676130098e+00 8.996105748903079208e-03
6.690000000000000000e+03 2.498375618959837396e+00 9.068204935669035155e-03
6.720000000000000000e+03 2.497353540350347512e+00 9.110079574505646274e-03
6.750000000000000000e+03 2.496312870882639867e+00 8.812886269524341024e-03
6.780000000000000000e+03 2.496258255639821400e+00 8.771057883410322831e-03
6.810000000000000000e+03 2.495511891320329578e+00 8.650951797550031699e-03
6.840000000000000000e+03 2.495128865465213952e+00 8.395670459253974302e-03
6.870000000000000000e+03 2.494216622454225263e+00 8.638833666985517440e-03
6.900000000000000000e+03 2.494641461536950100e+00 8.545659012794694712e-03
6.930000000000000000e+03 2.494093683611065870e+00 8.493653362395313725e-03
6.960000000000000000e+03 2.494686350548761311e+00 8.343696907156727613e-03
6.990000000000000000e+03 2.495009007097807263e+00 8.338263457667515269e-03
7.020000000000000000e+03 2.494325358091284528e+00 8.223631230170006662e-03
7.050000000000000000e+03 2.493857971535113904e+00 8.254347334413070572e-03
7.080000000000000000e+03 2.493392892225347435e+00 8.225516476015576339e-03
7.110000000000000000e+03 2.493803028918448739e+00 8.288606483339384587e-03
7.140000000000000000e+03 2.494050611213264546e+00 8.081314196305360020e-03
7.170000000000000000e+03 2.494536927556961547e+00 7.996622217579150982e-03
7.200000000000000000e+03 2.494804296556620393e+00 8.056892653328949494e-03
7.230000000000000000e+03 2.494630436482426994e+00 8.061357241388613856e-03
7.260000000000000000e+03 2.494889516823838083e+00 8.162053187133644361e-03
7.290000000000000000e+03 2.494672712608424714e+00 8.315301269803530848e-03
7.320000000000000000e+03 2.494289300636340023e+00 8.151454251197577314e-03
7.350000000000000000e+03 2.494664127379579543e+00 8.294272256530016083e-03
7.380000000000000000e+03 2.494435795693737745e+00 8.402507056654906492e-03
7.410000000000000000e+03 2.494401757375531936e+00 8.477831394683043101e-03
7.440000000000000000e+03 2.494029878665676492e+00 8.522914856320897362e-03
7.470000000000000000e+03 2.494443878407240689e+00 8.622377298646972249e-03
7.500000000000000000e+03 2.494709371049518065e+00 8.587749030471858100e-03
7.530000000000000000e+03 2.494707810881151122e+00 8.630293316478796981e-03
7.560000000000000000e+03 2.495342273786284704e+00 8.639053282680450932e-03
7.590000000000000000e+03 2.496142379073846840e+00 8.482385783317515290e-03
7.620000000000000000e+03 2.496695077181651623e+00 8.366424910791842029e-03
7.650000000000000000e+03 2.497029469029917070e+00 8.445903514824307581e-03
7.680000000000000000e+03 2.497221711136694111e+00 8.378521232408933997e-03
7.710000000000000000e+03 2.497571014450064020e+00 8.314065293604814763e-03
7.740000000000000000e+03 2.498475513004482007e+00 8.353029815959565202e-03
7.770000000000000000e+03 2.498530421237990407e+00 8.382145985398839483e-03
7.800000000000000000e+03 2.498907274019603886e+00 8.513084561657821570e-03
7.830000000000000000e+03 2.498088373568184473e+00 8.467314441562408256e-03
7.860000000000000000e+03 2.496871654693407105e+00 8.582513132933712596e-03
7.890000000000000000e+03 2.496485052259413528e+00 8.485975634496151568e-03
7.920000000000000000e+03 2.496037505850202454e+00 8.338799491083103907e-03
7.950000000000000000e+03 2.496457773785701217e+00 8.329181260248570695e-03
7.980000000000000000e+03 2.495825542158556676e+00 8.361289239403170079e-03
8.010000000000000000e+03 2.495051673845429363e+00 8.269737087425746425e-03
8.040000000000000000e+03 2.495779176711020231e+00 8.168905386923708961e-03
8.070000000000000000e+03 2.494672455652739540e+00 8.084524970020641119e-03
8.100000000000000000e+03 2.494365268787541279e+00 8.260290133352504380e-03
8.130000000000000000e+03 2.494057375646201447e+00 8.373933569252700604e-03
8.160000000000000000e+03 2.494726040209128470e+00 8.437210434592758157e-03
8.190000000000000000e+03 2.494907834974685379e+00 8.461639023675648213e-03
8.220000000000000000e+03 2.495169461874833683e+00 8.266805936690675011e-03
8.250000000000000000e+03 2.495468284357362343e+00 8.349161651953757382e-03
8.280000000000000000e+03 2.495666464061680134e+00 8.382680192273566852e-03
8.310000000000000000e+03 2.494976077428046501e+00 8.382504788606071761e-03
8.340000000000000000e+03 2.494870839561475151e+00 8.457941771127672204e-03
8.370000000000000000e+03 2.494026643523826081e+00 8.461703925994018549e-03
8.400000000000000000e+03 2.493950155267989910e+00 8.456503856835819941e-03
8.430000000000000000e+03 2.493172420323491068e+00 8.576266759952195715e-03
8.460000000000000000e+03 2.493370845358881205e+00 8.590728222505911865e-03
8.490000000000000000e+03 2.493204022140087961e+00 8.442048534889695643e-03
8.520000000000000000e+03 2.493316911629976929e+00 8.402409528144642176e-03
8.550000000000000000e+03 2.493964194717383176e+00 8.486914254824390672e-03
8.580000000000000000e+03 2.494030783952911445e+00 8.571531252323398575e-03
8.610000000000000000e+03 2.495012459851493336e+00 8.458806959221123675e-03
8.640000000000000000e+03 2.495384365972451057e+00 8.412595788544672409e-03
8.670000000000000000e+03 2.494774005412609519e+00 8.397414561771896976e-03
8.700000000000000000e+03 2.495403188805422889e+00 8.379535396738031772e-03
8.730000000000000000e+03 2.495625482971604914e+00 8.205009445788339489e-03
8.760000000000000000e+03 2.495243581494545282e+00 8.265464710080295055e-03
8.790000000000000000e+03 2.495481121762447518e+00 8.270267820448085755e-03
8.820000000000000000e+03 2.495394984163257668e+00 8.326666991086946815e-03
8.850000000000000000e+03 2.494407870681069284e+00 8.413587240020756891e-03
8.880000000000000000e+03 2.494111833931544009e+00 8.428556278972623023e-03
8.910000000000000000e+03 2.494210228028948428e+00 8.432727965054025512e-03
8.940000000000000000e+03 2.494107483844362871e+00 8.517699654105145152e-03
8.970000000000000000e+03 2.493669601460720475e+00 8.408267526380816190e-03
9.000000000000000000e+03 2.493002707097561998e+00 8.398203849326674880e-03
9.030000000000000000e+03 2.493232077129123425e+00 8.447571449992937950e-03
9.060000000000000000e+03 2.492921578529450954e+00 8.435863432109943355e-03
9.090000000000000000e+03 2.493548507252981938e+00 8.344444782945308753e-03
9.120000000000000000e+03 2.493996754482648459e+00 8.300292978528847274e-03
9.150000000000000000e+03 2.493414408603198851e+00 8.429360209213362237e-03
9.180000000000000000e+03 2.493062108111241848e+00 8.349020675025943528e-03
9.210000000000000000e+03 2.493376049198507083e+00 8.366283334595528767e-03
9.240000000000000000e+03 2.492590599395928308e+00 8.332419388827245338e-03
9.270000000000000000e+03 2.492317365949182406e+00 8.267332904727085416e-03
9.300000000000000000e+03 2.492067782438288859e+00 8.290378961032497662e-03
9.330000000000000000e+03 2.491690728894377038e+00 8.236209798315770672e-03
9.360000000000000000e+03 2.491549344517857811e+00 8.180734575397342889e-03
9.390000000000000000e+03 2.491332660089057516e+00 8.077596525593139579e-03
9.420000000000000000e+03 2.491154370463209311e+00 8.058998157169849560e-03
9.450000000000000000e+03 2.490953589951414138e+00 7.967478934731934276e-03
9.480000000000000000e+03 2.490315678108973696e+00 8.038111542617071628e-03
9.510000000000000000e+03 2.491817159821452687e+00 8.035509814238591189e-03
9.540000000000000000e+03 2.492203160547826535e+00 8.177811671401767624e-03
9.570000000000000000e+03 2.492084844046591030e+00 8.050858137864106562e-03
9.600000000000000000e+03 2.492423885998996447e+00 7.951763261736601723e-03
9.630000000000000000e+03 2.492874596081582350e+00 8.120959706883958129e-03
9.660000000000000000e+03 2.492511152939610675e+00 8.212190290977697954e-03
9.690000000000000000e+03 2.492882308563804994e+00 8.259707737890515863e-03
9.720000000000000000e+03 2.492021105049925023e+00 8.193316555631421916e-03
9.750000000000000000e+03 2.492345988338644514e+00 8.054159131176446412e-03
9.780000000000000000e+03 2.492838779525003101e+00 7.997375981583523807e-03
9.810000000000000000e+03 2.492620403006934549e+00 7.850157265170378679e-03
9.840000000000000000e+03 2.492090476046977976e+00 7.886510701218542654e-03
9.870000000000000000e+03 2.492692135097549944e+00 8.007744685882431379e-03
9.900000000000000000e+03 2.492501677954262806e+00 8.000392519644039871e-03
9.930000000000000000e+03 2.492702435522949678e+00 7.975384125751855402e-03
9.960000000000000000e+03 2.492482292127129906e+00 8.078673856490914407e-03
9.990000000000000000e+03 2.491957362757296401e+00 8.090971536463337915e-03
1.002000000000000000e+04 2.492353633857479434e+00 8.097251862478723611e-03
1.005000000000000000e+04 2.493448665610637605e+00 8.039966226673479419e-03
1.008000000000000000e+04 2.493212094107682297e+00 7.995497857351353821e-03
1.011000000000000000e+04 2.493555557615565021e+00 7.988652334759014512e-03
1.014000000000000000e+04 2.493621464114747610e+00 8.032499383450016767e-03
1.017000000000000000e+04 2.493511303192874173e+00 8.016137297612102933e-03
1.020000000000000000e+04 2.493389715994137390e+00 7.855026614275289684e-03
1.023000000000000000e+04 2.493702017109442615e+00 7.865323315481068805e-03
1.026000000000000000e+04 2.493432242609555871e+00 7.809527512682009828e-03
1.029000000000000000e+04 2.493601935720521467e+00 7.777832838366556013e-03
1.032000000000000000e+04 2.494240919614559182e+00 7.703884069850871000e-03
1.035000000000000000e+04 2.494119048214950229e+00 7.724696065106600312e-03
1.038000000000000000e+04 2.494300615893843887e+00 7.645146945913754676e-03
1.041000000000000000e+04 2.494273647049143339e+00 7.573041922047394139e-03
1.044000000000000000e+04 2.494284415375644048e+00 7.673866180222981177e-03
1.047000000000000000e+04 2.494138982593795184e+00 7.721756754572963767e-03
1.050000000000000000e+04 2.494200184885285942e+00 7.776075669014657389e-03
1.053000000000000000e+04 2.494107754639065977e+00 7.810242000146364050e-03
1.056000000000000000e+04 2.494167840096680688e+00 7.832523402491660749e-03
1.059000000000000000e+04 2.494778975618987094e+00 7.768591387824383757e-03
1.062000000000000000e+04 2.494923007287951577e+00 7.706298380389560443e-03
1.065000000000000000e+04 2.494731614390637287e+00 7.567708367760194073e-03
1.068000000000000000e+04 2.494904710902076772e+00 7.617826878898612160e-03
1.071000000000000000e+04 2.494705834282019197e+00 7.500329433662989223e-03
1.074000000000000000e+04 2.494357689811710355e+00 7.513679719198288268e-03
1.077000000000000000e+04 2.494829421759866772e+00 7.528498838822261438e-03
1.080000000000000000e+04 2.495078441435865990e+00 7.574030122507676571e-03
1.083000000000000000e+04 2.494867302072393489e+00 7.540225314574311270e-03
1.086000000000000000e+04 2.495561077437970621e+00 7.479880888408443548e-03
1.089000000000000000e+04 2.495629585898423652e+00 7.469618432874847863e-03
1.092000000000000000e+04 2.495805942315185266e+00 7.540724167341813534e-03
1.095000000000000000e+04 2.495991630437750075e+00 7.487266706612324442e-03
1.098000000000000000e+04 2.495931555729019813e+00 7.466906370591102661e-03
1.101000000000000000e+04 2.496183678139750839e+00 7.305700670929809147e-03
1.104000000000000000e+04 2.495952094464191084e+00 7.279977834412852157e-03
1.107000000000000000e+04 2.496172831737905717e+00 7.203351093543513411e-03
1.110000000000000000e+04 2.496132351993688214e+00 7.140704592849751384e-03
1.113000000000000000e+04 2.496324145818361817e+00 7.048225177877306610e-03
1.116000000000000000e+04 2.496257705498100776e+00 7.124826485964685929e-03
1.119000000000000000e+04 2.496564460479675063e+00 7.137120187797456675e-03
1.122000000000000000e+04 2.496377495892742715e+00 7.106979820585687321e-03
1.125000000000000000e+04 2.496383844570073229e+00 7.162629730676310473e-03
1.128000000000000000e+04 2.496069286767382600e+00 7.063262894884743404e-03
1.131000000000000000e+04 2.495900639973697377e+00 7.197551523331744208e-03
1.134000000000000000e+04 2.495950205682603507e+00 7.150641343326146274e-03
1.137000000000000000e+04 2.496315323274535203e+00 7.150320253066350801e-03
1.140000000000000000e+04 2.496266984185693261e+00 7.204115395262661661e-03
1.143000000000000000e+04 2.496807167233643820e+00 7.354223065128247423e-03
1.146000000000000000e+04 2.497077118452526445e+00 7.341939416073167690e-03
1.149000000000000000e+04 2.496564770962773405e+00 7.302729908262128693e-03
1.152000000000000000e+04 2.496420489855950997e+00 7.308258086761366089e-03
1.155000000000000000e+04 2.496376473807322416e+00 7.348695790236187825e-03
1.158000000000000000e+04 2.496310581722552158e+00 7.240896736486579326e-03
1.161000000000000000e+04 2.496375586254184764e+00 7.193764365782635145e-03
1.164000000000000000e+04 2.496916376990088171e+00 7.278018585106326918e-03
1.167000000000000000e+04 2.496645161504719823e+00 7.157685411053830299e-03
1.170000000000000000e+04 2.496694572025166092e+00 7.155873449317022052e-03
1.173000000000000000e+04 2.496388036555877932e+00 7.227786031793790623e-03
1.176000000000000000e+04 2.496870183651656472e+00 7.251960544381729802e-03
1.179000000000000000e+04 2.497063857866224534e+00 7.264817695622793545e-03
1.182000000000000000e+04 2.497271552956128904e+00 7.260646572056157592e-03
1.185000000000000000e+04 2.497178106248908680e+00 7.177691778410023003e-03
1.188000000000000000e+04 2.497210239456840064e+00 7.104515532464446281e-03
1.191000000000000000e+04 2.496986975825603583e+00 7.145387041330684107e-03
1.194000000000000000e+04 2.496674267439082495e+00 7.117904741134981061e-03
1.197000000000000000e+04 2.496868305314190906e+00 6.996486120557137735e-03
1.200000000000000000e+04 2.496751756619212781e+00 6.867317997554150781e-03
1.203000000000000000e+04 2.496721624032434139e+00 6.789189043998476031e-03
1.206000000000000000e+04 2.496853675179995680e+00 6.883545707519070703e-03
1.209000000000000000e+04 2.496588331679958639e+00 6.855374388470438125e-03
1.212000000000000000e+04 2.496224317872931753e+00 6.880142798151350249e-03
1.215000000000000000e+04 2.496113888170942374e+00 6.847501147865971832e-03
1.218000000000000000e+04 2.496059009922710903e+00 6.787108036729771164e-03
1.221000000000000000e+04 2.495708325469052191e+00 6.712289797100449637e-03
1.224000000000000000e+04 2.495687586247560485e+00 6.600800847750087560e-03
1.227000000000000000e+04 2.495946072029936680e+00 6.629845191908474017e-03
1.230000000000000000e+04 2.496159700472773579e+00 6.595497645675459791e-03
1.233000000000000000e+04 2.496292175751847697e+00 6.573813771569206495e-03
1.236000000000000000e+04 2.496262066116567535e+00 6.555166416978173635e-03
1.239000000000000000e+04 2.496714616826176236e+00 6.461519584117836335e-03
1.242000000000000000e+04 2.496713258928136892e+00 6.438423914184181023e-03
1.245000000000000000e+04 2.496539493414722255e+00 6.456269479965515840e-03
1.248000000000000000e+04 2.497034207834743835e+00 6.524370026719304543e-03
1.251000000000000000e+04 2.496737478451331427e+00 6.548591870785592378e-03
1.254000000000000000e+04 2.496545450475634365e+00 6.614689924234003551e-03
1.257000000000000000e+04 2.497010032841235017e+00 6.542158830534364547e-03
1.260000000000000000e+04 2.496919137304022485e+00 6.468317532995190855e-03
1.263000000000000000e+04 2.497144318783461880e+00 6.534649584821664199e-03
1.266000000000000000e+04 2.497031759027500630e+00 6.436309932472153612e-03
1.269000000000000000e+04 2.497354397024911243e+00 6.481109878438616641e-03
1.272000000000000000e+04 2.497297427453630370e+00 6.523780003964765005e-03
1.275000000000000000e+04 2.497435008447326243e+00 6.544592714394267818e-03
1.278000000000000000e+04 2.497683997946983148e+00 6.466669994728755505e-03
1.281000000000000000e+04 2.497706339544649712e+00 6.437665983489573168e-03
1.284000000000000000e+04 2.497776303737264669e+00 6.418127969921078382e-03
1.287000000000000000e+04 2.498362756403633256e+00 6.342395885424631854e-03
1.290000000000000000e+04 2.498132849336834216e+00 6.343769728799731472e-03
1.293000000000000000e+04 2.497977792158860399e+00 6.421472577090751171e-03
1.296000000000000000e+04 2.498124453754744234e+00 6.390554468520314238e-03
1.299000000000000000e+04 2.497845530339161790e+00 6.417836072406593421e-03
1.302000000000000000e+04 2.498039070386068872e+00 6.424318177167281756e-03
1.305000000000000000e+04 2.497393825414283786e+00 6.378996645529468046e-03
1.308000000000000000e+04 2.497509974640903962e+00 6.433681160385421212e-03
1.311000000000000000e+04 2.497904214170147075e+00 6.417572564896643211e-03
1.314000000000000000e+04 2.497697568124169099e+00 6.502398577961001486e-03
1.317000000000000000e+04 2.497452618909569377e+00 6.541399281795564138e-03
1.320000000000000000e+04 2.497073252878217353e+00 6.533842141261228184e-03
1.323000000000000000e+04 2.497166235459082007e+00 6.471471194148847514e-03
1.326000000000000000e+04 2.496879160580138368e+00 6.402989802343179299e-03
1.329000000000000000e+04 2.497204827204464017e+00 6.323652636450557973e-03
1.332000000000000000e+04 2.496867273164682377e+00 6.336814973744611494e-03
1.335000000000000000e+04 2.496905865743231256e+00 6.329688982867187792e-03
1.338000000000000000e+04 2.497104261045467677e+00 6.269894790407749482e-03
1.341000000000000000e+04 2.497165896388059192e+00 6.305791448047359457e-03
1.344000000000000000e+04 2.497496463570958447e+00 6.321681228149323220e-03
1.347000000000000000e+04 2.497619749090137731e+00 6.305955086387034919e-03
1.350000000000000000e+04 2.497797646389389836e+00 6.328651460368722552e-03
1.353000000000000000e+04 2.498150831290692597e+00 6.412097247568167638e-03
1.356000000000000000e+04 2.498310176543721894e+00 6.367460523070403097e-03
1.359000000000000000e+04 2.498355407168416420e+00 6.279802579524099843e-03
1.362000000000000000e+04 2.498587951282604802e+00 6.222800356231248178e-03
1.365000000000000000e+04 2.499234544620725362e+00 6.332744122755507542e-03
1.368000000000000000e+04 2.499345265314453002e+00 6.317606961583759582e-03
1.371000000000000000e+04 2.499180022173083326e+00 6.225333236656692068e-03
1.374000000000000000e+04 2.499062311705352979e+00 6.214931377879603404e-03
1.377000000000000000e+04 2.499143597058897548e+00 6.185144123317637410e-03
1.380000000000000000e+04 2.499025955898417806e+00 6.134353987641851490e-03
1.383000000000000000e+04 2.499222208861817229e+00 6.106844447762831314e-03
1.386000000000000000e+04 2.498864883887879973e+00 6.066619110943747770e-03
1.389000000000000000e+04 2.498982537960703798e+00 6.022963199488242866e-03
1.392000000000000000e+04 2.498733549309923863e+00 6.003951570784133926e-03
1.395000000000000000e+04 2.498974787758546423e+00 5.929929315901658581e-03
1.398000000000000000e+04 2.498877966934064609e+00 5.965395595663779658e-03
1.401000000000000000e+04 2.498876324954903083e+00 5.953822534458659728e-03
1.404000000000000000e+04 2.498867832224277219e+00 5.831424226549892544e-03
1.407000000000000000e+04 2.499232951303806516e+00 5.856291013759505268e-03
1.410000000000000000e+04 2.499009125074072024e+00 5.846244422665343270e-03
1.413000000000000000e+04 2.499001584582221991e+00 5.837942368324659445e-03
1.416000000000000000e+04 2.498567289544403547e+00 5.865899458179320812e-03
1.419000000000000000e+04 2.498909095420918547e+00 5.876902284004542794e-03
1.422000000000000000e+04 2.498881037433320795e+00 5.883546216538406044e-03
1.425000000000000000e+04 2.498877365597294009e+00 5.942056849412874486e-03
1.428000000000000000e+04 2.498792017190881953e+00 5.901007681298587638e-03
1.431000000000000000e+04 2.498649178012521510e+00 5.873166185706926376e-03
1.434000000000000000e+04 2.498822599409415979e+00 5.838967337514795221e-03
1.437000000000000000e+04 2.498550827678929220e+00 5.779140088264171464e-03
1.440000000000000000e+04 2.498433720006734582e+00 5.736098929757150848e-03
1.443000000000000000e+04 2.498318881185888962e+00 5.753604990049623717e-03
1.446000000000000000e+04 2.498525457916415338e+00 5.731286685212754091e-03
1.449000000000000000e+04 2.498433546790269855e+00 5.697195783487708255e-03
1.452000000000000000e+04 2.498547700818699813e+00 5.678169609743087022e-03
1.455000000000000000e+04 2.498404014629195036e+00 5.738442728393043646e-03
1.458000000000000000e+04 2.498332287805085539e+00 5.679030426901227752e-03
1.461000000000000000e+04 2.498494265297743766e+00 5.616349474123141436e-03
1.464000000000000000e+04 2.498505363123424861e+00 5.577149303630629315e-03
1.467000000000000000e+04 2.498434426173878453e+00 5.520712678435247753e-03
1.470000000000000000e+04 2.497882362159761893e+00 5.592632147388223313e-03
1.473000000000000000e+04 2.497999994405975865e+00 5.582545529921840305e-03
1.476000000000000000e+04 2.498184508175641305e+00 5.574324106985727861e-03
1.479000000000000000e+04 2.497572552153700443e+00 5.611633532016071374e-03
1.482000000000000000e+04 2.497676628511118935e+00 5.602903459695563956e-03
1.485000000000000000e+04 2.497191043154921797e+00 5.656687198287004524e-03
1.488000000000000000e+04 2.497366887544928638e+00 5.724985089824720721e-03
1.491000000000000000e+04 2.497125130834736861e+00 5.607303981439335297e-03
1.494000000000000000e+04 2.497020413047386089e+00 5.576699444418529820e-03
1.497000000000000000e+04 2.497215469623282225e+00 5.646254107472927115e-03
1.500000000000000000e+04 2.497270737051302092e+00 5.621041821698174144e-03
