# # n, sigma
3.000000000000000000e+01 2.557049501236543509e+00 7.699512488344814609e-02
6.000000000000000000e+01 2.549054311754209490e+00 7.978681120429792495e-02
9.000000000000000000e+01 2.539568591152149946e+00 5.585528479825851295e-02
1.200000000000000000e+02 2.519658613577022699e+00 5.937605016292624160e-02
1.500000000000000000e+02 2.520877453562019532e+00 6.321702981873687788e-02
1.800000000000000000e+02 2.516177675468836306e+00 7.089983244734777978e-02
2.100000000000000000e+02 2.512692385164643216e+00 6.233643664675377755e-02
2.400000000000000000e+02 2.538944627735279180e+00 5.286821068950420255e-02
2.700000000000000000e+02 2.516932354062435984e+00 5.097539745309877246e-02
3.000000000000000000e+02 2.490761159743577924e+00 4.365432278839082025e-02
3.300000000000000000e+02 2.475810876982121211e+00 4.331572372531004855e-02
3.600000000000000000e+02 2.463764994387241725e+00 4.980267531137083648e-02
3.900000000000000000e+02 2.467337216339583250e+00 3.628429930710173890e-02
4.200000000000000000e+02 2.468851360360238001e+00 3.556672337280582935e-02
4.500000000000000000e+02 2.471346895095317464e+00 3.228028801269039461e-02
4.800000000000000000e+02 2.467156209449453019e+00 3.114976258630259079e-02
5.100000000000000000e+02 2.467844299955733955e+00 2.890355263999499352e-02
5.400000000000000000e+02 2.465138331850436071e+00 2.762295321233128320e-02
5.700000000000000000e+02 2.467289803595574593e+00 2.726886631050080140e-02
6.000000000000000000e+02 2.463738222273413658e+00 2.638011031169363446e-02
6.300000000000000000e+02 2.465020024950355548e+00 2.469401415419318971e-02
6.600000000000000000e+02 2.466308378760868170e+00 2.530317476364022169e-02
6.900000000000000000e+02 2.466004956165718465e+00 2.509664273169549473e-02
7.200000000000000000e+02 2.460449382234075166e+00 2.447490383786659132e-02
7.500000000000000000e+02 2.456728614143624867e+00 2.511408209358028526e-02
7.800000000000000000e+02 2.460003424756625812e+00 2.395151490335777414e-02
8.100000000000000000e+02 2.460422515566049295e+00 2.299899180472109519e-02
8.400000000000000000e+02 2.462555973207157578e+00 2.193965197824367802e-02
8.700000000000000000e+02 2.464500829171568430e+00 2.260022977499613964e-02
9.000000000000000000e+02 2.466237956699366407e+00 2.240733316175178708e-02
9.300000000000000000e+02 2.465235596583378541e+00 2.107801576917532962e-02
9.600000000000000000e+02 2.468258321594638094e+00 2.192453572207493998e-02
9.900000000000000000e+02 2.471236026561696164e+00 2.153003331071533244e-02
1.020000000000000000e+03 2.468654633302044488e+00 2.214633855840856050e-02
1.050000000000000000e+03 2.471035063152103195e+00 2.089314768307922940e-02
1.080000000000000000e+03 2.476732966935905278e+00 2.151773697646838096e-02
1.110000000000000000e+03 2.477122458142230421e+00 2.005122633952726233e-02
1.140000000000000000e+03 2.479317460777067605e+00 1.983671959222534434e-02
1.170000000000000000e+03 2.478655779776755441e+00 1.909964370613720028e-02
1.200000000000000000e+03 2.479525164575196339e+00 1.919136908223053814e-02
1.230000000000000000e+03 2.479861103568436587e+00 1.831317020323562986e-02
1.260000000000000000e+03 2.479682945176663988e+00 1.767798831056901360e-02
1.290000000000000000e+03 2.483583872329912623e+00 1.794483702005276321e-02
1.320000000000000000e+03 2.483267385480624423e+00 1.819026092086622332e-02
1.350000000000000000e+03 2.485595214289782362e+00 1.798529907070966702e-02
1.380000000000000000e+03 2.482896994452460593e+00 1.829881614752723942e-02
1.410000000000000000e+03 2.481599509619369481e+00 1.882024624216058206e-02
1.440000000000000000e+03 2.482249513965114396e+00 1.828460024236436623e-02
1.470000000000000000e+03 2.483983124217414851e+00 1.792643661406515335e-02
1.500000000000000000e+03 2.489765072079824559e+00 1.783599023076026802e-02
1.530000000000000000e+03 2.486039481867035494e+00 1.730463179668349435e-02
1.560000000000000000e+03 2.486613250241316297e+00 1.755460576595897770e-02
1.590000000000000000e+03 2.484472261521657455e+00 1.737079098575762884e-02
1.620000000000000000e+03 2.484152579516537340e+00 1.789495256233004233e-02
1.650000000000000000e+03 2.486102469385953917e+00 1.718507879441823205e-02
1.680000000000000000e+03 2.489395532618033702e+00 1.734654838558136528e-02
1.710000000000000000e+03 2.490968200385219156e+00 1.781445584280139799e-02
1.740000000000000000e+03 2.492379542280917626e+00 1.755176485301391046e-02
1.770000000000000000e+03 2.492479839894631510e+00 1.721512846148912784e-02
1.800000000000000000e+03 2.492103289336417227e+00 1.652572584511572545e-02
1.830000000000000000e+03 2.489657752852136863e+00 1.655588269977814608e-02
1.860000000000000000e+03 2.487262279981640845e+00 1.650579086253962935e-02
1.890000000000000000e+03 2.488173986294837103e+00 1.556235460597782221e-02
1.920000000000000000e+03 2.488764889250905110e+00 1.619782678246459509e-02
1.950000000000000000e+03 2.488310384649783824e+00 1.644421724866629644e-02
1.980000000000000000e+03 2.492036334699971878e+00 1.670884546026268555e-02
2.010000000000000000e+03 2.489749544716060914e+00 1.652732033988379284e-02
2.040000000000000000e+03 2.491438108036861721e+00 1.607931854728712751e-02
2.070000000000000000e+03 2.490953425832490797e+00 1.583214341392991803e-02
2.100000000000000000e+03 2.491416752084768316e+00 1.555190307215636308e-02
2.130000000000000000e+03 2.492782368679725025e+00 1.514276622734071764e-02
2.160000000000000000e+03 2.491682658816456897e+00 1.466809055676674897e-02
2.190000000000000000e+03 2.493635452330611013e+00 1.447186405356800341e-02
2.220000000000000000e+03 2.494226295022918372e+00 1.473414443805247213e-02
2.250000000000000000e+03 2.496148540010443728e+00 1.462902284674919180e-02
2.280000000000000000e+03 2.497356476727844665e+00 1.437451844479185024e-02
2.310000000000000000e+03 2.497459277202325190e+00 1.444181034816749074e-02
2.340000000000000000e+03 2.498286826480525136e+00 1.437758704112820918e-02
2.370000000000000000e+03 2.499344618723273737e+00 1.459766315725182645e-02
2.400000000000000000e+03 2.499008675955927572e+00 1.484688487316436142e-02
2.430000000000000000e+03 2.496999155720370567e+00 1.510456908533387883e-02
2.460000000000000000e+03 2.492801644516766224e+00 1.478494085167212854e-02
2.490000000000000000e+03 2.492473374935814334e+00 1.490850362925485312e-02
2.520000000000000000e+03 2.493706964705058482e+00 1.499168140833184899e-02
2.550000000000000000e+03 2.494383435452007358e+00 1.460970373337698233e-02
2.580000000000000000e+03 2.494703256066552299e+00 1.404608234750564719e-02
2.610000000000000000e+03 2.494564846389603741e+00 1.377600590107651984e-02
2.640000000000000000e+03 2.494588542243473483e+00 1.380913200538038017e-02
2.670000000000000000e+03 2.496002082534493294e+00 1.362608274268843796e-02
2.700000000000000000e+03 2.496523427396447836e+00 1.341216777684267267e-02
2.730000000000000000e+03 2.496036613190733444e+00 1.388556069939595600e-02
2.760000000000000000e+03 2.495481636254184732e+00 1.418025367098956456e-02
2.790000000000000000e+03 2.494987641171034554e+00 1.397458070793538600e-02
2.820000000000000000e+03 2.496070481678103192e+00 1.388548069671195762e-02
2.850000000000000000e+03 2.493694087612094545e+00 1.332636277461987477e-02
2.880000000000000000e+03 2.492506451596264494e+00 1.324829582858977860e-02
2.910000000000000000e+03 2.492881138606286129e+00 1.324832478608053456e-02
2.940000000000000000e+03 2.490382646412363066e+00 1.332363113518713997e-02
2.970000000000000000e+03 2.488318995272108758e+00 1.312699677124545133e-02
3.000000000000000000e+03 2.488902517660950942e+00 1.324421210519005111e-02
3.030000000000000000e+03 2.489737223965764912e+00 1.268282432241868082e-02
3.060000000000000000e+03 2.490367091482993622e+00 1.260623474101998237e-02
3.090000000000000000e+03 2.489384396503901975e+00 1.285144394154391113e-02
3.120000000000000000e+03 2.490845010180340324e+00 1.268308189343533149e-02
3.150000000000000000e+03 2.492643751318118994e+00 1.279786130292900892e-02
3.180000000000000000e+03 2.494116068559460775e+00 1.255002379767771771e-02
3.210000000000000000e+03 2.494634252099645177e+00 1.286248014315722644e-02
3.240000000000000000e+03 2.492168310685585642e+00 1.267080409845379625e-02
3.270000000000000000e+03 2.492448467819876168e+00 1.281847768116198445e-02
3.300000000000000000e+03 2.490316046065133460e+00 1.274868390112047882e-02
3.330000000000000000e+03 2.488920298696689404e+00 1.257719589765213079e-02
3.360000000000000000e+03 2.487913359427075921e+00 1.238609709410614518e-02
3.390000000000000000e+03 2.488285784386787380e+00 1.242058406167440357e-02
3.420000000000000000e+03 2.487040083916993272e+00 1.227432689237697300e-02
3.450000000000000000e+03 2.487800756032215066e+00 1.251087057429003252e-02
3.480000000000000000e+03 2.488001019783745882e+00 1.247641413928651972e-02
3.510000000000000000e+03 2.488905371202006833e+00 1.221543074678749230e-02
3.540000000000000000e+03 2.489081362357391747e+00 1.207528505938842110e-02
3.570000000000000000e+03 2.490035615196300345e+00 1.195873412113959353e-02
3.600000000000000000e+03 2.489266581179329751e+00 1.191426856986856422e-02
3.630000000000000000e+03 2.488858266825842769e+00 1.194105933735987481e-02
3.660000000000000000e+03 2.488752122081173468e+00 1.215522051898706123e-02
3.690000000000000000e+03 2.488939533286244732e+00 1.236083756001615797e-02
3.720000000000000000e+03 2.488125870712518672e+00 1.221599945051680437e-02
3.750000000000000000e+03 2.490944689823868963e+00 1.228138709505711273e-02
3.780000000000000000e+03 2.488642703707320880e+00 1.206409568730319737e-02
3.810000000000000000e+03 2.487309687383193690e+00 1.220996715991223315e-02
3.840000000000000000e+03 2.485801641693473840e+00 1.203641288936645529e-02
3.870000000000000000e+03 2.483109114462533906e+00 1.189221162343227951e-02
3.900000000000000000e+03 2.482921194466401804e+00 1.191456373047746625e-02
3.930000000000000000e+03 2.482420179818623396e+00 1.179231810755514490e-02
3.960000000000000000e+03 2.481811864337446050e+00 1.165742178367194445e-02
3.990000000000000000e+03 2.481174082508140533e+00 1.173148820314820484e-02
4.020000000000000000e+03 2.481741972091319415e+00 1.149048766547372188e-02
4.050000000000000000e+03 2.482048024032364797e+00 1.192838746466478445e-02
4.080000000000000000e+03 2.481520008468162786e+00 1.194976521090756333e-02
4.110000000000000000e+03 2.482298126848102804e+00 1.187659005964783292e-02
4.140000000000000000e+03 2.483118841022878609e+00 1.185965675174372250e-02
4.170000000000000000e+03 2.482429953781931431e+00 1.175110590612899429e-02
4.200000000000000000e+03 2.481510809465496514e+00 1.184678814833286208e-02
4.230000000000000000e+03 2.481469751582296990e+00 1.169142062526249901e-02
4.260000000000000000e+03 2.481172277336625154e+00 1.176827395891713590e-02
4.290000000000000000e+03 2.480943511585694594e+00 1.174596739669732035e-02
4.320000000000000000e+03 2.480366095409583860e+00 1.148136269244131452e-02
4.350000000000000000e+03 2.481110498341840831e+00 1.120976893013956449e-02
4.380000000000000000e+03 2.480402649893223455e+00 1.133562834225053904e-02
4.410000000000000000e+03 2.482045685001958546e+00 1.123345430763236612e-02
4.440000000000000000e+03 2.481549131001959729e+00 1.113221860138170413e-02
4.470000000000000000e+03 2.482462198574796997e+00 1.136555307141916445e-02
4.500000000000000000e+03 2.481882733592614354e+00 1.124598482278845249e-02
4.530000000000000000e+03 2.482283188641011051e+00 1.092990431279862798e-02
4.560000000000000000e+03 2.481928075152390445e+00 1.089374455364212207e-02
4.590000000000000000e+03 2.482492789956403989e+00 1.050377332718531453e-02
4.620000000000000000e+03 2.479616960134436887e+00 1.036360675878443723e-02
4.650000000000000000e+03 2.480059378199325870e+00 1.047855801386877832e-02
4.680000000000000000e+03 2.480070098321078387e+00 1.062168185483683934e-02
4.710000000000000000e+03 2.479883761234393802e+00 1.066833347595084330e-02
4.740000000000000000e+03 2.483096715712492575e+00 1.084936651417372534e-02
4.770000000000000000e+03 2.482643572780198760e+00 1.073576284489633111e-02
4.800000000000000000e+03 2.482585072925325154e+00 1.072299994587913932e-02
4.830000000000000000e+03 2.485070963606927918e+00 1.067011371038167379e-02
4.860000000000000000e+03 2.483526666900026658e+00 1.063292001553463144e-02
4.890000000000000000e+03 2.482780991410133087e+00 1.037011751736775442e-02
4.920000000000000000e+03 2.483645662789388808e+00 1.030400049237137003e-02
4.950000000000000000e+03 2.483095123196223497e+00 1.054615387471469386e-02
4.980000000000000000e+03 2.483993685402861029e+00 1.047405664286441690e-02
5.010000000000000000e+03 2.483821906710542926e+00 1.020471833425364190e-02
5.040000000000000000e+03 2.483800663513656026e+00 1.008874535768947839e-02
5.070000000000000000e+03 2.484578578409870619e+00 9.906307074350462899e-03
5.100000000000000000e+03 2.485123234591096963e+00 1.001992879274217138e-02
5.130000000000000000e+03 2.484117852149623662e+00 9.968304136867396636e-03
5.160000000000000000e+03 2.482212206075376404e+00 9.655840170112665877e-03
5.190000000000000000e+03 2.480922313761539044e+00 9.465799061850282275e-03
5.220000000000000000e+03 2.481946297366216303e+00 9.655166662356998858e-03
5.250000000000000000e+03 2.482522858184198711e+00 9.752264155662547160e-03
5.280000000000000000e+03 2.481994371356449403e+00 9.955762045840437294e-03
5.310000000000000000e+03 2.481316974152811827e+00 9.811152270332362466e-03
5.340000000000000000e+03 2.481695358228428461e+00 9.640206290160499916e-03
5.370000000000000000e+03 2.482186651540611244e+00 9.452746310391250614e-03
5.400000000000000000e+03 2.482016206915467649e+00 9.443540512252386609e-03
5.430000000000000000e+03 2.482065323186640082e+00 9.265376910029887031e-03
5.460000000000000000e+03 2.483295875970463307e+00 9.231490834715748092e-03
5.490000000000000000e+03 2.482638684671149232e+00 9.378754308018610181e-03
5.520000000000000000e+03 2.482434498584435989e+00 9.627783899067911266e-03
5.550000000000000000e+03 2.482416527269344808e+00 9.687486400791811558e-03
5.580000000000000000e+03 2.481893630411612595e+00 9.613920820803671316e-03
5.610000000000000000e+03 2.482305927914187027e+00 9.784515273393069174e-03
5.640000000000000000e+03 2.481319371013945840e+00 1.002376470997212027e-02
5.670000000000000000e+03 2.480974100820425576e+00 1.027450470250347407e-02
5.700000000000000000e+03 2.481301230078116316e+00 1.023226429465663376e-02
5.730000000000000000e+03 2.481873469176676394e+00 1.012222608444741760e-02
5.760000000000000000e+03 2.482199860604889619e+00 1.020219959636916619e-02
5.790000000000000000e+03 2.482853715875844358e+00 1.028737496908156170e-02
5.820000000000000000e+03 2.483194036740790533e+00 1.012625494566720546e-02
5.850000000000000000e+03 2.483184215214319757e+00 1.008554483468489076e-02
5.880000000000000000e+03 2.482310972674314886e+00 1.007042754414604231e-02
5.910000000000000000e+03 2.482966769378290639e+00 9.702820637914149476e-03
5.940000000000000000e+03 2.482324388921152369e+00 9.651977719695175803e-03
5.970000000000000000e+03 2.483635534957609359e+00 9.699979900514237030e-03
6.000000000000000000e+03 2.484585395996389945e+00 9.691394329250155662e-03
6.030000000000000000e+03 2.483815272535141894e+00 9.573114729933034778e-03
6.060000000000000000e+03 2.485158064861078930e+00 9.681876782025370526e-03
6.090000000000000000e+03 2.484532451102596351e+00 9.905966503588648636e-03
6.120000000000000000e+03 2.484628208083038636e+00 9.630481906937903014e-03
6.150000000000000000e+03 2.484585197623437214e+00 9.535477694579606173e-03
6.180000000000000000e+03 2.483919401343866795e+00 9.575718539015868822e-03
6.210000000000000000e+03 2.483961194104540304e+00 9.396760856650429941e-03
6.240000000000000000e+03 2.484991939496917990e+00 9.546714769128729003e-03
6.270000000000000000e+03 2.485575746795881891e+00 9.629659407943929120e-03
6.300000000000000000e+03 2.484692834336191147e+00 9.426838357115795153e-03
6.330000000000000000e+03 2.485418035227966893e+00 9.635655807000122891e-03
6.360000000000000000e+03 2.485817353726835766e+00 9.572175708242532804e-03
6.390000000000000000e+03 2.485653517566526194e+00 9.858319073440004882e-03
6.420000000000000000e+03 2.484823730483777471e+00 1.002440832114682816e-02
6.450000000000000000e+03 2.484121567806554687e+00 1.014270932672477719e-02
6.480000000000000000e+03 2.484246966517810407e+00 1.011901388666420001e-02
6.510000000000000000e+03 2.483542292001243101e+00 1.009873044912063672e-02
6.540000000000000000e+03 2.484349521449496834e+00 1.016550149416753542e-02
6.570000000000000000e+03 2.485769614063356947e+00 1.025903383725397869e-02
6.600000000000000000e+03 2.486866864385656850e+00 1.029855983392210378e-02
6.630000000000000000e+03 2.487422657483173705e+00 1.032255242180161493e-02
6.660000000000000000e+03 2.486940136555996883e+00 1.019547949502383997e-02
6.690000000000000000e+03 2.486615826728896028e+00 9.913067315787926423e-03
6.720000000000000000e+03 2.486104009983747254e+00 9.897890946370837065e-03
6.750000000000000000e+03 2.485065100987062348e+00 9.853598704881769144e-03
6.780000000000000000e+03 2.484360465596845202e+00 9.935933521918700190e-03
6.810000000000000000e+03 2.483555490874142180e+00 9.944677278388250677e-03
6.840000000000000000e+03 2.484526422710416238e+00 9.788258617761622440e-03
6.870000000000000000e+03 2.485106283822914097e+00 9.847687073008233941e-03
6.900000000000000000e+03 2.484836689217753580e+00 9.898458391407124329e-03
6.930000000000000000e+03 2.485485648717691287e+00 9.859567174858420782e-03
6.960000000000000000e+03 2.486168349850624626e+00 9.790125777967985388e-03
6.990000000000000000e+03 2.486343018237315849e+00 9.731880325531157630e-03
7.020000000000000000e+03 2.485462479926602075e+00 9.712580879388331423e-03
7.050000000000000000e+03 2.485846073215798757e+00 9.717698682179073955e-03
7.080000000000000000e+03 2.486972491334626945e+00 9.639320940460632814e-03
7.110000000000000000e+03 2.486564864135199837e+00 9.575058946180572267e-03
7.140000000000000000e+03 2.485681882561405764e+00 9.500028638167215891e-03
7.170000000000000000e+03 2.486809033894374910e+00 9.363644870655534608e-03
7.200000000000000000e+03 2.487055184601647095e+00 9.446799246870335454e-03
7.230000000000000000e+03 2.487544959581485138e+00 9.338775404031988969e-03
7.260000000000000000e+03 2.487239597421680326e+00 9.303518596935842974e-03
7.290000000000000000e+03 2.487512879909988150e+00 9.367894379990575338e-03
7.320000000000000000e+03 2.487749147937251770e+00 9.405554570421015975e-03
7.350000000000000000e+03 2.487915883643397663e+00 9.379035400798105618e-03
7.380000000000000000e+03 2.488249829758412357e+00 9.341321345066190551e-03
7.410000000000000000e+03 2.488718170076388514e+00 9.262174818715588134e-03
7.440000000000000000e+03 2.487581549056033570e+00 9.222964877467475578e-03
7.470000000000000000e+03 2.487773984729979126e+00 9.125008436927962985e-03
7.500000000000000000e+03 2.487736498615846781e+00 9.158973295599113704e-03
7.530000000000000000e+03 2.487547920901152843e+00 9.058618248526651567e-03
7.560000000000000000e+03 2.487806533525788399e+00 9.067675259393252404e-03
7.590000000000000000e+03 2.488042426804398577e+00 9.107570803397068218e-03
7.620000000000000000e+03 2.487979337955357195e+00 9.129204829973253457e-03
7.650000000000000000e+03 2.487982798174999566e+00 9.237277760966181028e-03
7.680000000000000000e+03 2.488375102226433544e+00 9.450472078595933273e-03
7.710000000000000000e+03 2.488750111744917781e+00 9.394564226857946704e-03
7.740000000000000000e+03 2.488506818930009246e+00 9.418494653386075624e-03
7.770000000000000000e+03 2.487939032870466249e+00 9.429055734600526664e-03
7.800000000000000000e+03 2.488534629698375689e+00 9.560227707677185216e-03
7.830000000000000000e+03 2.487975814605055014e+00 9.597084920622297663e-03
7.860000000000000000e+03 2.488075752681890851e+00 9.532953593152475313e-03
7.890000000000000000e+03 2.488216264725091165e+00 9.598840211410587797e-03
7.920000000000000000e+03 2.489236081769409026e+00 9.869431053311944826e-03
7.950000000000000000e+03 2.489358271510261567e+00 9.878828436277785688e-03
7.980000000000000000e+03 2.489087080521648065e+00 9.911561216756395107e-03
8.010000000000000000e+03 2.488288375073250958e+00 1.003214866569850962e-02
8.040000000000000000e+03 2.488643123315672501e+00 1.002856304603545398e-02
8.070000000000000000e+03 2.488419773385612821e+00 9.959155061881863266e-03
8.100000000000000000e+03 2.488597877608008879e+00 9.942612426609319029e-03
8.130000000000000000e+03 2.488729463180345824e+00 9.923301603469930968e-03
8.160000000000000000e+03 2.489423836825361835e+00 9.927162961991718715e-03
8.190000000000000000e+03 2.489829675317274393e+00 9.988466819519228185e-03
8.220000000000000000e+03 2.490772070712584885e+00 1.000087513675526271e-02
8.250000000000000000e+03 2.489868397289950686e+00 1.006281581788779668e-02
8.280000000000000000e+03 2.489826861296897675e+00 1.005023545412777122e-02
8.310000000000000000e+03 2.490637230630265542e+00 1.007243888450784670e-02
8.340000000000000000e+03 2.490882355415866556e+00 9.998155990706166299e-03
8.370000000000000000e+03 2.490876673346163361e+00 1.000107860392764059e-02
8.400000000000000000e+03 2.490088299752541534e+00 1.004904916760715819e-02
8.430000000000000000e+03 2.490100906047495677e+00 9.893324878216114629e-03
8.460000000000000000e+03 2.490094153217573769e+00 9.812693603926930103e-03
8.490000000000000000e+03 2.490097563189127339e+00 9.729130549245309720e-03
8.520000000000000000e+03 2.490438363534155375e+00 9.772983685778873636e-03
8.550000000000000000e+03 2.490631019511592825e+00 9.636780346271746692e-03
8.580000000000000000e+03 2.490449577482785504e+00 9.601700232638201576e-03
8.610000000000000000e+03 2.491045766700370034e+00 9.664066146469226307e-03
8.640000000000000000e+03 2.491070838383187880e+00 9.393623280441123699e-03
8.670000000000000000e+03 2.491188209566292944e+00 9.395175543651969330e-03
8.700000000000000000e+03 2.490826530716124143e+00 9.477136209536690670e-03
8.730000000000000000e+03 2.490279335892067181e+00 9.304688217287306398e-03
8.760000000000000000e+03 2.490586452474655044e+00 9.202345453714082593e-03
8.790000000000000000e+03 2.490855221005918274e+00 9.215940005477794156e-03
8.820000000000000000e+03 2.490926337356542231e+00 9.270130203487230228e-03
8.850000000000000000e+03 2.491253198478718733e+00 9.370472543265003645e-03
8.880000000000000000e+03 2.491325377217864290e+00 9.445367441113367707e-03
8.910000000000000000e+03 2.491247393023719336e+00 9.384754309064805358e-03
8.940000000000000000e+03 2.491202553207425563e+00 9.317333612897436487e-03
8.970000000000000000e+03 2.490985728489685691e+00 9.201777495883257593e-03
9.000000000000000000e+03 2.490564745623924825e+00 9.162256321493216296e-03
9.030000000000000000e+03 2.490284402293980737e+00 9.067944400412177031e-03
9.060000000000000000e+03 2.489872018332742964e+00 8.988213045458055828e-03
9.090000000000000000e+03 2.490055921452384080e+00 8.979174373464814118e-03
9.120000000000000000e+03 2.490635066431373446e+00 8.899742843474479914e-03
9.150000000000000000e+03 2.491472757117598746e+00 8.902499312385072153e-03
9.180000000000000000e+03 2.491035737864296884e+00 8.938171314270115103e-03
9.210000000000000000e+03 2.491462185631557080e+00 8.742217774392761764e-03
9.240000000000000000e+03 2.491744701749681656e+00 8.623105896250387106e-03
9.270000000000000000e+03 2.491557574831302801e+00 8.570192167607914441e-03
9.300000000000000000e+03 2.492012940641587626e+00 8.678131875147515606e-03
9.330000000000000000e+03 2.492377894244266479e+00 8.797053981448248183e-03
9.360000000000000000e+03 2.491664149283697505e+00 8.805098348445635978e-03
9.390000000000000000e+03 2.492058528108521021e+00 8.818907473763360969e-03
9.420000000000000000e+03 2.492051460420916964e+00 8.755412046634197115e-03
9.450000000000000000e+03 2.492744153111829064e+00 8.861027481292022348e-03
9.480000000000000000e+03 2.492793037498045372e+00 8.945080338908957540e-03
9.510000000000000000e+03 2.492757552177375491e+00 9.041741301090977512e-03
9.540000000000000000e+03 2.493009711093600700e+00 9.056179528461235848e-03
9.570000000000000000e+03 2.493907028517383218e+00 9.120985395605320928e-03
9.600000000000000000e+03 2.494247466208487030e+00 9.042611290516536920e-03
9.630000000000000000e+03 2.494285607836861818e+00 8.886107826066651574e-03
9.660000000000000000e+03 2.494382944683136483e+00 8.973906427246901296e-03
9.690000000000000000e+03 2.494021268119165136e+00 8.942475018368487363e-03
9.720000000000000000e+03 2.493573340164432217e+00 8.965671701994158693e-03
9.750000000000000000e+03 2.494006363306743079e+00 8.993756939126880748e-03
9.780000000000000000e+03 2.494257786346624872e+00 9.071723559099065942e-03
9.810000000000000000e+03 2.494985291178284825e+00 9.057496424261611903e-03
9.840000000000000000e+03 2.495234742478696255e+00 9.013475929509842319e-03
9.870000000000000000e+03 2.494854446755967903e+00 9.078064549941282022e-03
9.900000000000000000e+03 2.494405658824351502e+00 9.213052085686667184e-03
9.930000000000000000e+03 2.494562871802234127e+00 9.117513832457931414e-03
9.960000000000000000e+03 2.494279147886818926e+00 9.079224348912078371e-03
9.990000000000000000e+03 2.493926376965317271e+00 9.128626205417366204e-03
1.002000000000000000e+04 2.493504823353559274e+00 9.038719155409378689e-03
1.005000000000000000e+04 2.493703689213498276e+00 9.023718310665758760e-03
1.008000000000000000e+04 2.494460191761006307e+00 8.833135825502666863e-03
1.011000000000000000e+04 2.494855689867247595e+00 8.835543989505542997e-03
1.014000000000000000e+04 2.494798127429329604e+00 8.770667955953416473e-03
1.017000000000000000e+04 2.493716389032037739e+00 8.666420329446158921e-03
1.020000000000000000e+04 2.493179265887700780e+00 8.593863095996842616e-03
1.023000000000000000e+04 2.493507028803545911e+00 8.669790400950175974e-03
1.026000000000000000e+04 2.493152684073572711e+00 8.580402753630866908e-03
1.029000000000000000e+04 2.493085482611355985e+00 8.559561941844458580e-03
1.032000000000000000e+04 2.492665672222182938e+00 8.495326087014573591e-03
1.035000000000000000e+04 2.493133365398473522e+00 8.410405021332266820e-03
1.038000000000000000e+04 2.493419050490569333e+00 8.361637580368546513e-03
1.041000000000000000e+04 2.493499815209021087e+00 8.345906109740928308e-03
1.044000000000000000e+04 2.493716962808429027e+00 8.260076583232228015e-03
1.047000000000000000e+04 2.493727564236046135e+00 8.286641049952714680e-03
1.050000000000000000e+04 2.493820114566188462e+00 8.205040290270124159e-03
1.053000000000000000e+04 2.493324627751349443e+00 8.131078160417240172e-03
1.056000000000000000e+04 2.493410322894730857e+00 8.089019013611951220e-03
1.059000000000000000e+04 2.493712268776448582e+00 8.112072151422497490e-03
1.062000000000000000e+04 2.493635049771583123e+00 8.006497042273694534e-03
1.065000000000000000e+04 2.493997349053348245e+00 7.846541870279629891e-03
1.068000000000000000e+04 2.494045151581429032e+00 7.872346896050581508e-03
1.071000000000000000e+04 2.494069687567137983e+00 7.860501775127749086e-03
1.074000000000000000e+04 2.493980027722550119e+00 7.835847577194417213e-03
1.077000000000000000e+04 2.493387834105052381e+00 7.809221172380268784e-03
1.080000000000000000e+04 2.492972125441080600e+00 7.723389064468209192e-03
1.083000000000000000e+04 2.493138348341751076e+00 7.598380796649970882e-03
1.086000000000000000e+04 2.492725078534896443e+00 7.541496284871165683e-03
1.089000000000000000e+04 2.492618652954742942e+00 7.588272298129768341e-03
1.092000000000000000e+04 2.492369162292276563e+00 7.557933466620492431e-03
1.095000000000000000e+04 2.492051449192924650e+00 7.542820449130825840e-03
1.098000000000000000e+04 2.491832842150794924e+00 7.538513848433330694e-03
1.101000000000000000e+04 2.491888692302948183e+00 7.578864600831506336e-03
1.104000000000000000e+04 2.492008028209441672e+00 7.457771605455477612e-03
1.107000000000000000e+04 2.491793723240017577e+00 7.427318365622699245e-03
1.110000000000000000e+04 2.491734046501413946e+00 7.347343620762287163e-03
1.113000000000000000e+04 2.492073659901777649e+00 7.328774360309158083e-03
1.116000000000000000e+04 2.492567564505108635e+00 7.305684388210137437e-03
1.119000000000000000e+04 2.492705626152619036e+00 7.374888834016653932e-03
1.122000000000000000e+04 2.492657292894553400e+00 7.469636360151592561e-03
1.125000000000000000e+04 2.492777173814139324e+00 7.367092299216553009e-03
1.128000000000000000e+04 2.492675675762817900e+00 7.379151050262670354e-03
1.131000000000000000e+04 2.492774899998380533e+00 7.436872699048715368e-03
1.134000000000000000e+04 2.492542910576629023e+00 7.412869302592242811e-03
1.137000000000000000e+04 2.492475627544002759e+00 7.304224018319812467e-03
1.140000000000000000e+04 2.492489631069426004e+00 7.335305334731727009e-03
1.143000000000000000e+04 2.492171359745678938e+00 7.260345297370618227e-03
1.146000000000000000e+04 2.492731648031708325e+00 7.333590238741460703e-03
1.149000000000000000e+04 2.491623268483902365e+00 7.339168064669436553e-03
1.152000000000000000e+04 2.491847198873611280e+00 7.408362108217106216e-03
1.155000000000000000e+04 2.492398492837686330e+00 7.371993550658696888e-03
1.158000000000000000e+04 2.491864770891870418e+00 7.273048871615975415e-03
1.161000000000000000e+04 2.492040779774082893e+00 7.270607147533238342e-03
1.164000000000000000e+04 2.492113650456576401e+00 7.216394565012184716e-03
1.167000000000000000e+04 2.492250576822589991e+00 7.149198712534356875e-03
1.170000000000000000e+04 2.492061445995815472e+00 7.215581480174579343e-03
1.173000000000000000e+04 2.492065845444359606e+00 7.179052660839351126e-03
1.176000000000000000e+04 2.492287198869286069e+00 7.217187458260567422e-03
1.179000000000000000e+04 2.492261789702522989e+00 7.234912837529015352e-03
1.182000000000000000e+04 2.493109793516656847e+00 7.214225707010230200e-03
1.185000000000000000e+04 2.493135958626394810e+00 7.129934218574451171e-03
1.188000000000000000e+04 2.493174149643794468e+00 7.130515773678185350e-03
1.191000000000000000e+04 2.492875390045467654e+00 7.090155534865902331e-03
1.194000000000000000e+04 2.493547976238336350e+00 7.031150784413479383e-03
1.197000000000000000e+04 2.493960329122345332e+00 6.970630295050757493e-03
1.200000000000000000e+04 2.493746610461995861e+00 6.947934001544084533e-03
1.203000000000000000e+04 2.493674489292847518e+00 7.015604418779226512e-03
1.206000000000000000e+04 2.493926434660813651e+00 7.005432197433949203e-03
1.209000000000000000e+04 2.494279604083526891e+00 6.974934681775157505e-03
1.212000000000000000e+04 2.494032952242867029e+00 6.841320911103628000e-03
1.215000000000000000e+04 2.493620646239957495e+00 6.791240570457831617e-03
1.218000000000000000e+04 2.493842714102035618e+00 6.818998265623397136e-03
1.221000000000000000e+04 2.494349264614984296e+00 6.649138798129113764e-03
1.224000000000000000e+04 2.494371072797020084e+00 6.632437504289370386e-03
1.227000000000000000e+04 2.494120832178325475e+00 6.577626520364958200e-03
1.230000000000000000e+04 2.494061098789034148e+00 6.619453518467715777e-03
1.233000000000000000e+04 2.493953692514986553e+00 6.627227009892642552e-03
1.236000000000000000e+04 2.494270174794972039e+00 6.705329464048202966e-03
1.239000000000000000e+04 2.494490723029507695e+00 6.625213278004417686e-03
1.242000000000000000e+04 2.494370628003593104e+00 6.614704706571052431e-03
1.245000000000000000e+04 2.494624661242417663e+00 6.643711255767021338e-03
1.248000000000000000e+04 2.494621920551394201e+00 6.639144471092527436e-03
1.251000000000000000e+04 2.494497488719942258e+00 6.631354095653858860e-03
1.254000000000000000e+04 2.494939511455882997e+00 6.681034176989612827e-03
1.257000000000000000e+04 2.495138080321508411e+00 6.749748698364452931e-03
1.260000000000000000e+04 2.495131423153872152e+00 6.763658016530924716e-03
1.263000000000000000e+04 2.494295231555670345e+00 6.784058852720380346e-03
1.266000000000000000e+04 2.493871830337015982e+00 6.640308723992113804e-03
1.269000000000000000e+04 2.493630928116671086e+00 6.625507131641078344e-03
1.272000000000000000e+04 2.494011331780372043e+00 6.641321235073318827e-03
1.275000000000000000e+04 2.494190264501872978e+00 6.691015017863527307e-03
1.278000000000000000e+04 2.494685198038267160e+00 6.632810109530448348e-03
1.281000000000000000e+04 2.495262458580541853e+00 6.506666789678983154e-03
1.284000000000000000e+04 2.494741277368170973e+00 6.539654596218178774e-03
1.287000000000000000e+04 2.494805642932914402e+00 6.548135897136199597e-03
1.290000000000000000e+04 2.495357219803903792e+00 6.590119540005235158e-03
1.293000000000000000e+04 2.495659626367420003e+00 6.648890689721951609e-03
1.296000000000000000e+04 2.495591577617175982e+00 6.680518439923817733e-03
1.299000000000000000e+04 2.495840734518890436e+00 6.807311897131511358e-03
1.302000000000000000e+04 2.496286468465743980e+00 6.861960527288137046e-03
1.305000000000000000e+04 2.496010763137424426e+00 6.644115480880136843e-03
1.308000000000000000e+04 2.495623387083540035e+00 6.671611650781427913e-03
1.311000000000000000e+04 2.495128093317530382e+00 6.498657718234903541e-03
1.314000000000000000e+04 2.494583555469330083e+00 6.464307927622681658e-03
1.317000000000000000e+04 2.493598285836190698e+00 6.399265602088989244e-03
1.320000000000000000e+04 2.493538459846458277e+00 6.324804183291350690e-03
1.323000000000000000e+04 2.493364171522736594e+00 6.342514615230564028e-03
1.326000000000000000e+04 2.493336457531275308e+00 6.433313557978660203e-03
1.329000000000000000e+04 2.493557526656533962e+00 6.386894307280518469e-03
1.332000000000000000e+04 2.493748941021136201e+00 6.320144309551142293e-03
1.335000000000000000e+04 2.494285090716250153e+00 6.328841198916781464e-03
1.338000000000000000e+04 2.494373826813148565e+00 6.356083390371062951e-03
1.341000000000000000e+04 2.494623582658777927e+00 6.343332411571486230e-03
1.344000000000000000e+04 2.494403100200142553e+00 6.261160781502462559e-03
1.347000000000000000e+04 2.494308364412608725e+00 6.232291249913843138e-03
1.350000000000000000e+04 2.494603062601153720e+00 6.180857434760399227e-03
1.353000000000000000e+04 2.494145472175458345e+00 6.130462496538873970e-03
1.356000000000000000e+04 2.493960771778602314e+00 6.134857695564536161e-03
1.359000000000000000e+04 2.493987206090541253e+00 6.277108464146418342e-03
1.362000000000000000e+04 2.493738263165286462e+00 6.302409856331575230e-03
1.365000000000000000e+04 2.493586813810704683e+00 6.322354228377913450e-03
1.368000000000000000e+04 2.493838465149737615e+00 6.237100472303534586e-03
1.371000000000000000e+04 2.493874358189292373e+00 6.185682323306111556e-03
1.374000000000000000e+04 2.493458385125085996e+00 6.097233364597178483e-03
1.377000000000000000e+04 2.493516510449826473e+00 6.053280422086642840e-03
1.380000000000000000e+04 2.493606046378193941e+00 6.069359224674983344e-03
1.383000000000000000e+04 2.493805925232012832e+00 6.118982099916824187e-03
1.386000000000000000e+04 2.493734137128700290e+00 6.119168279916655309e-03
1.389000000000000000e+04 2.493423969827817110e+00 6.222947171779255257e-03
1.392000000000000000e+04 2.494052110368273123e+00 6.306196753339850594e-03
1.395000000000000000e+04 2.493978676298764796e+00 6.201910753192781296e-03
1.398000000000000000e+04 2.493685434208440910e+00 6.262187073703939441e-03
1.401000000000000000e+04 2.493580773549948670e+00 6.222801395543309938e-03
1.404000000000000000e+04 2.493383733598914631e+00 6.206922768215393342e-03
1.407000000000000000e+04 2.493593010206290650e+00 6.209244868593512268e-03
1.410000000000000000e+04 2.494333465225559543e+00 6.203475429630144790e-03
1.413000000000000000e+04 2.494000716067092505e+00 6.321577572938016573e-03
1.416000000000000000e+04 2.494174445958156738e+00 6.418122200168564079e-03
1.419000000000000000e+04 2.494241787752457640e+00 6.514097589343141072e-03
1.422000000000000000e+04 2.493934658999423348e+00 6.552286512081057293e-03
1.425000000000000000e+04 2.493501190141222956e+00 6.564488614736329816e-03
1.428000000000000000e+04 2.493884232698786008e+00 6.507142859415535746e-03
1.431000000000000000e+04 2.493683413173915397e+00 6.579041550725207507e-03
1.434000000000000000e+04 2.493806605750215510e+00 6.605124576425923898e-03
1.437000000000000000e+04 2.493597778980858770e+00 6.525871651477686830e-03
1.440000000000000000e+04 2.493914971131148572e+00 6.544485788997226987e-03
1.443000000000000000e+04 2.494303510057689799e+00 6.545569074851351025e-03
1.446000000000000000e+04 2.495052432197497616e+00 6.499876536152966559e-03
1.449000000000000000e+04 2.495400123372459866e+00 6.421958714934138980e-03
1.452000000000000000e+04 2.495860257965115458e+00 6.372123301645344490e-03
1.455000000000000000e+04 2.496071775072773224e+00 6.385489144712271949e-03
1.458000000000000000e+04 2.495925019758832963e+00 6.372790434280599034e-03
1.461000000000000000e+04 2.495821170707196224e+00 6.350619181642594251e-03
1.464000000000000000e+04 2.495926995344963206e+00 6.342431157645061872e-03
1.467000000000000000e+04 2.496088856521196053e+00 6.225324699507163960e-03
1.470000000000000000e+04 2.495891089840971411e+00 6.209830730970426066e-03
1.473000000000000000e+04 2.495840040465502341e+00 6.156505037503741916e-03
1.476000000000000000e+04 2.495725566324532352e+00 6.169799110690188035e-03
1.479000000000000000e+04 2.495582167555332909e+00 6.205322556427628894e-03
1.482000000000000000e+04 2.495609038071625818e+00 6.280580512938622149e-03
1.485000000000000000e+04 2.495542250931999106e+00 6.149238470580814346e-03
1.488000000000000000e+04 2.495841124800822985e+00 6.222818302007163821e-03
1.491000000000000000e+04 2.496108995912409423e+00 6.159190334210373936e-03
1.494000000000000000e+04 2.496428434970926702e+00 6.154681692033360692e-03
1.497000000000000000e+04 2.496416791677189995e+00 6.174808935722058377e-03
1.500000000000000000e+04 2.496237357419714531e+00 6.275004338105336955e-03
