# # n, sigma
3.000000000000000000e+01 1.830922309703734152e+00 1.298281316950278541e-01
6.000000000000000000e+01 2.489198217239805278e+00 7.046403580516047427e-02
9.000000000000000000e+01 2.502588512982725000e+00 6.902614086130438864e-02
1.200000000000000000e+02 2.531113968993443208e+00 6.533254777449712392e-02
1.500000000000000000e+02 2.546989870346902052e+00 5.133243686914149700e-02
1.800000000000000000e+02 2.555617205135533698e+00 5.210977095364720257e-02
2.100000000000000000e+02 2.531611348054279897e+00 5.231079277274187922e-02
2.400000000000000000e+02 2.527624069566134501e+00 4.778146244347144384e-02
2.700000000000000000e+02 2.526439996386953268e+00 4.706339471958689152e-02
3.000000000000000000e+02 2.510728197547914764e+00 4.046683447026177410e-02
3.300000000000000000e+02 2.509055235263429662e+00 3.826487381017273925e-02
3.600000000000000000e+02 2.508130311094538101e+00 3.312548886948123161e-02
3.900000000000000000e+02 2.509267341253788697e+00 3.901782751321387216e-02
4.200000000000000000e+02 2.516479188482565910e+00 4.375607917193619772e-02
4.500000000000000000e+02 2.524157430653213297e+00 4.624156818874990832e-02
4.800000000000000000e+02 2.520699555940113079e+00 4.555987530409219555e-02
5.100000000000000000e+02 2.519621452422189378e+00 3.855144271123500666e-02
5.400000000000000000e+02 2.534660621270607983e+00 3.804994806374503019e-02
5.700000000000000000e+02 2.525913288256783407e+00 4.024972496452557114e-02
6.000000000000000000e+02 2.532365201570287550e+00 3.826634540222214470e-02
6.300000000000000000e+02 2.536492790651779128e+00 3.633251955601706634e-02
6.600000000000000000e+02 2.542288464115557201e+00 3.431190525405649477e-02
6.900000000000000000e+02 2.529229208663002382e+00 3.553036716570714959e-02
7.200000000000000000e+02 2.521796138558587863e+00 3.213979424177243471e-02
7.500000000000000000e+02 2.524084260466427754e+00 3.004574134753356524e-02
7.800000000000000000e+02 2.521401632649572289e+00 2.816296333563598001e-02
8.100000000000000000e+02 2.525481522260920375e+00 2.818360882292455377e-02
8.400000000000000000e+02 2.530924942890046658e+00 2.644193617909572358e-02
8.700000000000000000e+02 2.538702247458307859e+00 2.573317107230175746e-02
9.000000000000000000e+02 2.539530989920494086e+00 2.510815230174753832e-02
9.300000000000000000e+02 2.534443964089609480e+00 2.358853213048414665e-02
9.600000000000000000e+02 2.534262827122212069e+00 2.480899669389638115e-02
9.900000000000000000e+02 2.523896923623434763e+00 2.444973101441016636e-02
1.020000000000000000e+03 2.530050602438675078e+00 2.488617359256632341e-02
1.050000000000000000e+03 2.528967679408387514e+00 2.619539031004957871e-02
1.080000000000000000e+03 2.543306166591665196e+00 2.627909343617178262e-02
1.110000000000000000e+03 2.543606161005619981e+00 2.739141398541549560e-02
1.140000000000000000e+03 2.545171931710243474e+00 2.682111289619395003e-02
1.170000000000000000e+03 2.554279729353067463e+00 2.616759371565909389e-02
1.200000000000000000e+03 2.552876530783616982e+00 2.590980786911811773e-02
1.230000000000000000e+03 2.547637120583779335e+00 2.547587299940927072e-02
1.260000000000000000e+03 2.540656886849033569e+00 2.521782735295274511e-02
1.290000000000000000e+03 2.536932967718800835e+00 2.450981470770053836e-02
1.320000000000000000e+03 2.536462265978444375e+00 2.386672582371627410e-02
1.350000000000000000e+03 2.531606188000361524e+00 2.523356589220165230e-02
1.380000000000000000e+03 2.539952474233906354e+00 2.445969990339435032e-02
1.410000000000000000e+03 2.538806312957838873e+00 2.389181543662976734e-02
1.440000000000000000e+03 2.548493736114818109e+00 2.444265932882015713e-02
1.470000000000000000e+03 2.546300929357529608e+00 2.411279834333518793e-02
1.500000000000000000e+03 2.541806436011088799e+00 2.325419132855725823e-02
1.530000000000000000e+03 2.537937313538126460e+00 2.249035094383459304e-02
1.560000000000000000e+03 2.535435307337333022e+00 2.204937758653108607e-02
1.590000000000000000e+03 2.534213414773704542e+00 2.190974285472812796e-02
1.620000000000000000e+03 2.529640592475288940e+00 2.120409900646815296e-02
1.650000000000000000e+03 2.525561151121777037e+00 2.103231289973355941e-02
1.680000000000000000e+03 2.524991180758454856e+00 2.114620906114855758e-02
1.710000000000000000e+03 2.529681760203210228e+00 2.110066259942905420e-02
1.740000000000000000e+03 2.528530883633305582e+00 2.074242100237535386e-02
1.770000000000000000e+03 2.525794546166594046e+00 2.063047853817199379e-02
1.800000000000000000e+03 2.525286058674021117e+00 2.019609683675863479e-02
1.830000000000000000e+03 2.518563808052854291e+00 1.996104338498977393e-02
1.860000000000000000e+03 2.517593854055723224e+00 1.933024237421068076e-02
1.890000000000000000e+03 2.517728631152053698e+00 1.893885524786478869e-02
1.920000000000000000e+03 2.518459948544458982e+00 1.904650102890738730e-02
1.950000000000000000e+03 2.518509105049083097e+00 1.986177452054878334e-02
1.980000000000000000e+03 2.516458568791159145e+00 1.877668119281877476e-02
2.010000000000000000e+03 2.517875172063312572e+00 1.885935700055921260e-02
2.040000000000000000e+03 2.516886734086356547e+00 1.840495442526925152e-02
2.070000000000000000e+03 2.516625553738406573e+00 1.985488516742602710e-02
2.100000000000000000e+03 2.516770270646087493e+00 2.030882372623861454e-02
2.130000000000000000e+03 2.519411339931795002e+00 2.025705803033505184e-02
2.160000000000000000e+03 2.518605450565721160e+00 2.015987567249793305e-02
2.190000000000000000e+03 2.519802707991114055e+00 1.894662985138707151e-02
2.220000000000000000e+03 2.520727312994659908e+00 1.937839228834139713e-02
2.250000000000000000e+03 2.522843746571914902e+00 1.861245125580134746e-02
2.280000000000000000e+03 2.524803358232503570e+00 1.866355646696808701e-02
2.310000000000000000e+03 2.524650231167187009e+00 1.885173134719079005e-02
2.340000000000000000e+03 2.525022789133188894e+00 1.841302646739645735e-02
2.370000000000000000e+03 2.522009209332468860e+00 1.772740949112804748e-02
2.400000000000000000e+03 2.519274419350423067e+00 1.679234107692947550e-02
2.430000000000000000e+03 2.519311455202822625e+00 1.629802594251707898e-02
2.460000000000000000e+03 2.518321781111320323e+00 1.624851222409575899e-02
2.490000000000000000e+03 2.515911178798886816e+00 1.583229771084449997e-02
2.520000000000000000e+03 2.515525846167870672e+00 1.526670399031387383e-02
2.550000000000000000e+03 2.516715988144093696e+00 1.543745509768500168e-02
2.580000000000000000e+03 2.516571066642720123e+00 1.563108582060096854e-02
2.610000000000000000e+03 2.516027337259094665e+00 1.612371753638637897e-02
2.640000000000000000e+03 2.515684088706878097e+00 1.564570726493742445e-02
2.670000000000000000e+03 2.514532346520333750e+00 1.616731537477277686e-02
2.700000000000000000e+03 2.515968277532202535e+00 1.636695940646882771e-02
2.730000000000000000e+03 2.514196417150060370e+00 1.574930629773359236e-02
2.760000000000000000e+03 2.512856019178614897e+00 1.575229583193933636e-02
2.790000000000000000e+03 2.513314092539964406e+00 1.624650197509218061e-02
2.820000000000000000e+03 2.513772636929508142e+00 1.625388211384565240e-02
2.850000000000000000e+03 2.513965406154877957e+00 1.605769370367379073e-02
2.880000000000000000e+03 2.513045622317390482e+00 1.549654802361380423e-02
2.910000000000000000e+03 2.515700545141234201e+00 1.568329233630199465e-02
2.940000000000000000e+03 2.513119082198828291e+00 1.616246038273578406e-02
2.970000000000000000e+03 2.511334245111016106e+00 1.652313531347500419e-02
3.000000000000000000e+03 2.509512779146786166e+00 1.655035216463806788e-02
3.030000000000000000e+03 2.507250727544936719e+00 1.625012863985580286e-02
3.060000000000000000e+03 2.506693372448768109e+00 1.624347101359407269e-02
3.090000000000000000e+03 2.505422554912289712e+00 1.649484393411794134e-02
3.120000000000000000e+03 2.505642220859960467e+00 1.652012699257640951e-02
3.150000000000000000e+03 2.509428893389993753e+00 1.624096548182290059e-02
3.180000000000000000e+03 2.510758355464006719e+00 1.648419398210964823e-02
3.210000000000000000e+03 2.509530376392776319e+00 1.655730663807157901e-02
3.240000000000000000e+03 2.507965102028351545e+00 1.583106473669265019e-02
3.270000000000000000e+03 2.510486158095547093e+00 1.624098620647916255e-02
3.300000000000000000e+03 2.512052906233448013e+00 1.636803385793998353e-02
3.330000000000000000e+03 2.510353583893712326e+00 1.641008244031124524e-02
3.360000000000000000e+03 2.510552157703317189e+00 1.616356443198046014e-02
3.390000000000000000e+03 2.508602619569812564e+00 1.579855903040475879e-02
3.420000000000000000e+03 2.508517969806900449e+00 1.564046747544903249e-02
3.450000000000000000e+03 2.506006278280905608e+00 1.575330380767179031e-02
3.480000000000000000e+03 2.505631325760765638e+00 1.556119523329077027e-02
3.510000000000000000e+03 2.506480241658396224e+00 1.566327928101026237e-02
3.540000000000000000e+03 2.506092396696679270e+00 1.574540728069402651e-02
3.570000000000000000e+03 2.505548393262255313e+00 1.495762074885035112e-02
3.600000000000000000e+03 2.502267809543988530e+00 1.493271397822003993e-02
3.630000000000000000e+03 2.500565889807365050e+00 1.482081612080886172e-02
3.660000000000000000e+03 2.500363457994531746e+00 1.442657599510082864e-02
3.690000000000000000e+03 2.499940716065627733e+00 1.369293810161558746e-02
3.720000000000000000e+03 2.498208361859046711e+00 1.338474353528852460e-02
3.750000000000000000e+03 2.498948190363207811e+00 1.346281754332498241e-02
3.780000000000000000e+03 2.501115828035278987e+00 1.346114234565519083e-02
3.810000000000000000e+03 2.501120208080356733e+00 1.362505119882429644e-02
3.840000000000000000e+03 2.501985468435489857e+00 1.355626864231401253e-02
3.870000000000000000e+03 2.501433905106621669e+00 1.340807185346780395e-02
3.900000000000000000e+03 2.501473565305601721e+00 1.326977363797360310e-02
3.930000000000000000e+03 2.500386267824102671e+00 1.345220330465528476e-02
3.960000000000000000e+03 2.502274698660830410e+00 1.345893789375712107e-02
3.990000000000000000e+03 2.500614049819307905e+00 1.314413305060862548e-02
4.020000000000000000e+03 2.502322562231657610e+00 1.283548282252243260e-02
4.050000000000000000e+03 2.503903579940349289e+00 1.266147848520224502e-02
4.080000000000000000e+03 2.504123403041616402e+00 1.263323649948284652e-02
4.110000000000000000e+03 2.503618545300668519e+00 1.245363396596649470e-02
4.140000000000000000e+03 2.504042178157449339e+00 1.244715415522320082e-02
4.170000000000000000e+03 2.504453804446771681e+00 1.240390844788102735e-02
4.200000000000000000e+03 2.506227764727886775e+00 1.241051721646178885e-02
4.230000000000000000e+03 2.506524493008974286e+00 1.227242188957000484e-02
4.260000000000000000e+03 2.508043807905126599e+00 1.232357016706947181e-02
4.290000000000000000e+03 2.508590011806215436e+00 1.225374643833017016e-02
4.320000000000000000e+03 2.510034217605242812e+00 1.210036146776553162e-02
4.350000000000000000e+03 2.511077983048707996e+00 1.197662998136331605e-02
4.380000000000000000e+03 2.510577784153348535e+00 1.174015976563551854e-02
4.410000000000000000e+03 2.509342185622181809e+00 1.181491627822361251e-02
4.440000000000000000e+03 2.508818362069584751e+00 1.188868453775526746e-02
4.470000000000000000e+03 2.509288009367239169e+00 1.159787711272448549e-02
4.500000000000000000e+03 2.510149420624492311e+00 1.170033867066910815e-02
4.530000000000000000e+03 2.510203002817485540e+00 1.174420593566478932e-02
4.560000000000000000e+03 2.509936891034873163e+00 1.161668073926136815e-02
4.590000000000000000e+03 2.510406499894502375e+00 1.157203728249131536e-02
4.620000000000000000e+03 2.511413180759141994e+00 1.129741169914547615e-02
4.650000000000000000e+03 2.512018930944446726e+00 1.089259337141243976e-02
4.680000000000000000e+03 2.510780210627452380e+00 1.069633034665025406e-02
4.710000000000000000e+03 2.510072361591823231e+00 1.060204180314485226e-02
4.740000000000000000e+03 2.510175836596232557e+00 1.068524138157876321e-02
4.770000000000000000e+03 2.511704921011660652e+00 1.083229637754480612e-02
4.800000000000000000e+03 2.510912723908713673e+00 1.090280405886755351e-02
4.830000000000000000e+03 2.512144241291242697e+00 1.063555620759396893e-02
4.860000000000000000e+03 2.512604260298902492e+00 1.072844766477950781e-02
4.890000000000000000e+03 2.512202971856102973e+00 1.071416625934047337e-02
4.920000000000000000e+03 2.511236025498869928e+00 1.059544898854267690e-02
4.950000000000000000e+03 2.511724852781251460e+00 1.074470108967204643e-02
4.980000000000000000e+03 2.511732627502781146e+00 1.071302960777835607e-02
5.010000000000000000e+03 2.510861963241557859e+00 1.059459240879058982e-02
5.040000000000000000e+03 2.512391919448091926e+00 1.078673957013759170e-02
5.070000000000000000e+03 2.512729729665374112e+00 1.092122191572205726e-02
5.100000000000000000e+03 2.512105803661807357e+00 1.122692810455848053e-02
5.130000000000000000e+03 2.511805181201432369e+00 1.113279525536545189e-02
5.160000000000000000e+03 2.511343239194874677e+00 1.124017155982578488e-02
5.190000000000000000e+03 2.511908938791803880e+00 1.134645332667652551e-02
5.220000000000000000e+03 2.510691534708750172e+00 1.141647699795244469e-02
5.250000000000000000e+03 2.512108597514611130e+00 1.141911696858070001e-02
5.280000000000000000e+03 2.510475092372990602e+00 1.125831459564219372e-02
5.310000000000000000e+03 2.510974513964825405e+00 1.093523007742725796e-02
5.340000000000000000e+03 2.511662805115839170e+00 1.124796688055898324e-02
5.370000000000000000e+03 2.511898506388796193e+00 1.118434155357471600e-02
5.400000000000000000e+03 2.510423655030742829e+00 1.094782891616442357e-02
5.430000000000000000e+03 2.509068660674766527e+00 1.101043315924825697e-02
5.460000000000000000e+03 2.509717304040341546e+00 1.099977979651310840e-02
5.490000000000000000e+03 2.508484076240508731e+00 1.061451176501864400e-02
5.520000000000000000e+03 2.508243103385120243e+00 1.041831641577530693e-02
5.550000000000000000e+03 2.507961216257807102e+00 1.051087108186717772e-02
5.580000000000000000e+03 2.508685067242160116e+00 1.033959651292380363e-02
5.610000000000000000e+03 2.508089288300567876e+00 1.040237230559731482e-02
5.640000000000000000e+03 2.507238010222918145e+00 1.044877933033733740e-02
5.670000000000000000e+03 2.507777231054526101e+00 1.052145589987425571e-02
5.700000000000000000e+03 2.509404915004105341e+00 1.043026657427428318e-02
5.730000000000000000e+03 2.509575143191138391e+00 1.037045187246203939e-02
5.760000000000000000e+03 2.509133865630453819e+00 1.035402298285115728e-02
5.790000000000000000e+03 2.509828554768008591e+00 1.030124488616044470e-02
5.820000000000000000e+03 2.509757430838528425e+00 1.021665760604624495e-02
5.850000000000000000e+03 2.509477078038139020e+00 1.025451872266889240e-02
5.880000000000000000e+03 2.509744944498967456e+00 1.025911727972947558e-02
5.910000000000000000e+03 2.510827755064666711e+00 1.033988523256691890e-02
5.940000000000000000e+03 2.509216133657961478e+00 1.027094411392427339e-02
5.970000000000000000e+03 2.509660150339407370e+00 1.065007820530492443e-02
6.000000000000000000e+03 2.509322583234304460e+00 1.047261905155428587e-02
6.030000000000000000e+03 2.510090260830306175e+00 1.056524873270435483e-02
6.060000000000000000e+03 2.510289631468825000e+00 1.080147572758323113e-02
6.090000000000000000e+03 2.510508124131189511e+00 1.067389018208382383e-02
6.120000000000000000e+03 2.511702206305889806e+00 1.066147049512678781e-02
6.150000000000000000e+03 2.511165601642624257e+00 1.056917656221439614e-02
6.180000000000000000e+03 2.509982654565653171e+00 1.046730309143419080e-02
6.210000000000000000e+03 2.508272723088869505e+00 1.049829517616432742e-02
6.240000000000000000e+03 2.508236100738300500e+00 1.003295481611003910e-02
6.270000000000000000e+03 2.507727313989411400e+00 1.013998893788693560e-02
6.300000000000000000e+03 2.507495430914707502e+00 1.023209719214371489e-02
6.330000000000000000e+03 2.506851658284197093e+00 1.029153031423855197e-02
6.360000000000000000e+03 2.507457585193554994e+00 1.033283826495005019e-02
6.390000000000000000e+03 2.507113199097070755e+00 1.037905805040500139e-02
6.420000000000000000e+03 2.506567950156950442e+00 1.038306600056189931e-02
6.450000000000000000e+03 2.506437345348576429e+00 1.018979866618872215e-02
6.480000000000000000e+03 2.507233424730092253e+00 1.020822241331352694e-02
6.510000000000000000e+03 2.506802438586576365e+00 1.033910137148034633e-02
6.540000000000000000e+03 2.506510198527766242e+00 1.024322576420171223e-02
6.570000000000000000e+03 2.506683472397044810e+00 1.036564536258893429e-02
6.600000000000000000e+03 2.505728099971463507e+00 1.040698590557028423e-02
6.630000000000000000e+03 2.505756309605982501e+00 1.034551943715725231e-02
6.660000000000000000e+03 2.504640501100827699e+00 1.015719914053763925e-02
6.690000000000000000e+03 2.504208684496933124e+00 9.840270407349853421e-03
6.720000000000000000e+03 2.503624068542844139e+00 1.009654109988280569e-02
6.750000000000000000e+03 2.502931502225639093e+00 1.003580254476034612e-02
6.780000000000000000e+03 2.503565993781003751e+00 9.919927316945803195e-03
6.810000000000000000e+03 2.504965794863157846e+00 1.000330112706653007e-02
6.840000000000000000e+03 2.505584909084299206e+00 1.000342857403891533e-02
6.870000000000000000e+03 2.505274061647832173e+00 1.000072241994341346e-02
6.900000000000000000e+03 2.506098362936188373e+00 9.909819328788356183e-03
6.930000000000000000e+03 2.506525075612433540e+00 9.816459646036914538e-03
6.960000000000000000e+03 2.506261012533949284e+00 9.819855508620649667e-03
6.990000000000000000e+03 2.507132912497778587e+00 9.803316326138483694e-03
7.020000000000000000e+03 2.506270585844306176e+00 9.687391459426111795e-03
7.050000000000000000e+03 2.506625019996551185e+00 9.407174596915701681e-03
7.080000000000000000e+03 2.506220573247010641e+00 9.343143951552059304e-03
7.110000000000000000e+03 2.506178415821077365e+00 9.377582452805909713e-03
7.140000000000000000e+03 2.505984597341281095e+00 9.247357851001884732e-03
7.170000000000000000e+03 2.506186959075203724e+00 8.974881238326742547e-03
7.200000000000000000e+03 2.505722569672018452e+00 9.058616867737543515e-03
7.230000000000000000e+03 2.505732467123109597e+00 8.947888160864262211e-03
7.260000000000000000e+03 2.505829017254109115e+00 8.944461532972645956e-03
7.290000000000000000e+03 2.505485585408520066e+00 8.969825114536660385e-03
7.320000000000000000e+03 2.506816947170103838e+00 9.039346943977280210e-03
7.350000000000000000e+03 2.506793125389894961e+00 9.218530032863683082e-03
7.380000000000000000e+03 2.507539519289713414e+00 9.076411689926842594e-03
7.410000000000000000e+03 2.507961978809224224e+00 8.957116640136191660e-03
7.440000000000000000e+03 2.507964532088799992e+00 8.826973938127364097e-03
7.470000000000000000e+03 2.507798766195532547e+00 8.614031505376269771e-03
7.500000000000000000e+03 2.508317614732090028e+00 8.454346025461070488e-03
7.530000000000000000e+03 2.508012603636086357e+00 8.636874150751481724e-03
7.560000000000000000e+03 2.508608459214803688e+00 8.865346939355216518e-03
7.590000000000000000e+03 2.508556075822906184e+00 8.537130590745014083e-03
7.620000000000000000e+03 2.508249706929098544e+00 8.553473273465639695e-03
7.650000000000000000e+03 2.508464536533267175e+00 8.381416210438858219e-03
7.680000000000000000e+03 2.507749678844935382e+00 8.376044778127294393e-03
7.710000000000000000e+03 2.507657402351368692e+00 8.211123200929067514e-03
7.740000000000000000e+03 2.507532530981720242e+00 8.378268509409137615e-03
7.770000000000000000e+03 2.507009947823876761e+00 8.312803842079712069e-03
7.800000000000000000e+03 2.508095348085907617e+00 8.307532753275614912e-03
7.830000000000000000e+03 2.507647239790113058e+00 8.346805549002979038e-03
7.860000000000000000e+03 2.507627396181570489e+00 8.408423903522142459e-03
7.890000000000000000e+03 2.506922231669770795e+00 8.371886211423850907e-03
7.920000000000000000e+03 2.507669912092723496e+00 8.340972181031346480e-03
7.950000000000000000e+03 2.507106758772120969e+00 8.421530944133366961e-03
7.980000000000000000e+03 2.506535136050732415e+00 8.241570471807860288e-03
8.010000000000000000e+03 2.506426883801885719e+00 8.251220970560380411e-03
8.040000000000000000e+03 2.505519792807056501e+00 8.504282562765119388e-03
8.070000000000000000e+03 2.505435949328658207e+00 8.483363683075397302e-03
8.100000000000000000e+03 2.505317373932031355e+00 8.487252438067542995e-03
8.130000000000000000e+03 2.505712768207111196e+00 8.428880886472164477e-03
8.160000000000000000e+03 2.505902739685882619e+00 8.545837660843795189e-03
8.190000000000000000e+03 2.505637765909876968e+00 8.463728659166669388e-03
8.220000000000000000e+03 2.505053643052181478e+00 8.360500566910350137e-03
8.250000000000000000e+03 2.505826935871247496e+00 8.285259030872592356e-03
8.280000000000000000e+03 2.505595266388582765e+00 8.453609499607932232e-03
8.310000000000000000e+03 2.504824141099324386e+00 8.391234134802132150e-03
8.340000000000000000e+03 2.504684311472916924e+00 8.381544175068008154e-03
8.370000000000000000e+03 2.504696450053712109e+00 8.195121454262377370e-03
8.400000000000000000e+03 2.504660793479271508e+00 8.207966765608186790e-03
8.430000000000000000e+03 2.503875797980798623e+00 8.181050684032169923e-03
8.460000000000000000e+03 2.504390762057277176e+00 8.233213749191633721e-03
8.490000000000000000e+03 2.505098009434349571e+00 8.265522912615055548e-03
8.520000000000000000e+03 2.504573848587304585e+00 8.232781986297203411e-03
8.550000000000000000e+03 2.504483085543032672e+00 8.135937111379439729e-03
8.580000000000000000e+03 2.504885676736299249e+00 8.072408708755210438e-03
8.610000000000000000e+03 2.505109992125270857e+00 8.031600202086937312e-03
8.640000000000000000e+03 2.505698792726737789e+00 7.931085934396623488e-03
8.670000000000000000e+03 2.506597087148773273e+00 7.962169146071427367e-03
8.700000000000000000e+03 2.506643548153121070e+00 7.652054383768444254e-03
8.730000000000000000e+03 2.506610259916654204e+00 7.678750054775881559e-03
8.760000000000000000e+03 2.507203325920091874e+00 7.464249365517330002e-03
8.790000000000000000e+03 2.507902617217835139e+00 7.296410033291880239e-03
8.820000000000000000e+03 2.508425184383284545e+00 7.471746628736516439e-03
8.850000000000000000e+03 2.508361877891756908e+00 7.460576543638917750e-03
8.880000000000000000e+03 2.508702698761115180e+00 7.567192119889449425e-03
8.910000000000000000e+03 2.509238893451237740e+00 7.501018973571846327e-03
8.940000000000000000e+03 2.508763753941769092e+00 7.370161373232615894e-03
8.970000000000000000e+03 2.508332927059602646e+00 7.409949200450603041e-03
9.000000000000000000e+03 2.508511270310944230e+00 7.468152464923730194e-03
9.030000000000000000e+03 2.508077507951727458e+00 7.360761853914214031e-03
9.060000000000000000e+03 2.508811477841242699e+00 7.299798736467232388e-03
9.090000000000000000e+03 2.508843930837325154e+00 7.286822162491517728e-03
9.120000000000000000e+03 2.509057841624052543e+00 7.267487791468046042e-03
9.150000000000000000e+03 2.508644361590568028e+00 7.157531741073004140e-03
9.180000000000000000e+03 2.509214927701290510e+00 7.094442892735784018e-03
9.210000000000000000e+03 2.509026666030260699e+00 7.037789983077523057e-03
9.240000000000000000e+03 2.509114715913345339e+00 6.898379454142554781e-03
9.270000000000000000e+03 2.508831491098542088e+00 6.992188334780145322e-03
9.300000000000000000e+03 2.508833196280418232e+00 6.927655082313570467e-03
9.330000000000000000e+03 2.509499797518370823e+00 7.035019101373524153e-03
9.360000000000000000e+03 2.509358169995179466e+00 6.990866194239657438e-03
9.390000000000000000e+03 2.509199436034137420e+00 7.059483068796257831e-03
9.420000000000000000e+03 2.509487644978203313e+00 7.104157962490532420e-03
9.450000000000000000e+03 2.509536672904549182e+00 7.081542462603817797e-03
9.480000000000000000e+03 2.509200985352979973e+00 7.007789129743773396e-03
9.510000000000000000e+03 2.508785357877028055e+00 7.080018111604120465e-03
9.540000000000000000e+03 2.509513501217441878e+00 7.158872478689157041e-03
9.570000000000000000e+03 2.509341952164476641e+00 7.237590058272794918e-03
9.600000000000000000e+03 2.509789891091820380e+00 7.269272624888737343e-03
9.630000000000000000e+03 2.510474509626247297e+00 7.207397902277349992e-03
9.660000000000000000e+03 2.510774006997300134e+00 7.161306576505746882e-03
9.690000000000000000e+03 2.509826128225260078e+00 7.156622038862712164e-03
9.720000000000000000e+03 2.509960357456127777e+00 7.146060701405500606e-03
9.750000000000000000e+03 2.509989912944343704e+00 7.124999900472420503e-03
9.780000000000000000e+03 2.510025579885253322e+00 7.162371137440240454e-03
9.810000000000000000e+03 2.510064229071229391e+00 7.057743050594767094e-03
9.840000000000000000e+03 2.510685779923353955e+00 6.986081288180123749e-03
9.870000000000000000e+03 2.510917554832802434e+00 6.980297311605594517e-03
9.900000000000000000e+03 2.510462421755559781e+00 6.894073982868400077e-03
9.930000000000000000e+03 2.510888923473320045e+00 6.987741542920001062e-03
9.960000000000000000e+03 2.510760317544164621e+00 6.867486174774845541e-03
9.990000000000000000e+03 2.511452169527945699e+00 6.811150457855044867e-03
1.002000000000000000e+04 2.511022280537093199e+00 6.779511924523970619e-03
1.005000000000000000e+04 2.511313431958173581e+00 6.742961065726114228e-03
1.008000000000000000e+04 2.511115609356886491e+00 6.646717872832260364e-03
1.011000000000000000e+04 2.510876552875831447e+00 6.590146424810620560e-03
1.014000000000000000e+04 2.510393958341639475e+00 6.552121469815323958e-03
1.017000000000000000e+04 2.510325034976844893e+00 6.555046806862165759e-03
1.020000000000000000e+04 2.509904090858424475e+00 6.489513944474105400e-03
1.023000000000000000e+04 2.509196963665551117e+00 6.286625722041412449e-03
1.026000000000000000e+04 2.509144075670102669e+00 6.291935626724238714e-03
1.029000000000000000e+04 2.508728875750521503e+00 6.324832197816992671e-03
1.032000000000000000e+04 2.508612089004986778e+00 6.310460802681539666e-03
1.035000000000000000e+04 2.508355845531588635e+00 6.339012367924583800e-03
1.038000000000000000e+04 2.507750600756415427e+00 6.332608879561238933e-03
1.041000000000000000e+04 2.507174123163930624e+00 6.295715866361275594e-03
1.044000000000000000e+04 2.507699799982500366e+00 6.294693045422459707e-03
1.047000000000000000e+04 2.507385568633142547e+00 6.318263680368085833e-03
1.050000000000000000e+04 2.507534383475216622e+00 6.383921645118537450e-03
1.053000000000000000e+04 2.507688062011760977e+00 6.314695408022358465e-03
1.056000000000000000e+04 2.507859447405963671e+00 6.241948396480280666e-03
1.059000000000000000e+04 2.507629883478308397e+00 6.193233692995996770e-03
1.062000000000000000e+04 2.506937593281957977e+00 6.291671882718624306e-03
1.065000000000000000e+04 2.506266217132168794e+00 6.239528528054313211e-03
1.068000000000000000e+04 2.505164131597469090e+00 6.354269486653434627e-03
1.071000000000000000e+04 2.505159044043558936e+00 6.281497621485560533e-03
1.074000000000000000e+04 2.505183018531361494e+00 6.376797888285401852e-03
1.077000000000000000e+04 2.504884511911356526e+00 6.426594381333630354e-03
1.080000000000000000e+04 2.504146663929203154e+00 6.424026220551758495e-03
1.083000000000000000e+04 2.503759808032036016e+00 6.429006633988995981e-03
1.086000000000000000e+04 2.504648797673056038e+00 6.507300212358665958e-03
1.089000000000000000e+04 2.504437109814690920e+00 6.451304499333806661e-03
1.092000000000000000e+04 2.503933141828969422e+00 6.513568440900008305e-03
1.095000000000000000e+04 2.504038420416779598e+00 6.511664853645740374e-03
1.098000000000000000e+04 2.504329182454413161e+00 6.515751640372783628e-03
1.101000000000000000e+04 2.504545086105505192e+00 6.479212142354209836e-03
1.104000000000000000e+04 2.504722705322483201e+00 6.464040713290827335e-03
1.107000000000000000e+04 2.504385485974951475e+00 6.327511739558766730e-03
1.110000000000000000e+04 2.504663975424243905e+00 6.338149154675815078e-03
1.113000000000000000e+04 2.504737626545855633e+00 6.441075981154857112e-03
1.116000000000000000e+04 2.504890179044478415e+00 6.450833736672152534e-03
1.119000000000000000e+04 2.504986652286745219e+00 6.539330270901549773e-03
1.122000000000000000e+04 2.505015874907128737e+00 6.546388972523399692e-03
1.125000000000000000e+04 2.505187697596277019e+00 6.476944470568817523e-03
1.128000000000000000e+04 2.504869889905205316e+00 6.436861389029910167e-03
1.131000000000000000e+04 2.505251554599396524e+00 6.264961615164803092e-03
1.134000000000000000e+04 2.505060245387120688e+00 6.228175550357251816e-03
1.137000000000000000e+04 2.505353546072835336e+00 6.183702229624800199e-03
1.140000000000000000e+04 2.505383097594904740e+00 6.146924387117594715e-03
1.143000000000000000e+04 2.504625002163224590e+00 6.201854965636357901e-03
1.146000000000000000e+04 2.504792042406664976e+00 6.160799467380162139e-03
1.149000000000000000e+04 2.504599901756805469e+00 6.087315001666988856e-03
1.152000000000000000e+04 2.504336087358495888e+00 6.163898546715087384e-03
1.155000000000000000e+04 2.504782514859652753e+00 6.181290579469526057e-03
1.158000000000000000e+04 2.504875513387998076e+00 6.190832796779749229e-03
1.161000000000000000e+04 2.505528420910684950e+00 6.097151554739190654e-03
1.164000000000000000e+04 2.505076989012505084e+00 6.195666860629428681e-03
1.167000000000000000e+04 2.504982979483716399e+00 6.187335934215978418e-03
1.170000000000000000e+04 2.504449559214288801e+00 6.175948599915375738e-03
1.173000000000000000e+04 2.504956544384068007e+00 6.143837605239212130e-03
1.176000000000000000e+04 2.505185134905996591e+00 6.094791607358584010e-03
1.179000000000000000e+04 2.505424719878346806e+00 6.123335620536576700e-03
1.182000000000000000e+04 2.505155560220058586e+00 6.205444929473512110e-03
1.185000000000000000e+04 2.505177385291618819e+00 6.237361687995485529e-03
1.188000000000000000e+04 2.505181441747645898e+00 6.268868787017603354e-03
1.191000000000000000e+04 2.505379009917928723e+00 6.262941056628364492e-03
1.194000000000000000e+04 2.505239319113020446e+00 6.377706147592009274e-03
1.197000000000000000e+04 2.504663254055799815e+00 6.343997729016678279e-03
1.200000000000000000e+04 2.504495138815550082e+00 6.429960462906146763e-03
1.203000000000000000e+04 2.504552093736647667e+00 6.471032575535742154e-03
1.206000000000000000e+04 2.504603720308962167e+00 6.433180342209408528e-03
1.209000000000000000e+04 2.504648430738777076e+00 6.491787528502527063e-03
1.212000000000000000e+04 2.504241610397404116e+00 6.482059279825203892e-03
1.215000000000000000e+04 2.504384586443215710e+00 6.591954205711728597e-03
1.218000000000000000e+04 2.504575832594428952e+00 6.580290256336011369e-03
1.221000000000000000e+04 2.504702959999937750e+00 6.491681733720790735e-03
1.224000000000000000e+04 2.504831314172421663e+00 6.462677329295511003e-03
1.227000000000000000e+04 2.504543174546286721e+00 6.544377917671278036e-03
1.230000000000000000e+04 2.504936115153059362e+00 6.581623483318424332e-03
1.233000000000000000e+04 2.504623830855846389e+00 6.601189912070031841e-03
1.236000000000000000e+04 2.504555275051516094e+00 6.619490489591176204e-03
1.239000000000000000e+04 2.504098243944446356e+00 6.596092546562128470e-03
1.242000000000000000e+04 2.504272623986293578e+00 6.546298236072664763e-03
1.245000000000000000e+04 2.504189083078807165e+00 6.571105439159364084e-03
1.248000000000000000e+04 2.504607051707333998e+00 6.529620888642613356e-03
1.251000000000000000e+04 2.504421808964000906e+00 6.486976318530156445e-03
1.254000000000000000e+04 2.504812297781700892e+00 6.438775913348127045e-03
1.257000000000000000e+04 2.504913370848026233e+00 6.417047546598446568e-03
1.260000000000000000e+04 2.504624015342298726e+00 6.414788707226950874e-03
1.263000000000000000e+04 2.505048160028943816e+00 6.452115129302323643e-03
1.266000000000000000e+04 2.505058324710039308e+00 6.523890621436092760e-03
1.269000000000000000e+04 2.505149567565307489e+00 6.490157832965410926e-03
1.272000000000000000e+04 2.505421567868441279e+00 6.449904951938571600e-03
1.275000000000000000e+04 2.505327718155144545e+00 6.465602489401696233e-03
1.278000000000000000e+04 2.504934404456676589e+00 6.494243951186584596e-03
1.281000000000000000e+04 2.504989960423541717e+00 6.366006766704586546e-03
1.284000000000000000e+04 2.504835967421125353e+00 6.417417402560186487e-03
1.287000000000000000e+04 2.504590639106897498e+00 6.369392932922299071e-03
1.290000000000000000e+04 2.504230442085543906e+00 6.405107622155330888e-03
1.293000000000000000e+04 2.503884463525365867e+00 6.364998840926465798e-03
1.296000000000000000e+04 2.503459325225217746e+00 6.357930412929578036e-03
1.299000000000000000e+04 2.503498566257809976e+00 6.401643137732694437e-03
1.302000000000000000e+04 2.503540417278164565e+00 6.458698284523602291e-03
1.305000000000000000e+04 2.503142075052380289e+00 6.316039917692023789e-03
1.308000000000000000e+04 2.503473772367955874e+00 6.221426112466400295e-03
1.311000000000000000e+04 2.504753604205149475e+00 6.321615985443670288e-03
1.314000000000000000e+04 2.504866752776452099e+00 6.354547663709745470e-03
1.317000000000000000e+04 2.504587381137437951e+00 6.315285387859245064e-03
1.320000000000000000e+04 2.505030165581561885e+00 6.406688209622977623e-03
1.323000000000000000e+04 2.504985104263636408e+00 6.359654881590782322e-03
1.326000000000000000e+04 2.504990473676389495e+00 6.348762962776741126e-03
1.329000000000000000e+04 2.504660588849624503e+00 6.368631723453156354e-03
1.332000000000000000e+04 2.504610596448983095e+00 6.437643422542346436e-03
1.335000000000000000e+04 2.504217593416722565e+00 6.440342189360052753e-03
1.338000000000000000e+04 2.504227578442048241e+00 6.415378049375086711e-03
1.341000000000000000e+04 2.504280426025442097e+00 6.465669017632965677e-03
1.344000000000000000e+04 2.503833702698015085e+00 6.454396682749686913e-03
1.347000000000000000e+04 2.503537186504181555e+00 6.485435698565681327e-03
1.350000000000000000e+04 2.503893425678162199e+00 6.503245124511860403e-03
1.353000000000000000e+04 2.503475728338175887e+00 6.570529597862390103e-03
1.356000000000000000e+04 2.503529011668439441e+00 6.533910763874242050e-03
1.359000000000000000e+04 2.503047619146078873e+00 6.645081227776787614e-03
1.362000000000000000e+04 2.503213687058176706e+00 6.681915567909113042e-03
1.365000000000000000e+04 2.503365774761463047e+00 6.679714092065397631e-03
1.368000000000000000e+04 2.503460849531007337e+00 6.617820631900606446e-03
1.371000000000000000e+04 2.503437784598571803e+00 6.535983669542401106e-03
1.374000000000000000e+04 2.503184518790079416e+00 6.566349772808599203e-03
1.377000000000000000e+04 2.503496602621831268e+00 6.593554240334103048e-03
1.380000000000000000e+04 2.503429490709080607e+00 6.615293579523305600e-03
1.383000000000000000e+04 2.504024603266942428e+00 6.611377766863582063e-03
1.386000000000000000e+04 2.503724632489713553e+00 6.586835521888242777e-03
1.389000000000000000e+04 2.503992953478225925e+00 6.569677502387259727e-03
1.392000000000000000e+04 2.503614534123629554e+00 6.465232818192576635e-03
1.395000000000000000e+04 2.503388973461786904e+00 6.478632079254697217e-03
1.398000000000000000e+04 2.502965600191636497e+00 6.570324505870714892e-03
1.401000000000000000e+04 2.502775178791021737e+00 6.612081536937563543e-03
1.404000000000000000e+04 2.502860898637735865e+00 6.604470601656184381e-03
1.407000000000000000e+04 2.502993488794962751e+00 6.622601986679019399e-03
1.410000000000000000e+04 2.502898910800827270e+00 6.582689746712845277e-03
1.413000000000000000e+04 2.502810345520421809e+00 6.680170522375070315e-03
1.416000000000000000e+04 2.502916354636496976e+00 6.791140489625193885e-03
1.419000000000000000e+04 2.503016480295507940e+00 6.860526586076462138e-03
1.422000000000000000e+04 2.503072299825902292e+00 6.923028767637240573e-03
1.425000000000000000e+04 2.502808983152361666e+00 6.884261053748361690e-03
1.428000000000000000e+04 2.502443729704666442e+00 6.850664908078654171e-03
1.431000000000000000e+04 2.502685273344649186e+00 6.885417381630337154e-03
1.434000000000000000e+04 2.502784140514171085e+00 6.760508695365377400e-03
1.437000000000000000e+04 2.502095464910254474e+00 6.708785438179949885e-03
1.440000000000000000e+04 2.501564920088310551e+00 6.709076472349618202e-03
1.443000000000000000e+04 2.501239011946081447e+00 6.787822507466768907e-03
1.446000000000000000e+04 2.501420625193910841e+00 6.782403252832156469e-03
1.449000000000000000e+04 2.501093815959634981e+00 6.804223116223656435e-03
1.452000000000000000e+04 2.500844880519496272e+00 6.745847965283716802e-03
1.455000000000000000e+04 2.501473528857508288e+00 6.699629003456087327e-03
1.458000000000000000e+04 2.501406794998645822e+00 6.769519870871008003e-03
1.461000000000000000e+04 2.500935447316377402e+00 6.634216283186854246e-03
1.464000000000000000e+04 2.500909773083288545e+00 6.641545606257021582e-03
1.467000000000000000e+04 2.501222968967743210e+00 6.690728217265093890e-03
1.470000000000000000e+04 2.501577088841206997e+00 6.647519665087207701e-03
1.473000000000000000e+04 2.501970655737848492e+00 6.691599834681969707e-03
1.476000000000000000e+04 2.502379625286468734e+00 6.584128729900946830e-03
1.479000000000000000e+04 2.502618521513725547e+00 6.516597478848468530e-03
1.482000000000000000e+04 2.502674556864821653e+00 6.549703626777019644e-03
1.485000000000000000e+04 2.502676349072794348e+00 6.570569229431602251e-03
1.488000000000000000e+04 2.502795436865245193e+00 6.521762301540377262e-03
1.491000000000000000e+04 2.503030876753952416e+00 6.620647726896879831e-03
1.494000000000000000e+04 2.503360421273790326e+00 6.632707847919479260e-03
1.497000000000000000e+04 2.503518523635869908e+00 6.668749794028610949e-03
1.500000000000000000e+04 2.503784164354670772e+00 6.743202492981326124e-03
