# # n, sigma
3.000000000000000000e+01 2.939134726180353763e+00 2.368613308537828865e-01
6.000000000000000000e+01 2.919681563426551829e+00 1.565131267037420948e-01
9.000000000000000000e+01 4.382725397658279398e+00 5.023815489320006655e+00
1.200000000000000000e+02 2.506662470624053007e+00 9.035375316482599506e-02
1.500000000000000000e+02 2.502770718111532400e+00 6.612063736689779980e-02
1.800000000000000000e+02 2.535724489759602296e+00 6.512066760301064849e-02
2.100000000000000000e+02 2.506843745133498391e+00 5.511006737490790203e-02
2.400000000000000000e+02 2.502358723019076692e+00 6.186541852853525564e-02
2.700000000000000000e+02 2.506711649220429106e+00 6.526227829608431674e-02
3.000000000000000000e+02 3.433466930477508949e+00 1.027873037807415790e-01
3.300000000000000000e+02 2.513526545096292697e+00 5.271001745365105906e-02
3.600000000000000000e+02 2.521109915022745174e+00 4.722593213129330086e-02
3.900000000000000000e+02 2.536537601304480027e+00 4.221467653007797416e-02
4.200000000000000000e+02 2.526928246018727009e+00 4.028008798674876517e-02
4.500000000000000000e+02 2.519620152738706764e+00 4.237063334859569180e-02
4.800000000000000000e+02 2.513983843976631327e+00 3.815030334107742671e-02
5.100000000000000000e+02 2.512356779811958152e+00 3.769268762759922509e-02
5.400000000000000000e+02 2.506576829133458695e+00 3.757748563847300438e-02
5.700000000000000000e+02 2.507280147031615058e+00 3.674922904794268586e-02
6.000000000000000000e+02 2.511123303177793087e+00 3.714641012367275730e-02
6.300000000000000000e+02 2.510340014271396303e+00 3.476960799665333723e-02
6.600000000000000000e+02 2.504938430746546985e+00 3.104919541489023493e-02
6.900000000000000000e+02 2.496884698247535450e+00 2.875004584996715754e-02
7.200000000000000000e+02 2.500692003118356599e+00 3.037388692116626751e-02
7.500000000000000000e+02 2.509663393007017351e+00 3.057790105782489179e-02
7.800000000000000000e+02 2.509026471064756958e+00 3.146779424381002110e-02
8.100000000000000000e+02 2.517456627463797947e+00 3.048970705432383146e-02
8.400000000000000000e+02 2.522567550002934755e+00 2.991613006725634891e-02
8.700000000000000000e+02 2.519575619740866301e+00 2.871526770648954313e-02
9.000000000000000000e+02 2.524825676456662560e+00 2.744284265301710421e-02
9.300000000000000000e+02 2.523012875348551454e+00 2.728904451235297096e-02
9.600000000000000000e+02 2.528821888020513331e+00 2.711919220512770679e-02
9.900000000000000000e+02 2.532063230802349629e+00 2.625454187928872446e-02
1.020000000000000000e+03 2.531384624362590152e+00 2.623978394816515666e-02
1.050000000000000000e+03 2.534419737678692552e+00 2.588531797275182150e-02
1.080000000000000000e+03 2.531905916959325431e+00 2.530795939256485008e-02
1.110000000000000000e+03 2.532649886600550904e+00 2.587106173314922611e-02
1.140000000000000000e+03 2.534883607325264077e+00 2.558982690168567706e-02
1.170000000000000000e+03 2.535278815398901653e+00 2.489228638149341630e-02
1.200000000000000000e+03 2.531889881645499329e+00 2.531968590197356678e-02
1.230000000000000000e+03 2.529770540090873432e+00 2.485277706081901600e-02
1.260000000000000000e+03 2.531893771643441760e+00 2.427423792488976953e-02
1.290000000000000000e+03 2.532278363450733316e+00 2.334585165872200829e-02
1.320000000000000000e+03 2.526080682747275485e+00 2.288800093156970542e-02
1.350000000000000000e+03 2.524818128272312556e+00 2.317787828565388147e-02
1.380000000000000000e+03 2.529337479464328187e+00 2.328826974906787056e-02
1.410000000000000000e+03 2.530104239302951363e+00 2.333503650517534944e-02
1.440000000000000000e+03 2.527675362001463810e+00 2.306988392970095100e-02
1.470000000000000000e+03 2.526785196332879124e+00 2.370686711602821087e-02
1.500000000000000000e+03 2.527699882416587052e+00 2.296854181345403881e-02
1.530000000000000000e+03 2.528585977105563654e+00 2.396870682932958352e-02
1.560000000000000000e+03 2.526278919077789897e+00 2.337277461295564004e-02
1.590000000000000000e+03 2.523134789021332036e+00 2.332330486253123003e-02
1.620000000000000000e+03 2.527685706915334674e+00 2.389016788812764816e-02
1.650000000000000000e+03 2.523770286569208654e+00 2.363578404233811214e-02
1.680000000000000000e+03 2.521218351436032012e+00 2.402567723640853734e-02
1.710000000000000000e+03 2.517402516214127584e+00 2.389899793425695126e-02
1.740000000000000000e+03 2.516011079979659115e+00 2.322606298248185500e-02
1.770000000000000000e+03 2.513845240344348309e+00 2.237979033438194237e-02
1.800000000000000000e+03 2.515533885391815438e+00 2.339498665436114816e-02
1.830000000000000000e+03 2.517417680498452270e+00 2.365610462941685962e-02
1.860000000000000000e+03 2.514892353617178333e+00 2.313041771597309018e-02
1.890000000000000000e+03 2.513308587018165507e+00 2.251873632353665333e-02
1.920000000000000000e+03 2.516330124490528508e+00 2.165402724053369296e-02
1.950000000000000000e+03 2.517067437683644826e+00 2.118708366840920537e-02
1.980000000000000000e+03 2.515665387648999829e+00 2.045275778001993949e-02
2.010000000000000000e+03 2.512865006654165345e+00 1.993017305973290507e-02
2.040000000000000000e+03 2.511835618184974805e+00 1.928404372342187867e-02
2.070000000000000000e+03 2.512384557138580554e+00 1.878126751842741984e-02
2.100000000000000000e+03 2.511840358076760094e+00 1.843268937036476873e-02
2.130000000000000000e+03 2.509680638286568843e+00 1.841260243290170420e-02
2.160000000000000000e+03 2.512208221499848015e+00 1.862324401001539190e-02
2.190000000000000000e+03 2.513126971670936793e+00 1.897239304377709018e-02
2.220000000000000000e+03 2.515183555095486856e+00 1.857720815148533947e-02
2.250000000000000000e+03 2.516384229001760620e+00 1.862146345846037165e-02
2.280000000000000000e+03 2.517379561420549194e+00 1.861935839418154409e-02
2.310000000000000000e+03 2.517280087279776257e+00 1.889331921644076678e-02
2.340000000000000000e+03 2.516715034716436872e+00 1.863214620003457098e-02
2.370000000000000000e+03 2.515558606886401538e+00 1.785661993166934303e-02
2.400000000000000000e+03 2.516091493517044864e+00 1.790764542578543797e-02
2.430000000000000000e+03 2.513331998869705597e+00 1.766404793740207479e-02
2.460000000000000000e+03 2.513583968384024647e+00 1.763664141872583677e-02
2.490000000000000000e+03 2.514141898279754983e+00 1.700516086710177760e-02
2.520000000000000000e+03 2.517054667994227835e+00 1.633096599211930622e-02
2.550000000000000000e+03 2.519477560832069862e+00 1.670367562376449261e-02
2.580000000000000000e+03 2.519121881132406759e+00 1.687709250060919972e-02
2.610000000000000000e+03 2.516422185822617230e+00 1.649407701537765336e-02
2.640000000000000000e+03 2.514619472911661990e+00 1.640981742320025624e-02
2.670000000000000000e+03 2.513689322631545320e+00 1.596067791972621830e-02
2.700000000000000000e+03 2.513507057861492200e+00 1.619281535555503262e-02
2.730000000000000000e+03 2.514226279476846848e+00 1.631386150853608372e-02
2.760000000000000000e+03 2.514471825620963941e+00 1.614238537164564002e-02
2.790000000000000000e+03 2.515522127090435767e+00 1.635268194379446705e-02
2.820000000000000000e+03 2.513191185059890032e+00 1.645222891206687271e-02
2.850000000000000000e+03 2.512428914452836892e+00 1.613690242960087382e-02
2.880000000000000000e+03 2.512145208347526193e+00 1.606276706973117779e-02
2.910000000000000000e+03 2.512547099708429599e+00 1.594422316071625670e-02
2.940000000000000000e+03 2.512768957219434718e+00 1.555339443805767857e-02
2.970000000000000000e+03 2.512002252815911163e+00 1.516501446450237156e-02
3.000000000000000000e+03 2.513096344947969740e+00 1.506099142001945945e-02
3.030000000000000000e+03 2.513117720935057253e+00 1.487145515823980364e-02
3.060000000000000000e+03 2.512444123703765353e+00 1.459407801128278191e-02
3.090000000000000000e+03 2.511320235701535175e+00 1.519909260986980482e-02
3.120000000000000000e+03 2.511715002455259693e+00 1.527887430270578190e-02
3.150000000000000000e+03 2.510920873653734287e+00 1.465842025406473466e-02
3.180000000000000000e+03 2.509847464779804138e+00 1.427357538946747058e-02
3.210000000000000000e+03 2.508947230334969802e+00 1.411954767092963095e-02
3.240000000000000000e+03 2.509795668590272921e+00 1.411802071396319955e-02
3.270000000000000000e+03 2.509822565268484684e+00 1.447522782343529935e-02
3.300000000000000000e+03 2.509654307442211962e+00 1.413212184104281795e-02
3.330000000000000000e+03 2.508049981254858007e+00 1.426893937489188274e-02
3.360000000000000000e+03 2.508952910633853506e+00 1.445642929744336488e-02
3.390000000000000000e+03 2.508439905690073246e+00 1.445395765741918498e-02
3.420000000000000000e+03 2.509403248937351893e+00 1.448258116759211338e-02
3.450000000000000000e+03 2.508414727844859193e+00 1.436884839853297402e-02
3.480000000000000000e+03 2.507765364994450685e+00 1.389861587859015681e-02
3.510000000000000000e+03 2.507608427806614859e+00 1.360588967527541666e-02
3.540000000000000000e+03 2.508739393992172939e+00 1.391453326049459441e-02
3.570000000000000000e+03 2.508876725424704190e+00 1.386618111583827473e-02
3.600000000000000000e+03 2.507416452302253518e+00 1.413428645015541406e-02
3.630000000000000000e+03 2.508843381733875333e+00 1.418611220123738165e-02
3.660000000000000000e+03 2.510477299142078067e+00 1.408545312375811959e-02
3.690000000000000000e+03 2.511004212900258548e+00 1.366216058974101255e-02
3.720000000000000000e+03 2.510736753939457611e+00 1.364162471275336824e-02
3.750000000000000000e+03 2.511456646781567770e+00 1.404746064453300802e-02
3.780000000000000000e+03 2.512016315118123178e+00 1.414175345297148320e-02
3.810000000000000000e+03 2.511745860726191104e+00 1.402361402292188162e-02
3.840000000000000000e+03 2.511246738905451359e+00 1.398778030961043799e-02
3.870000000000000000e+03 2.509763257622139587e+00 1.394376774540929780e-02
3.900000000000000000e+03 2.509363795184755830e+00 1.417873670284010984e-02
3.930000000000000000e+03 2.510717004481830106e+00 1.425274903373865976e-02
3.960000000000000000e+03 2.509669760717413212e+00 1.432828455092434623e-02
3.990000000000000000e+03 2.508513886099225765e+00 1.420502942581402042e-02
4.020000000000000000e+03 2.509586788639773580e+00 1.406486653895764466e-02
4.050000000000000000e+03 2.508998847733349802e+00 1.406126207910121141e-02
4.080000000000000000e+03 2.509300230362626394e+00 1.409217543891084189e-02
4.110000000000000000e+03 2.510335701193693758e+00 1.423646469826996344e-02
4.140000000000000000e+03 2.510533277116496986e+00 1.441205683800110722e-02
4.170000000000000000e+03 2.512255978091301856e+00 1.426227054773416408e-02
4.200000000000000000e+03 2.512597481741764227e+00 1.416978397789149871e-02
4.230000000000000000e+03 2.512160760589202013e+00 1.438927230115696725e-02
4.260000000000000000e+03 2.512809191393441832e+00 1.416885067320186424e-02
4.290000000000000000e+03 2.511765198902027763e+00 1.451829824348554836e-02
4.320000000000000000e+03 2.513182295408778799e+00 1.498231559220462167e-02
4.350000000000000000e+03 2.512741454871886493e+00 1.498240414950709892e-02
4.380000000000000000e+03 2.513519515359722512e+00 1.495739467504368994e-02
4.410000000000000000e+03 2.512574013254277538e+00 1.462784223719846600e-02
4.440000000000000000e+03 2.513086585249877825e+00 1.485771516569724983e-02
4.470000000000000000e+03 2.511820027288800272e+00 1.461498073709976454e-02
4.500000000000000000e+03 2.511821440333960265e+00 1.443229502683872172e-02
4.530000000000000000e+03 2.511870331827772862e+00 1.393535677530843668e-02
4.560000000000000000e+03 2.511941511714604225e+00 1.373177892475177693e-02
4.590000000000000000e+03 2.511935883915519696e+00 1.368497436420493263e-02
4.620000000000000000e+03 2.512169493204237103e+00 1.359810314219796895e-02
4.650000000000000000e+03 2.512266281813334778e+00 1.343822291391952133e-02
4.680000000000000000e+03 2.512442162321896433e+00 1.350735730875624908e-02
4.710000000000000000e+03 2.512787883847663384e+00 1.384601603765080180e-02
4.740000000000000000e+03 2.512923593518628262e+00 1.385383651945564822e-02
4.770000000000000000e+03 2.511383663761717511e+00 1.363893338710377504e-02
4.800000000000000000e+03 2.511148706315029955e+00 1.387920633188408082e-02
4.830000000000000000e+03 2.510321733309456071e+00 1.361806145945831763e-02
4.860000000000000000e+03 2.511799281402128603e+00 1.341258589223913097e-02
4.890000000000000000e+03 2.511823169271024447e+00 1.339252088683411807e-02
4.920000000000000000e+03 2.511725558911489742e+00 1.310340381949442155e-02
4.950000000000000000e+03 2.513196083694227756e+00 1.305959162103569396e-02
4.980000000000000000e+03 2.513218800368646200e+00 1.280925218594439023e-02
5.010000000000000000e+03 2.512949991722369436e+00 1.297947044795828148e-02
5.040000000000000000e+03 2.513320590251383102e+00 1.289081470482452731e-02
5.070000000000000000e+03 2.512855164042312239e+00 1.298595799763786404e-02
5.100000000000000000e+03 2.513262641761421445e+00 1.283456289469071636e-02
5.130000000000000000e+03 2.513369751210401404e+00 1.288708853234097999e-02
5.160000000000000000e+03 2.513649289099185502e+00 1.272170898531009911e-02
5.190000000000000000e+03 2.514442727704989888e+00 1.285442612952448528e-02
5.220000000000000000e+03 2.514449376181926432e+00 1.260630618564789751e-02
5.250000000000000000e+03 2.514142402655794140e+00 1.281218566930094997e-02
5.280000000000000000e+03 2.514763195408474594e+00 1.279747383346624065e-02
5.310000000000000000e+03 2.514426552444705365e+00 1.262823211010715221e-02
5.340000000000000000e+03 2.514162625389773531e+00 1.241416868663417460e-02
5.370000000000000000e+03 2.513765647082465637e+00 1.238686672743614242e-02
5.400000000000000000e+03 2.513430093146104216e+00 1.247033936053286614e-02
5.430000000000000000e+03 2.513092064485384913e+00 1.271920955728439960e-02
5.460000000000000000e+03 2.513001683803538722e+00 1.243565568281231916e-02
5.490000000000000000e+03 2.513162993474727713e+00 1.227752534109028716e-02
5.520000000000000000e+03 2.513685110134253886e+00 1.215558466066896277e-02
5.550000000000000000e+03 2.514313705238101715e+00 1.208698498724160124e-02
5.580000000000000000e+03 2.514481951159647011e+00 1.228108962776344737e-02
5.610000000000000000e+03 2.514316960578077076e+00 1.233359162409454479e-02
5.640000000000000000e+03 2.514760351442446140e+00 1.255526379288614790e-02
5.670000000000000000e+03 2.514839296006626590e+00 1.235735989065411475e-02
5.700000000000000000e+03 2.514234463525696128e+00 1.222246574122333451e-02
5.730000000000000000e+03 2.513232648998223073e+00 1.220973153453691618e-02
5.760000000000000000e+03 2.513742417640869142e+00 1.202079663151982281e-02
5.790000000000000000e+03 2.513897533229317194e+00 1.211776846941691431e-02
5.820000000000000000e+03 2.513468486761128329e+00 1.196193005742511237e-02
5.850000000000000000e+03 2.513748477424546213e+00 1.200758900337568595e-02
5.880000000000000000e+03 2.513730453226942441e+00 1.183155676185255849e-02
5.910000000000000000e+03 2.513213160057798490e+00 1.179396835473969438e-02
5.940000000000000000e+03 2.512533292303603449e+00 1.157758303987031084e-02
5.970000000000000000e+03 2.512401169966261172e+00 1.158336692635288621e-02
6.000000000000000000e+03 2.513443042340746558e+00 1.172187908528543598e-02
6.030000000000000000e+03 2.514140644087580423e+00 1.200166987384206595e-02
6.060000000000000000e+03 2.515153908392262494e+00 1.219247630838256845e-02
6.090000000000000000e+03 2.515157317764602940e+00 1.204597673691176415e-02
6.120000000000000000e+03 2.514427122637317158e+00 1.195215362707324931e-02
6.150000000000000000e+03 2.513664587221485114e+00 1.181981189950536901e-02
6.180000000000000000e+03 2.513560741613673155e+00 1.149378789273577256e-02
6.210000000000000000e+03 2.514097128749853471e+00 1.143283663708202086e-02
6.240000000000000000e+03 2.515259171697775908e+00 1.162122085739444866e-02
6.270000000000000000e+03 2.515585520210342541e+00 1.170112881561430340e-02
6.300000000000000000e+03 2.515900351079037645e+00 1.156938098957774157e-02
6.330000000000000000e+03 2.513969811032350954e+00 1.122374420564973586e-02
6.360000000000000000e+03 2.513493016494123822e+00 1.120212596190667959e-02
6.390000000000000000e+03 2.513317868661948395e+00 1.111367843210727194e-02
6.420000000000000000e+03 2.513756663356223164e+00 1.102338912050240642e-02
6.450000000000000000e+03 2.513571827335726372e+00 1.106604904099267594e-02
6.480000000000000000e+03 2.514299163981491780e+00 1.097697397509113555e-02
6.510000000000000000e+03 2.514091954180158073e+00 1.075335866008454537e-02
6.540000000000000000e+03 2.514890685746529631e+00 1.050817041979954826e-02
6.570000000000000000e+03 2.515206778773077190e+00 1.061504995638894687e-02
6.600000000000000000e+03 2.515376876281697260e+00 1.051625583855181692e-02
6.630000000000000000e+03 2.515848095341302493e+00 1.049714634015195582e-02
6.660000000000000000e+03 2.516574848302598255e+00 1.053644868977306540e-02
6.690000000000000000e+03 2.515581229147490383e+00 1.034682537607785162e-02
6.720000000000000000e+03 2.515275071097478943e+00 1.041494038590854744e-02
6.750000000000000000e+03 2.515752711219728877e+00 1.033874508437341959e-02
6.780000000000000000e+03 2.515601868056782653e+00 1.009049942867639403e-02
6.810000000000000000e+03 2.516371683782993696e+00 1.004283458186465590e-02
6.840000000000000000e+03 2.516888974412847535e+00 9.749913137397460405e-03
6.870000000000000000e+03 2.517182783098032228e+00 9.628449157477075512e-03
6.900000000000000000e+03 2.516546665606986810e+00 9.595303472057375299e-03
6.930000000000000000e+03 2.515785985794439128e+00 9.786512273814563720e-03
6.960000000000000000e+03 2.516409641684018705e+00 9.798031867211383014e-03
6.990000000000000000e+03 2.516432236443840953e+00 9.858691931774058240e-03
7.020000000000000000e+03 2.516341478779284380e+00 9.864829927683799876e-03
7.050000000000000000e+03 2.515643099800896731e+00 9.957246748529584995e-03
7.080000000000000000e+03 2.515959576084929594e+00 9.845233575387695932e-03
7.110000000000000000e+03 2.516484509259197200e+00 9.727379223882851034e-03
7.140000000000000000e+03 2.516914678091760837e+00 9.847794268316382993e-03
7.170000000000000000e+03 2.516944310095153181e+00 9.713992874119028315e-03
7.200000000000000000e+03 2.516230569259092498e+00 9.882995274475321265e-03
7.230000000000000000e+03 2.516107242711618230e+00 9.984236982834144430e-03
7.260000000000000000e+03 2.516067864291129386e+00 9.713352964929779926e-03
7.290000000000000000e+03 2.515284484155616340e+00 9.923190150668682527e-03
7.320000000000000000e+03 2.515110002578337944e+00 9.878626940476809004e-03
7.350000000000000000e+03 2.514209716497930014e+00 9.825012522654608116e-03
7.380000000000000000e+03 2.514259705743818962e+00 9.807498794285744378e-03
7.410000000000000000e+03 2.514381047793300183e+00 9.773250813383696153e-03
7.440000000000000000e+03 2.513921260744933495e+00 9.849401263353260022e-03
7.470000000000000000e+03 2.513993570888660489e+00 9.986795870042168219e-03
7.500000000000000000e+03 2.513127952807707288e+00 9.900618961611736338e-03
7.530000000000000000e+03 2.514412515232540279e+00 9.896507125610305711e-03
7.560000000000000000e+03 2.515052846671864462e+00 9.959309109399768281e-03
7.590000000000000000e+03 2.514650342683621975e+00 9.867150247001615221e-03
7.620000000000000000e+03 2.513653321149352138e+00 9.859941322920938792e-03
7.650000000000000000e+03 2.512608612128136798e+00 9.775954856617957017e-03
7.680000000000000000e+03 2.513028235500955443e+00 9.925695780909366689e-03
7.710000000000000000e+03 2.513842983119143337e+00 9.906576467347081444e-03
7.740000000000000000e+03 2.513485445061801382e+00 9.937415959601731200e-03
7.770000000000000000e+03 2.513329554428329615e+00 9.973970285495107127e-03
7.800000000000000000e+03 2.512977235769222162e+00 1.002510436647100454e-02
7.830000000000000000e+03 2.511682319136606889e+00 9.892317503474620799e-03
7.860000000000000000e+03 2.511425818163429469e+00 9.915256411898018193e-03
7.890000000000000000e+03 2.511255379594192760e+00 9.911639020587628690e-03
7.920000000000000000e+03 2.510992137958910853e+00 9.744109827453164077e-03
7.950000000000000000e+03 2.511009433637365174e+00 9.751524497841465230e-03
7.980000000000000000e+03 2.511331088215894791e+00 9.830011653998920601e-03
8.010000000000000000e+03 2.510825852524436019e+00 9.894742171474265116e-03
8.040000000000000000e+03 2.510346977468835838e+00 9.697405267659000086e-03
8.070000000000000000e+03 2.510863317679510764e+00 9.539025044420857205e-03
8.100000000000000000e+03 2.511534730024249207e+00 9.526764302831376360e-03
8.130000000000000000e+03 2.512458604632526793e+00 9.518678960089503593e-03
8.160000000000000000e+03 2.512908600232554690e+00 9.407093765421235126e-03
8.190000000000000000e+03 2.512860820665575812e+00 9.488736147190014736e-03
8.220000000000000000e+03 2.512766499679746079e+00 9.534014386151833109e-03
8.250000000000000000e+03 2.513179927372100941e+00 9.390293681998918354e-03
8.280000000000000000e+03 2.513566774786887503e+00 9.307879258964172828e-03
8.310000000000000000e+03 2.513250124558065846e+00 9.281463064041071270e-03
8.340000000000000000e+03 2.512497690132049932e+00 9.134185236830405508e-03
8.370000000000000000e+03 2.512014924089884360e+00 8.977907409142775463e-03
8.400000000000000000e+03 2.511906469933854247e+00 8.902150976833016552e-03
8.430000000000000000e+03 2.511560165036275105e+00 8.979128739300219417e-03
8.460000000000000000e+03 2.511470228610334754e+00 8.878849446542672053e-03
8.490000000000000000e+03 2.512098347969409229e+00 9.069947487323678018e-03
8.520000000000000000e+03 2.512111001130783450e+00 9.017437858289340316e-03
8.550000000000000000e+03 2.512109562363043391e+00 8.843771921484677029e-03
8.580000000000000000e+03 2.511937784540769325e+00 8.862458520036106333e-03
8.610000000000000000e+03 2.512695997283250549e+00 8.916895375818667188e-03
8.640000000000000000e+03 2.512424354095152967e+00 8.998183543571517534e-03
8.670000000000000000e+03 2.512443752177014655e+00 8.913902508086631385e-03
8.700000000000000000e+03 2.512135080980961721e+00 8.949179904664089982e-03
8.730000000000000000e+03 2.511766284075016564e+00 9.000467850523795332e-03
8.760000000000000000e+03 2.512779604993303550e+00 9.064701680490585417e-03
8.790000000000000000e+03 2.512618307997802614e+00 8.896192895860645031e-03
8.820000000000000000e+03 2.511904725117579673e+00 9.131667720584079814e-03
8.850000000000000000e+03 2.511951240389169726e+00 9.177175607636601715e-03
8.880000000000000000e+03 2.512458518246054595e+00 9.061048971882257330e-03
8.910000000000000000e+03 2.512126271058546578e+00 9.025480897812666881e-03
8.940000000000000000e+03 2.512491318153911024e+00 8.930866451952479759e-03
8.970000000000000000e+03 2.512597785939988615e+00 8.909260714283264923e-03
9.000000000000000000e+03 2.512999748062251903e+00 8.746221837589199591e-03
9.030000000000000000e+03 2.512380638335115268e+00 8.799779184322341005e-03
9.060000000000000000e+03 2.512513832456269469e+00 8.795083215997112971e-03
9.090000000000000000e+03 2.511981569149714488e+00 8.800389863477624947e-03
9.120000000000000000e+03 2.512377294596464861e+00 8.932718053608458900e-03
9.150000000000000000e+03 2.512275429331089160e+00 8.908316616536285024e-03
9.180000000000000000e+03 2.512073171452211984e+00 8.864594195734104218e-03
9.210000000000000000e+03 2.512660001146286959e+00 8.837661900013000019e-03
9.240000000000000000e+03 2.512431073546697924e+00 8.922719963825152464e-03
9.270000000000000000e+03 2.511733329181962571e+00 8.852643567203399150e-03
9.300000000000000000e+03 2.511575262749016435e+00 8.861841436979045472e-03
9.330000000000000000e+03 2.511513238510236778e+00 8.810167267852039852e-03
9.360000000000000000e+03 2.511379550262696547e+00 8.838619844790562841e-03
9.390000000000000000e+03 2.512122259369417243e+00 8.783803182610289487e-03
9.420000000000000000e+03 2.512303693275681038e+00 8.631345342506526949e-03
9.450000000000000000e+03 2.511735888596602795e+00 8.545439230148818566e-03
9.480000000000000000e+03 2.511682194913687383e+00 8.565829156225003918e-03
9.510000000000000000e+03 2.511871624971572459e+00 8.464225093519147855e-03
9.540000000000000000e+03 2.511571766864874267e+00 8.607991280172944473e-03
9.570000000000000000e+03 2.511781745374368491e+00 8.569367353325784906e-03
9.600000000000000000e+03 2.511622960256569392e+00 8.713615722327171242e-03
9.630000000000000000e+03 2.511714505820588084e+00 8.748564378547537407e-03
9.660000000000000000e+03 2.512223073188347922e+00 8.705319208968916381e-03
9.690000000000000000e+03 2.511740111858869362e+00 8.643795437062817485e-03
9.720000000000000000e+03 2.512127687398144182e+00 8.667121974834050141e-03
9.750000000000000000e+03 2.512696064131545892e+00 8.854997110348341444e-03
9.780000000000000000e+03 2.512876669284418885e+00 8.751530208218649340e-03
9.810000000000000000e+03 2.513050721759690020e+00 8.727796978181705245e-03
9.840000000000000000e+03 2.512652822346275183e+00 8.750171811762132504e-03
9.870000000000000000e+03 2.512728775769230705e+00 8.809863012152040901e-03
9.900000000000000000e+03 2.513060672135645657e+00 8.811473229240399455e-03
9.930000000000000000e+03 2.512668354903846879e+00 8.849408085068026855e-03
9.960000000000000000e+03 2.513233615776635510e+00 8.854025843994828629e-03
9.990000000000000000e+03 2.512667824496141566e+00 8.902548918329521513e-03
1.002000000000000000e+04 2.512816057838944683e+00 8.810648140756488847e-03
1.005000000000000000e+04 2.512723742078917244e+00 8.766519585969348091e-03
1.008000000000000000e+04 2.513103433193857317e+00 8.797902916362397227e-03
1.011000000000000000e+04 2.513085430602892689e+00 8.713044770133102773e-03
1.014000000000000000e+04 2.512892346969581414e+00 8.732579990701984721e-03
1.017000000000000000e+04 2.512117000116159460e+00 8.781769059555669457e-03
1.020000000000000000e+04 2.512198474380086033e+00 8.840231965620124269e-03
1.023000000000000000e+04 2.512285036665290683e+00 8.678052164391334214e-03
1.026000000000000000e+04 2.512021278601702878e+00 8.595021526414533056e-03
1.029000000000000000e+04 2.511979383494640672e+00 8.498075799414316761e-03
1.032000000000000000e+04 2.512148090636076248e+00 8.475215535443976836e-03
1.035000000000000000e+04 2.512126337711237500e+00 8.532621033141129380e-03
1.038000000000000000e+04 2.512640523441964646e+00 8.527500856668686000e-03
1.041000000000000000e+04 2.512872217949216669e+00 8.450895779654450310e-03
1.044000000000000000e+04 2.513562831243529416e+00 8.452456755572422889e-03
1.047000000000000000e+04 2.512977226071049675e+00 8.437928539203685963e-03
1.050000000000000000e+04 2.512738914535317392e+00 8.424035794459218754e-03
1.053000000000000000e+04 2.512711895035838694e+00 8.391801130705393505e-03
1.056000000000000000e+04 2.512477154843390625e+00 8.302942685809090728e-03
1.059000000000000000e+04 2.512440815347312117e+00 8.211139129820251015e-03
1.062000000000000000e+04 2.512944175534414182e+00 8.208803131135380959e-03
1.065000000000000000e+04 2.513626515204169909e+00 8.224309161339657739e-03
1.068000000000000000e+04 2.513679932058887179e+00 8.240311696243132755e-03
1.071000000000000000e+04 2.513685895101159140e+00 8.157043481828187698e-03
1.074000000000000000e+04 2.513638547554392755e+00 8.115771837573020411e-03
1.077000000000000000e+04 2.513560139620472977e+00 8.234242596396294453e-03
1.080000000000000000e+04 2.513466427710516982e+00 8.247666674993006652e-03
1.083000000000000000e+04 2.513154146811015899e+00 8.211210669368793069e-03
1.086000000000000000e+04 2.513627141949708932e+00 8.298305163235172519e-03
1.089000000000000000e+04 2.513899821528761791e+00 8.010003827190638817e-03
1.092000000000000000e+04 2.514259289513086415e+00 7.841640052195442828e-03
1.095000000000000000e+04 2.514448192840441187e+00 7.770110159286250200e-03
1.098000000000000000e+04 2.514684422003152342e+00 7.809462372063750123e-03
1.101000000000000000e+04 2.514703277330783138e+00 7.743115531432028659e-03
1.104000000000000000e+04 2.513832371069200100e+00 7.680791992968001407e-03
1.107000000000000000e+04 2.513586110096719839e+00 7.780093855573250346e-03
1.110000000000000000e+04 2.513926125222528452e+00 7.789490685274474795e-03
1.113000000000000000e+04 2.514348270448124367e+00 7.804336469663243452e-03
1.116000000000000000e+04 2.514049127333115585e+00 7.728413331335485040e-03
1.119000000000000000e+04 2.513823088023205532e+00 7.612562265117777359e-03
1.122000000000000000e+04 2.513921687044678777e+00 7.611426021729787370e-03
1.125000000000000000e+04 2.513788233376536230e+00 7.769610029099520247e-03
1.128000000000000000e+04 2.513540580822476667e+00 7.763631470456712654e-03
1.131000000000000000e+04 2.513741432595911984e+00 7.830001475019368953e-03
1.134000000000000000e+04 2.514367770670090874e+00 7.850367198700821877e-03
1.137000000000000000e+04 2.514396486122197238e+00 7.811090455486302021e-03
1.140000000000000000e+04 2.514484673025512596e+00 7.751766258171998748e-03
1.143000000000000000e+04 2.514715853202076357e+00 7.810759322093478209e-03
1.146000000000000000e+04 2.515164944169496319e+00 7.818642446492557116e-03
1.149000000000000000e+04 2.515215029855379925e+00 7.773891358405582777e-03
1.152000000000000000e+04 2.515337332912520818e+00 7.768451848259807883e-03
1.155000000000000000e+04 2.515660131449299897e+00 7.769696368227893037e-03
1.158000000000000000e+04 2.515729053988668973e+00 7.719613454780408814e-03
1.161000000000000000e+04 2.515850603132540719e+00 7.767175611501237961e-03
1.164000000000000000e+04 2.515764791222951491e+00 7.729407249070805418e-03
1.167000000000000000e+04 2.515809303801828101e+00 7.666649013745209171e-03
1.170000000000000000e+04 2.515903323333300357e+00 7.789068273680804268e-03
1.173000000000000000e+04 2.515834187326383198e+00 7.656638573569916721e-03
1.176000000000000000e+04 2.516028567275662819e+00 7.643747096102125604e-03
1.179000000000000000e+04 2.516015085103431748e+00 7.713611639425352502e-03
1.182000000000000000e+04 2.515797669417787041e+00 7.668180645277922376e-03
1.185000000000000000e+04 2.515870534522734125e+00 7.635611152988125254e-03
1.188000000000000000e+04 2.515463837273167247e+00 7.715168357853011659e-03
1.191000000000000000e+04 2.515361906188990027e+00 7.742816308241320077e-03
1.194000000000000000e+04 2.515285104663749216e+00 7.714059850799573695e-03
1.197000000000000000e+04 2.515605296519877410e+00 7.702539869865249710e-03
1.200000000000000000e+04 2.515775194888163036e+00 7.777486958346041535e-03
1.203000000000000000e+04 2.516050109416780423e+00 7.794356838896396474e-03
1.206000000000000000e+04 2.515537678406557287e+00 7.699099104276606494e-03
1.209000000000000000e+04 2.515268333509322218e+00 7.646242988645272562e-03
1.212000000000000000e+04 2.516168137117760661e+00 7.668045743361964067e-03
1.215000000000000000e+04 2.516619669653128444e+00 7.622924921279125576e-03
1.218000000000000000e+04 2.516846335505341425e+00 7.624930495661213711e-03
1.221000000000000000e+04 2.516745059580622002e+00 7.652645872904622303e-03
1.224000000000000000e+04 2.517054424844732186e+00 7.733664647968231491e-03
1.227000000000000000e+04 2.517283182488666338e+00 7.668103512737249258e-03
1.230000000000000000e+04 2.517258355395604053e+00 7.562078800786616560e-03
1.233000000000000000e+04 2.517503379863786250e+00 7.527751466121421903e-03
1.236000000000000000e+04 2.517228582970165274e+00 7.605412594250832332e-03
1.239000000000000000e+04 2.517334789808313822e+00 7.667794550474393844e-03
1.242000000000000000e+04 2.516896691882859471e+00 7.482862805296654728e-03
1.245000000000000000e+04 2.517669709008867773e+00 7.506359050267003008e-03
1.248000000000000000e+04 2.518080459715093422e+00 7.450326500715389461e-03
1.251000000000000000e+04 2.518308009890800836e+00 7.345292500232374414e-03
1.254000000000000000e+04 2.518066778364862479e+00 7.319133390726423674e-03
1.257000000000000000e+04 2.518229604124016419e+00 7.183459110325159276e-03
1.260000000000000000e+04 2.517961953022369581e+00 7.159015509383506205e-03
1.263000000000000000e+04 2.517742915922176916e+00 7.168357123222110668e-03
1.266000000000000000e+04 2.517661316716421460e+00 7.172674578241331096e-03
1.269000000000000000e+04 2.517678415101834322e+00 7.125738119789476466e-03
1.272000000000000000e+04 2.517307711872425635e+00 7.186566528376295976e-03
1.275000000000000000e+04 2.517210463386652552e+00 7.112168060170270985e-03
1.278000000000000000e+04 2.517075683167950384e+00 7.064068439855502451e-03
1.281000000000000000e+04 2.516833377535743210e+00 7.064822848141330720e-03
1.284000000000000000e+04 2.516949625775378063e+00 7.076854970968731243e-03
1.287000000000000000e+04 2.516561931491930970e+00 7.127239308150083198e-03
1.290000000000000000e+04 2.516861386925662636e+00 7.107105491144865943e-03
1.293000000000000000e+04 2.516929087189820891e+00 7.101715492659675839e-03
1.296000000000000000e+04 2.517418005759309629e+00 7.071934017183684369e-03
1.299000000000000000e+04 2.517282720744688174e+00 7.045596125475445462e-03
1.302000000000000000e+04 2.517073059159588677e+00 7.079106555721349954e-03
1.305000000000000000e+04 2.516867479967854315e+00 7.170395518136224444e-03
1.308000000000000000e+04 2.516679464157094870e+00 7.118526970234979184e-03
1.311000000000000000e+04 2.516591852999942702e+00 7.224864893152297893e-03
1.314000000000000000e+04 2.516697736722883327e+00 7.244658168173075466e-03
1.317000000000000000e+04 2.516445731916530981e+00 7.294113638499721483e-03
1.320000000000000000e+04 2.516218499185716162e+00 7.329930703869070793e-03
1.323000000000000000e+04 2.516386236116985753e+00 7.206401758150219120e-03
1.326000000000000000e+04 2.516039826709954408e+00 7.230352839113211860e-03
1.329000000000000000e+04 2.515924310628024241e+00 7.207084605159383428e-03
1.332000000000000000e+04 2.515801985410702990e+00 7.143635432151099370e-03
1.335000000000000000e+04 2.515760605426420327e+00 7.058780004365544994e-03
1.338000000000000000e+04 2.516167061501143554e+00 7.043631318357374167e-03
1.341000000000000000e+04 2.515909964166306523e+00 7.045183693881603218e-03
1.344000000000000000e+04 2.516129411266230687e+00 7.109883637660695949e-03
1.347000000000000000e+04 2.516273406442106619e+00 7.072063857991437406e-03
1.350000000000000000e+04 2.516195079595699102e+00 7.019381241379880378e-03
1.353000000000000000e+04 2.516425174351935468e+00 6.965966243360289037e-03
1.356000000000000000e+04 2.516267975814004743e+00 6.863561845438059632e-03
1.359000000000000000e+04 2.516459181958893065e+00 6.800475604757621854e-03
1.362000000000000000e+04 2.516804902586339487e+00 6.766558941929193272e-03
1.365000000000000000e+04 2.517016660880035062e+00 6.699800682040422083e-03
1.368000000000000000e+04 2.517114505962807502e+00 6.767612462649799654e-03
1.371000000000000000e+04 2.517260724497801139e+00 6.785055198069659538e-03
1.374000000000000000e+04 2.517438740529780894e+00 6.824507531577799629e-03
1.377000000000000000e+04 2.517438877150368182e+00 6.813430273626797963e-03
1.380000000000000000e+04 2.517408882696060335e+00 6.856020574099365265e-03
1.383000000000000000e+04 2.517374552949143141e+00 6.852698898519082003e-03
1.386000000000000000e+04 2.517519132984976871e+00 6.912388377264477683e-03
1.389000000000000000e+04 2.517555439826741903e+00 6.973415540766030214e-03
1.392000000000000000e+04 2.517880424644947546e+00 6.974051377050255809e-03
1.395000000000000000e+04 2.518028733053565560e+00 7.060796593487170258e-03
1.398000000000000000e+04 2.517861766747331753e+00 7.025400787314759615e-03
1.401000000000000000e+04 2.517455934838916498e+00 7.013183707861965314e-03
1.404000000000000000e+04 2.517028644280654870e+00 7.055174441700063671e-03
1.407000000000000000e+04 2.516640775563968369e+00 6.964931804440736840e-03
1.410000000000000000e+04 2.516820517355645048e+00 6.883497374897138213e-03
1.413000000000000000e+04 2.516554112384082664e+00 6.962699549269346297e-03
1.416000000000000000e+04 2.516757344022969800e+00 6.949503032334040063e-03
1.419000000000000000e+04 2.516855123680080464e+00 6.922227503872083361e-03
1.422000000000000000e+04 2.516773215139922026e+00 6.769090009262323723e-03
1.425000000000000000e+04 2.516632816282807550e+00 6.727030299263998293e-03
1.428000000000000000e+04 2.516131159042009457e+00 6.671464958132042669e-03
1.431000000000000000e+04 2.515841315138735101e+00 6.617621128381536919e-03
1.434000000000000000e+04 2.515992186961335531e+00 6.516210864938704571e-03
1.437000000000000000e+04 2.515813552138560283e+00 6.309994417218923665e-03
1.440000000000000000e+04 2.515743290724982817e+00 6.264694901690732835e-03
1.443000000000000000e+04 2.515425263076173756e+00 6.244089458320450578e-03
1.446000000000000000e+04 2.514854783585014797e+00 6.258271109949324965e-03
1.449000000000000000e+04 2.514909661719175293e+00 6.336895335756128136e-03
1.452000000000000000e+04 2.515121452372491184e+00 6.328809158744121491e-03
1.455000000000000000e+04 2.515047857905425399e+00 6.292693167447088558e-03
1.458000000000000000e+04 2.514740624465217955e+00 6.167624519613677629e-03
1.461000000000000000e+04 2.514543888325371235e+00 6.168682967819215379e-03
1.464000000000000000e+04 2.514324633375412343e+00 6.198243211777546002e-03
1.467000000000000000e+04 2.514473559782395728e+00 6.140372510967351607e-03
1.470000000000000000e+04 2.514505094231892723e+00 6.233520674895074928e-03
1.473000000000000000e+04 2.514397169266173293e+00 6.296981935081575645e-03
1.476000000000000000e+04 2.514237206812587999e+00 6.154252250411649562e-03
1.479000000000000000e+04 2.514477654290068198e+00 6.354095389498298774e-03
1.482000000000000000e+04 2.513979289341648826e+00 6.314474146253006709e-03
1.485000000000000000e+04 2.514052270951775192e+00 6.282238461244484332e-03
1.488000000000000000e+04 2.513676769747311024e+00 6.252291934041712129e-03
1.491000000000000000e+04 2.513906420720015245e+00 6.212480669243647738e-03
1.494000000000000000e+04 2.513681544087730035e+00 6.194266315892643995e-03
1.497000000000000000e+04 2.513716701927262154e+00 6.080613350997693921e-03
1.500000000000000000e+04 2.513541475430850269e+00 6.101475128764325025e-03
