# # n, sigma
3.000000000000000000e+01 2.455561771738390853e+00 6.623954793583294864e-02
6.000000000000000000e+01 2.389352356061331673e+00 4.447966924752608936e-02
9.000000000000000000e+01 2.452816715140349935e+00 4.368869794349135305e-02
1.200000000000000000e+02 2.419824525139393945e+00 5.766447826569812835e-02
1.500000000000000000e+02 2.379363186184489720e+00 5.628848875975806659e-02
1.800000000000000000e+02 2.431886330527761597e+00 4.937492064326306357e-02
2.100000000000000000e+02 2.485989540550406218e+00 4.352496900463245777e-02
2.400000000000000000e+02 2.474774660084136713e+00 3.777913875381891384e-02
2.700000000000000000e+02 2.464569411911555985e+00 3.427191682387223381e-02
3.000000000000000000e+02 2.483395843070543840e+00 3.572194582588298500e-02
3.300000000000000000e+02 2.474234875000086653e+00 3.171796299868412383e-02
3.600000000000000000e+02 2.480405414530505670e+00 3.238142763366612387e-02
3.900000000000000000e+02 2.479018222144756312e+00 3.186400551034561379e-02
4.200000000000000000e+02 2.477267248115362808e+00 2.989661151921930993e-02
4.500000000000000000e+02 2.464712737613771854e+00 2.759527028100908913e-02
4.800000000000000000e+02 2.470373801149507553e+00 2.570037682317691946e-02
5.100000000000000000e+02 2.463554893094805465e+00 2.494731077535931527e-02
5.400000000000000000e+02 2.457280812445691520e+00 2.571173103708327204e-02
5.700000000000000000e+02 2.453671515523053515e+00 2.436703569440868550e-02
6.000000000000000000e+02 2.448323437394406277e+00 2.420619863758415730e-02
6.300000000000000000e+02 2.448174482302594157e+00 2.140057232024119779e-02
6.600000000000000000e+02 2.443077799376599746e+00 2.063383808668347447e-02
6.900000000000000000e+02 2.445609816770489164e+00 1.896761039595306134e-02
7.200000000000000000e+02 2.453956907329186254e+00 1.899670835624122853e-02
7.500000000000000000e+02 2.453339041216543670e+00 1.905209002677771615e-02
7.800000000000000000e+02 2.450851423284210462e+00 1.935643683925195035e-02
8.100000000000000000e+02 2.449215955050425109e+00 2.071662524180752085e-02
8.400000000000000000e+02 2.454347608712749818e+00 1.922782666988596262e-02
8.700000000000000000e+02 2.449738486566599427e+00 1.909385396422347281e-02
9.000000000000000000e+02 2.455548047796437316e+00 1.850759402195595316e-02
9.300000000000000000e+02 2.454708184714712527e+00 1.899546031461022549e-02
9.600000000000000000e+02 2.467344475052509534e+00 1.771776737893426476e-02
9.900000000000000000e+02 2.469745307147478641e+00 1.763459952741185804e-02
1.020000000000000000e+03 2.469129608735148640e+00 1.701791971355618230e-02
1.050000000000000000e+03 2.470673339828271420e+00 1.743739203860431020e-02
1.080000000000000000e+03 2.468296836860568000e+00 1.735390555321208311e-02
1.110000000000000000e+03 2.471936302007943009e+00 1.719517478067221147e-02
1.140000000000000000e+03 2.472837357077114717e+00 1.806823680805872898e-02
1.170000000000000000e+03 2.472930588243595906e+00 1.889682103350267053e-02
1.200000000000000000e+03 2.480804694139874922e+00 1.843059660939695699e-02
1.230000000000000000e+03 2.482431570027743284e+00 1.901382667034318130e-02
1.260000000000000000e+03 2.476564694321064408e+00 1.946200767034003340e-02
1.290000000000000000e+03 2.476277916127335388e+00 1.842844621438665884e-02
1.320000000000000000e+03 2.469883269772063183e+00 1.746509880746874646e-02
1.350000000000000000e+03 2.463967650524366615e+00 1.772199998459273243e-02
1.380000000000000000e+03 2.461261860316395378e+00 1.857460201959407198e-02
1.410000000000000000e+03 2.464524871317059773e+00 1.906788512566373953e-02
1.440000000000000000e+03 2.465134642996518632e+00 1.860255795468980858e-02
1.470000000000000000e+03 2.462941830567623391e+00 1.888194031555836053e-02
1.500000000000000000e+03 2.464991627196985391e+00 1.857254111834332269e-02
1.530000000000000000e+03 2.465529972169616446e+00 1.760069025053797101e-02
1.560000000000000000e+03 2.462229302825106991e+00 1.737966717688193413e-02
1.590000000000000000e+03 2.463381506092311657e+00 1.637821075161919118e-02
1.620000000000000000e+03 2.465151205684543712e+00 1.561886808686253035e-02
1.650000000000000000e+03 2.470002135566935930e+00 1.529783567064680466e-02
1.680000000000000000e+03 2.470909677304340857e+00 1.537853176876091167e-02
1.710000000000000000e+03 2.473079130539681092e+00 1.478762817463710570e-02
1.740000000000000000e+03 2.473893072141915450e+00 1.513974644658981454e-02
1.770000000000000000e+03 2.471818894081755147e+00 1.483868701820402827e-02
1.800000000000000000e+03 2.481098953758779313e+00 1.495390687829930426e-02
1.830000000000000000e+03 2.485065509932011807e+00 1.423085358606811408e-02
1.860000000000000000e+03 2.485567166095214553e+00 1.432306751286856195e-02
1.890000000000000000e+03 2.487892707215557220e+00 1.422104328147190053e-02
1.920000000000000000e+03 2.488984860495649265e+00 1.371386504668210479e-02
1.950000000000000000e+03 2.491414660338493459e+00 1.322137600558282930e-02
1.980000000000000000e+03 2.488706758016570042e+00 1.337271532276673898e-02
2.010000000000000000e+03 2.486935783150156176e+00 1.303602179008653619e-02
2.040000000000000000e+03 2.488669166686228618e+00 1.264671164551683935e-02
2.070000000000000000e+03 2.490838375571734709e+00 1.248014522011390084e-02
2.100000000000000000e+03 2.488739142896734702e+00 1.200616403142392395e-02
2.130000000000000000e+03 2.486627404313195289e+00 1.219859105025317483e-02
2.160000000000000000e+03 2.485856967271894202e+00 1.231074524529515712e-02
2.190000000000000000e+03 2.485201180002996058e+00 1.146841666808390454e-02
2.220000000000000000e+03 2.485602852834862375e+00 1.110381716908659215e-02
2.250000000000000000e+03 2.484126662970280730e+00 1.091373958925253261e-02
2.280000000000000000e+03 2.477407861672119349e+00 1.039124719872600196e-02
2.310000000000000000e+03 2.477490553566878972e+00 1.050225242388897612e-02
2.340000000000000000e+03 2.476808765755615926e+00 1.072099742873855281e-02
2.370000000000000000e+03 2.476613369173822576e+00 1.033088695491239488e-02
2.400000000000000000e+03 2.476565889643116858e+00 9.824699101475285745e-03
2.430000000000000000e+03 2.478981568718093609e+00 9.175375955445250198e-03
2.460000000000000000e+03 2.480495623442741771e+00 8.904003344083833218e-03
2.490000000000000000e+03 2.477583923930533505e+00 9.022363364634062785e-03
2.520000000000000000e+03 2.476153007453292698e+00 8.741597600424576633e-03
2.550000000000000000e+03 2.477942122401610270e+00 8.744366417907753486e-03
2.580000000000000000e+03 2.473745657455844960e+00 8.503512880185219378e-03
2.610000000000000000e+03 2.475368449383618774e+00 8.431034229899724702e-03
2.640000000000000000e+03 2.477508236768403371e+00 8.482111997234996481e-03
2.670000000000000000e+03 2.473316805438903199e+00 8.854592035262589395e-03
2.700000000000000000e+03 2.472924198264159656e+00 8.910114761903184868e-03
2.730000000000000000e+03 2.472014643099742948e+00 9.213260087749707700e-03
2.760000000000000000e+03 2.471868867014312965e+00 9.761340217508606906e-03
2.790000000000000000e+03 2.473181579622657278e+00 9.632407589076385709e-03
2.820000000000000000e+03 2.475551664445343913e+00 9.785179581040937338e-03
2.850000000000000000e+03 2.475189028541983749e+00 9.659651962910603684e-03
2.880000000000000000e+03 2.477567099238468185e+00 9.856107532772011640e-03
2.910000000000000000e+03 2.478199386433021179e+00 9.604143887509113825e-03
2.940000000000000000e+03 2.474673467283098116e+00 9.830890544912032278e-03
2.970000000000000000e+03 2.474891108881194679e+00 9.563767180755158165e-03
3.000000000000000000e+03 2.473698157928574837e+00 9.580593054648298135e-03
3.030000000000000000e+03 2.476445684561526139e+00 9.897554854580822153e-03
3.060000000000000000e+03 2.475428532978438678e+00 9.772475552837037518e-03
3.090000000000000000e+03 2.474262436023401346e+00 1.012454394549163438e-02
3.120000000000000000e+03 2.471714581886195194e+00 1.022948431275924781e-02
3.150000000000000000e+03 2.470926684173939236e+00 9.713340382857560754e-03
3.180000000000000000e+03 2.470787681176030315e+00 9.581780376621489015e-03
3.210000000000000000e+03 2.471290038125514066e+00 9.564769921087932364e-03
3.240000000000000000e+03 2.469353433151715294e+00 9.460541533375261755e-03
3.270000000000000000e+03 2.468877348246942827e+00 9.540155077088786559e-03
3.300000000000000000e+03 2.470805247493669032e+00 9.382086203786325906e-03
3.330000000000000000e+03 2.472403915232174398e+00 9.409001449017339105e-03
3.360000000000000000e+03 2.474141185607213522e+00 9.556840804301332606e-03
3.390000000000000000e+03 2.476273315228248784e+00 9.288862032283571810e-03
3.420000000000000000e+03 2.475426091837567455e+00 9.558662630434788463e-03
3.450000000000000000e+03 2.475256514361870774e+00 9.895968838761920808e-03
3.480000000000000000e+03 2.476463096734180080e+00 9.921634552657416714e-03
3.510000000000000000e+03 2.475332499448662293e+00 9.626497849566243228e-03
3.540000000000000000e+03 2.477753817521620494e+00 9.630893601496357675e-03
3.570000000000000000e+03 2.477403338595366211e+00 9.443710523660060752e-03
3.600000000000000000e+03 2.479105894466735904e+00 8.812656705117752690e-03
3.630000000000000000e+03 2.479649831566041573e+00 8.676108006379912307e-03
3.660000000000000000e+03 2.481243538561575424e+00 8.634426445635981842e-03
3.690000000000000000e+03 2.482479249292397494e+00 8.342755230097262734e-03
3.720000000000000000e+03 2.483532650566573796e+00 8.351932096950539022e-03
3.750000000000000000e+03 2.484880334188980022e+00 8.750781240536326111e-03
3.780000000000000000e+03 2.484854241834832500e+00 8.457450329434686165e-03
3.810000000000000000e+03 2.483744330050254412e+00 8.493472358453577759e-03
3.840000000000000000e+03 2.484590266236761824e+00 8.505382559255720426e-03
3.870000000000000000e+03 2.485631877798406109e+00 8.809657079940554428e-03
3.900000000000000000e+03 2.486111437874201080e+00 8.752272723869433321e-03
3.930000000000000000e+03 2.487768867083310464e+00 8.812829812032635032e-03
3.960000000000000000e+03 2.487779948156209286e+00 8.629299819776021369e-03
3.990000000000000000e+03 2.487760132433234794e+00 8.663088035778337970e-03
4.020000000000000000e+03 2.488764341190087492e+00 8.644487998474297344e-03
4.050000000000000000e+03 2.489171964091204892e+00 8.990799489486443405e-03
4.080000000000000000e+03 2.490133034450897842e+00 8.762600419097535051e-03
4.110000000000000000e+03 2.490586617830229610e+00 8.638659770561812196e-03
4.140000000000000000e+03 2.491874593237949576e+00 8.558542701810585920e-03
4.170000000000000000e+03 2.491982519985384226e+00 8.537486187222352585e-03
4.200000000000000000e+03 2.493000352077336501e+00 8.422704992908631658e-03
4.230000000000000000e+03 2.491990053237063130e+00 8.315328841803526494e-03
4.260000000000000000e+03 2.492730103739551506e+00 8.142885512367125170e-03
4.290000000000000000e+03 2.492122134683920631e+00 8.179463594031819926e-03
4.320000000000000000e+03 2.491653628254504316e+00 8.238902306081926502e-03
4.350000000000000000e+03 2.491011302431482388e+00 8.219335353650039297e-03
4.380000000000000000e+03 2.489848526093891401e+00 8.205556100630041760e-03
4.410000000000000000e+03 2.489259805438950757e+00 8.238186749960159719e-03
4.440000000000000000e+03 2.490159109709972007e+00 8.247938828317105675e-03
4.470000000000000000e+03 2.489327460066624198e+00 8.352266470180854871e-03
4.500000000000000000e+03 2.488975819159280789e+00 8.464450772839183373e-03
4.530000000000000000e+03 2.488004702634598164e+00 8.338680002594753629e-03
4.560000000000000000e+03 2.488556579692107196e+00 7.979343518627649359e-03
4.590000000000000000e+03 2.488093979320065596e+00 8.121299808210682633e-03
4.620000000000000000e+03 2.488192922603400081e+00 8.157283889981336439e-03
4.650000000000000000e+03 2.488740651457324038e+00 8.020353990364034735e-03
4.680000000000000000e+03 2.489556016379976811e+00 8.163140992385541084e-03
4.710000000000000000e+03 2.489994203962936581e+00 7.952288341055564064e-03
4.740000000000000000e+03 2.489621969295750414e+00 7.837351130429189364e-03
4.770000000000000000e+03 2.487903228510395692e+00 7.767902806856344898e-03
4.800000000000000000e+03 2.490224550240927481e+00 7.870353608058476905e-03
4.830000000000000000e+03 2.490462101657573424e+00 7.848352200789920560e-03
4.860000000000000000e+03 2.490576827749729993e+00 7.970953056846108789e-03
4.890000000000000000e+03 2.490746235447320878e+00 7.993523739006221443e-03
4.920000000000000000e+03 2.490119478266561881e+00 7.948480686276643975e-03
4.950000000000000000e+03 2.490593785872928567e+00 8.109536521676721441e-03
4.980000000000000000e+03 2.490328400354021809e+00 8.440302868984247628e-03
5.010000000000000000e+03 2.491624537783299509e+00 8.682716464683371688e-03
5.040000000000000000e+03 2.490925436047650265e+00 8.781534097729909796e-03
5.070000000000000000e+03 2.490723869567736948e+00 8.817156977844480339e-03
5.100000000000000000e+03 2.491412767432725328e+00 8.749009457094329700e-03
5.130000000000000000e+03 2.492101737533831685e+00 8.881091246765525360e-03
5.160000000000000000e+03 2.491451125932667932e+00 8.662576474891553122e-03
5.190000000000000000e+03 2.492482294298490775e+00 8.532452133133886993e-03
5.220000000000000000e+03 2.491996837580235713e+00 8.572118857085560609e-03
5.250000000000000000e+03 2.492218917263129274e+00 8.717836842318820237e-03
5.280000000000000000e+03 2.492763152932640391e+00 8.497542855730540537e-03
5.310000000000000000e+03 2.493189925565933773e+00 8.681468789132886985e-03
5.340000000000000000e+03 2.493847779428469913e+00 8.759643289772396299e-03
5.370000000000000000e+03 2.493991962210218460e+00 8.702718823396123765e-03
5.400000000000000000e+03 2.494157631528422403e+00 8.642253159647336064e-03
5.430000000000000000e+03 2.493945748014227970e+00 8.460374583716269437e-03
5.460000000000000000e+03 2.494648190331006710e+00 8.627901870971651024e-03
5.490000000000000000e+03 2.495918919169848760e+00 8.751954299315143140e-03
5.520000000000000000e+03 2.495735795115379130e+00 8.859797296978043704e-03
5.550000000000000000e+03 2.495225094569394120e+00 8.870110537185347047e-03
5.580000000000000000e+03 2.495471451295015797e+00 8.916630929956408796e-03
5.610000000000000000e+03 2.496248671798603880e+00 8.854616079674412082e-03
5.640000000000000000e+03 2.495944820751536231e+00 8.753866683845205193e-03
5.670000000000000000e+03 2.495553549100136159e+00 8.706813034381311045e-03
5.700000000000000000e+03 2.495319315498324197e+00 8.706445790885954106e-03
5.730000000000000000e+03 2.495696567492994511e+00 8.803820097496846062e-03
5.760000000000000000e+03 2.495624911585681893e+00 8.847189723646949749e-03
5.790000000000000000e+03 2.496430515959809249e+00 8.619538659686801219e-03
5.820000000000000000e+03 2.495801217762012136e+00 8.594538151948561897e-03
5.850000000000000000e+03 2.496254678153213113e+00 8.641277629736926827e-03
5.880000000000000000e+03 2.496166815419563534e+00 8.495914285794782181e-03
5.910000000000000000e+03 2.496188755126278469e+00 8.449319161838299980e-03
5.940000000000000000e+03 2.496052740114717672e+00 8.338276359725584758e-03
5.970000000000000000e+03 2.495038897451283599e+00 8.231527993293253839e-03
6.000000000000000000e+03 2.495538092674329800e+00 8.448449197864634636e-03
6.030000000000000000e+03 2.496654490138644267e+00 8.423027148428614483e-03
6.060000000000000000e+03 2.496690850145895091e+00 8.136794220234258926e-03
6.090000000000000000e+03 2.496025885047718162e+00 7.940177399692438520e-03
6.120000000000000000e+03 2.496352525077091045e+00 7.842263316771793183e-03
6.150000000000000000e+03 2.497111258318453597e+00 7.967257295069703205e-03
6.180000000000000000e+03 2.496999607531395604e+00 7.869352700821386631e-03
6.210000000000000000e+03 2.496241366138916007e+00 7.878918824522832334e-03
6.240000000000000000e+03 2.496123571894012905e+00 7.840254095655982761e-03
6.270000000000000000e+03 2.496152700513759370e+00 7.909530417989774423e-03
6.300000000000000000e+03 2.495784468460659156e+00 7.848380255451101531e-03
6.330000000000000000e+03 2.494386154264547795e+00 7.474943980704838904e-03
6.360000000000000000e+03 2.495465230525580669e+00 7.466517109437802342e-03
6.390000000000000000e+03 2.495344809313357448e+00 7.490311577012200538e-03
6.420000000000000000e+03 2.496290190988565971e+00 7.519650852036473612e-03
6.450000000000000000e+03 2.496449094841084904e+00 7.638129771558177170e-03
6.480000000000000000e+03 2.496407387221275975e+00 7.651400394608266244e-03
6.510000000000000000e+03 2.495654121914696599e+00 7.810016318434504813e-03
6.540000000000000000e+03 2.496368892475434365e+00 7.875510559858878504e-03
6.570000000000000000e+03 2.496198964477553517e+00 7.842453592297883580e-03
6.600000000000000000e+03 2.496725521939962444e+00 7.822306781099457040e-03
6.630000000000000000e+03 2.496378679386210830e+00 7.815582390185408027e-03
6.660000000000000000e+03 2.495704043517865678e+00 7.902674765390006739e-03
6.690000000000000000e+03 2.495224229359149337e+00 7.971068223315906989e-03
6.720000000000000000e+03 2.495476025043804835e+00 7.772280283302530207e-03
6.750000000000000000e+03 2.496319044233163531e+00 7.706847771840707843e-03
6.780000000000000000e+03 2.497171407449878533e+00 7.955045789677211640e-03
6.810000000000000000e+03 2.497092820533514779e+00 7.902235973393687343e-03
6.840000000000000000e+03 2.496851860882201013e+00 7.908116100989218480e-03
6.870000000000000000e+03 2.497052706373414033e+00 8.026201148781494238e-03
6.900000000000000000e+03 2.497551400744767669e+00 8.008002672387951049e-03
6.930000000000000000e+03 2.496126547831707398e+00 8.059539966354009946e-03
6.960000000000000000e+03 2.497078515952441347e+00 7.992190689440533888e-03
6.990000000000000000e+03 2.496409347353778507e+00 8.008688101364697803e-03
7.020000000000000000e+03 2.497389795979097826e+00 8.116260655601375412e-03
7.050000000000000000e+03 2.496804310626094647e+00 8.046948890775312835e-03
7.080000000000000000e+03 2.496668417048702793e+00 7.872661835664644669e-03
7.110000000000000000e+03 2.496598874335509421e+00 7.932720129351679417e-03
7.140000000000000000e+03 2.496881241591826228e+00 7.794567453514983889e-03
7.170000000000000000e+03 2.496337405623593853e+00 7.732074539391525607e-03
7.200000000000000000e+03 2.497137846877487188e+00 7.800952553201416853e-03
7.230000000000000000e+03 2.496557763415956366e+00 7.657594992396292953e-03
7.260000000000000000e+03 2.496604918898654546e+00 7.682123221172770106e-03
7.290000000000000000e+03 2.496547776913943473e+00 7.566364480087101052e-03
7.320000000000000000e+03 2.496258409233661268e+00 7.660524260033382132e-03
7.350000000000000000e+03 2.495577428445904911e+00 7.739186474361794098e-03
7.380000000000000000e+03 2.495783559510915683e+00 7.689869009345878456e-03
7.410000000000000000e+03 2.496336385604781327e+00 7.696502680106044429e-03
7.440000000000000000e+03 2.495686107459286429e+00 7.680348481377687747e-03
7.470000000000000000e+03 2.495603222914807517e+00 7.650445309270902799e-03
7.500000000000000000e+03 2.493674878951517293e+00 7.786455224019974732e-03
7.530000000000000000e+03 2.493431379464013276e+00 7.608667904738775599e-03
7.560000000000000000e+03 2.493049541019512372e+00 7.467681800843092681e-03
7.590000000000000000e+03 2.492609280704042973e+00 7.401736760849832696e-03
7.620000000000000000e+03 2.493638608741068907e+00 7.353734770265030370e-03
7.650000000000000000e+03 2.494043922977361216e+00 7.415961037933214289e-03
7.680000000000000000e+03 2.493638749406710708e+00 7.305503027381119591e-03
7.710000000000000000e+03 2.493416250868151440e+00 7.299076546669893209e-03
7.740000000000000000e+03 2.493915323390198502e+00 7.307682909445829648e-03
7.770000000000000000e+03 2.493400894698968084e+00 7.199987433622338263e-03
7.800000000000000000e+03 2.493508641038969298e+00 7.074525846994479672e-03
7.830000000000000000e+03 2.493678854422894720e+00 7.076149734210859105e-03
7.860000000000000000e+03 2.494109481509389159e+00 7.169475997504610836e-03
7.890000000000000000e+03 2.493412124117790896e+00 7.138100248596494606e-03
7.920000000000000000e+03 2.493575028238494973e+00 7.128163133589149152e-03
7.950000000000000000e+03 2.493884728856146094e+00 7.183736522487950936e-03
7.980000000000000000e+03 2.493719252604447600e+00 7.115660988379519936e-03
8.010000000000000000e+03 2.492617903880046004e+00 7.034067801526646888e-03
8.040000000000000000e+03 2.493111998834147247e+00 6.959044958242142920e-03
8.070000000000000000e+03 2.493312611217144870e+00 6.977267660574625920e-03
8.100000000000000000e+03 2.492768781765150710e+00 6.911815897042415148e-03
8.130000000000000000e+03 2.492359052694871124e+00 7.036154937241061863e-03
8.160000000000000000e+03 2.493053820910412277e+00 7.020118603055449866e-03
8.190000000000000000e+03 2.492895632542713624e+00 7.031452453184556389e-03
8.220000000000000000e+03 2.492740719085015044e+00 7.015406126325742474e-03
8.250000000000000000e+03 2.492105205870695173e+00 7.080626939397188964e-03
8.280000000000000000e+03 2.492141660434960215e+00 7.136974686216686695e-03
8.310000000000000000e+03 2.491719266686589052e+00 7.030148497604890405e-03
8.340000000000000000e+03 2.491525349787813148e+00 7.137378324485639525e-03
8.370000000000000000e+03 2.491782667289449194e+00 6.993562240211353455e-03
8.400000000000000000e+03 2.492167369079607120e+00 7.007966432504520934e-03
8.430000000000000000e+03 2.492446484243735494e+00 7.064532114857396267e-03
8.460000000000000000e+03 2.492697060228772798e+00 7.078533184510194150e-03
8.490000000000000000e+03 2.493363865264636381e+00 6.984270267599719181e-03
8.520000000000000000e+03 2.493590240852619822e+00 6.972729018466338261e-03
8.550000000000000000e+03 2.494406027513216717e+00 7.014598472885542717e-03
8.580000000000000000e+03 2.495715674051472988e+00 7.097424638261361912e-03
8.610000000000000000e+03 2.494778748830667414e+00 7.157840929158108476e-03
8.640000000000000000e+03 2.494461864052785138e+00 7.140537684060891017e-03
8.670000000000000000e+03 2.493641766084354838e+00 7.205330241606269087e-03
8.700000000000000000e+03 2.493235004987793602e+00 7.139976056118992401e-03
8.730000000000000000e+03 2.492363655947298806e+00 7.242287004416295484e-03
8.760000000000000000e+03 2.492358368704510774e+00 7.217723869727248227e-03
8.790000000000000000e+03 2.492319305193034573e+00 7.138184686342197161e-03
8.820000000000000000e+03 2.492406084510050857e+00 7.069420098638657876e-03
8.850000000000000000e+03 2.492331026820446827e+00 6.980803986131135785e-03
8.880000000000000000e+03 2.492548721644067378e+00 7.010847137506695873e-03
8.910000000000000000e+03 2.492111509517715984e+00 7.049402856103547180e-03
8.940000000000000000e+03 2.491397060670791586e+00 7.127546833738607895e-03
8.970000000000000000e+03 2.490897138610532302e+00 7.141481699119155667e-03
9.000000000000000000e+03 2.491199834074289132e+00 7.098699147687615590e-03
9.030000000000000000e+03 2.491403484362134879e+00 7.074040523122909763e-03
9.060000000000000000e+03 2.491340316413376499e+00 7.140023982190934169e-03
9.090000000000000000e+03 2.490713176099506043e+00 7.202805295203972870e-03
9.120000000000000000e+03 2.490684271148899676e+00 7.136722257404876785e-03
9.150000000000000000e+03 2.490806034412781589e+00 7.170798226787895684e-03
9.180000000000000000e+03 2.490424709257271108e+00 7.182061267009338251e-03
9.210000000000000000e+03 2.490611996615828438e+00 7.174749285973955684e-03
9.240000000000000000e+03 2.490702615613510584e+00 7.137624200623770600e-03
9.270000000000000000e+03 2.490386671244150030e+00 7.078585733844880781e-03
9.300000000000000000e+03 2.490389131873275819e+00 6.984093406948135158e-03
9.330000000000000000e+03 2.490831897549473428e+00 6.913686535733593388e-03
9.360000000000000000e+03 2.491779251146822194e+00 6.957442513845892365e-03
9.390000000000000000e+03 2.491729351885695554e+00 6.875985801037020825e-03
9.420000000000000000e+03 2.492008465219011537e+00 6.855435156196337983e-03
9.450000000000000000e+03 2.491484194183063661e+00 6.959574002771369561e-03
9.480000000000000000e+03 2.490637631639607719e+00 6.869077158898831935e-03
9.510000000000000000e+03 2.490857188135801703e+00 6.827514038298338264e-03
9.540000000000000000e+03 2.491070766867684583e+00 6.876807988175920837e-03
9.570000000000000000e+03 2.491615248623433310e+00 6.809593805564216097e-03
9.600000000000000000e+03 2.491232710134229311e+00 6.826182114678961722e-03
9.630000000000000000e+03 2.491242106546352364e+00 6.777395031159986344e-03
9.660000000000000000e+03 2.491521761668808566e+00 6.798869289919945609e-03
9.690000000000000000e+03 2.491644243524754554e+00 6.720789706995064505e-03
9.720000000000000000e+03 2.491461654591557551e+00 6.610288043462270863e-03
9.750000000000000000e+03 2.491859728564102650e+00 6.463767337455945602e-03
9.780000000000000000e+03 2.491354453623414233e+00 6.376870542914722488e-03
9.810000000000000000e+03 2.491012447736854263e+00 6.297272925654512701e-03
9.840000000000000000e+03 2.491413470582481970e+00 6.348873388110958839e-03
9.870000000000000000e+03 2.491330286813575157e+00 6.293092912317250522e-03
9.900000000000000000e+03 2.491041766318386141e+00 6.228973125032538638e-03
9.930000000000000000e+03 2.491031738013669283e+00 6.191896559610545955e-03
9.960000000000000000e+03 2.491397913598615066e+00 6.390808718338926962e-03
9.990000000000000000e+03 2.491630583966173429e+00 6.325179459204743025e-03
1.002000000000000000e+04 2.491347613524593996e+00 6.411345471521928858e-03
1.005000000000000000e+04 2.492653053648874018e+00 6.560135804882722028e-03
1.008000000000000000e+04 2.492549798338514755e+00 6.543740855767010353e-03
1.011000000000000000e+04 2.491762467441892781e+00 6.599666739748888573e-03
1.014000000000000000e+04 2.491893715032519108e+00 6.665384575767106627e-03
1.017000000000000000e+04 2.493254138700247147e+00 6.705755803928314419e-03
1.020000000000000000e+04 2.493370448686953011e+00 6.724562148514781970e-03
1.023000000000000000e+04 2.493812083295207316e+00 6.858965467830183300e-03
1.026000000000000000e+04 2.493641698024585462e+00 6.930145951606265543e-03
1.029000000000000000e+04 2.493366422099285717e+00 7.013764435937749897e-03
1.032000000000000000e+04 2.493567172136007759e+00 7.037132519467552937e-03
1.035000000000000000e+04 2.493383263287467955e+00 6.983070997614347977e-03
1.038000000000000000e+04 2.493694170763341322e+00 7.056073886649105210e-03
1.041000000000000000e+04 2.494031559570782264e+00 7.071669743823587838e-03
1.044000000000000000e+04 2.494668091365000784e+00 7.196893990138977099e-03
1.047000000000000000e+04 2.494813612394700897e+00 7.214498508838582125e-03
1.050000000000000000e+04 2.494605616618223998e+00 7.283945777690674014e-03
1.053000000000000000e+04 2.494276104505294356e+00 7.265889015609932819e-03
1.056000000000000000e+04 2.493792573810474700e+00 7.211716509799766597e-03
1.059000000000000000e+04 2.494073502598953329e+00 7.201457593311270423e-03
1.062000000000000000e+04 2.493925522389059957e+00 7.204206754705006280e-03
1.065000000000000000e+04 2.494318922518136361e+00 7.253532209331702181e-03
1.068000000000000000e+04 2.494424523001289806e+00 7.271779255615708204e-03
1.071000000000000000e+04 2.494000763191541736e+00 7.166874741850154384e-03
1.074000000000000000e+04 2.494081447572497723e+00 7.062443667133163662e-03
1.077000000000000000e+04 2.493954544616680646e+00 7.048640656819564997e-03
1.080000000000000000e+04 2.493855669892775850e+00 7.091223166572680793e-03
1.083000000000000000e+04 2.493593777355513019e+00 7.044651872365111436e-03
1.086000000000000000e+04 2.493029527698580328e+00 6.980238471584378906e-03
1.089000000000000000e+04 2.493224811415543307e+00 6.877578244144636442e-03
1.092000000000000000e+04 2.493493715301033031e+00 6.848093646103658831e-03
1.095000000000000000e+04 2.493390809169155009e+00 6.918978470112186266e-03
1.098000000000000000e+04 2.494385345596505932e+00 6.764179741213594346e-03
1.101000000000000000e+04 2.493620857816342795e+00 6.816886255777699667e-03
1.104000000000000000e+04 2.493866893170698429e+00 6.700854137013563701e-03
1.107000000000000000e+04 2.493298309183005657e+00 6.745392300998244786e-03
1.110000000000000000e+04 2.493826478218580167e+00 6.715876311309841584e-03
1.113000000000000000e+04 2.493454553102574689e+00 6.781003768583182198e-03
1.116000000000000000e+04 2.493239298181475494e+00 6.743075521106818571e-03
1.119000000000000000e+04 2.493254808948987211e+00 6.769869639965545374e-03
1.122000000000000000e+04 2.492629069038091227e+00 6.838653281700588296e-03
1.125000000000000000e+04 2.492617897080968259e+00 6.792793623575367652e-03
1.128000000000000000e+04 2.492187225803665918e+00 6.757105594972912313e-03
1.131000000000000000e+04 2.491890286930761977e+00 6.688109574627018952e-03
1.134000000000000000e+04 2.492514605069424238e+00 6.626737053924911143e-03
1.137000000000000000e+04 2.492712525563589576e+00 6.585137540576766098e-03
1.140000000000000000e+04 2.492852499846504255e+00 6.515485660404099141e-03
1.143000000000000000e+04 2.492638495987101077e+00 6.533231456419578802e-03
1.146000000000000000e+04 2.492517513003296603e+00 6.680953862241784807e-03
1.149000000000000000e+04 2.492702781246958210e+00 6.702787249462906910e-03
1.152000000000000000e+04 2.492503954128400423e+00 6.634074717940137249e-03
1.155000000000000000e+04 2.491652485749684232e+00 6.625819973282551581e-03
1.158000000000000000e+04 2.491716776697846747e+00 6.596873090882781829e-03
1.161000000000000000e+04 2.491157055609817927e+00 6.704274124777641862e-03
1.164000000000000000e+04 2.491710217908835734e+00 6.680523398096077647e-03
1.167000000000000000e+04 2.491179998816026586e+00 6.772847747608017402e-03
1.170000000000000000e+04 2.491611121572510967e+00 6.596597639514441454e-03
1.173000000000000000e+04 2.491226523472929166e+00 6.609958811900522486e-03
1.176000000000000000e+04 2.490858482746702851e+00 6.728403058019361005e-03
1.179000000000000000e+04 2.491040706060378529e+00 6.716959076330356743e-03
1.182000000000000000e+04 2.491772857204332947e+00 6.782950624244115864e-03
1.185000000000000000e+04 2.491833165150388663e+00 6.777251187036485887e-03
1.188000000000000000e+04 2.491622220019088285e+00 6.672379644758873012e-03
1.191000000000000000e+04 2.491384031134003862e+00 6.660622730111803204e-03
1.194000000000000000e+04 2.490806920808690261e+00 6.748693474124786360e-03
1.197000000000000000e+04 2.490448396478560422e+00 6.830871788860055048e-03
1.200000000000000000e+04 2.490892564777661633e+00 6.879733026838320484e-03
1.203000000000000000e+04 2.490607262956483492e+00 6.808755063992161932e-03
1.206000000000000000e+04 2.490787953643506469e+00 6.889523207993271739e-03
1.209000000000000000e+04 2.491296789563614222e+00 6.912091593194081944e-03
1.212000000000000000e+04 2.491132957770829215e+00 6.985772642311729314e-03
1.215000000000000000e+04 2.491054423517720551e+00 7.073528456104039887e-03
1.218000000000000000e+04 2.491441860930244445e+00 7.053062247421717362e-03
1.221000000000000000e+04 2.491306872283988394e+00 7.125248807538098715e-03
1.224000000000000000e+04 2.490514863202498486e+00 7.175318811989240576e-03
1.227000000000000000e+04 2.490600156862952552e+00 7.088382097245403413e-03
1.230000000000000000e+04 2.490356364240955855e+00 7.102556894450271982e-03
1.233000000000000000e+04 2.490461975121853300e+00 7.168935931472548810e-03
1.236000000000000000e+04 2.490411766855768150e+00 7.152691302084686342e-03
1.239000000000000000e+04 2.490382519112995574e+00 7.253015402547092691e-03
1.242000000000000000e+04 2.490336227178436612e+00 7.195174589211161993e-03
1.245000000000000000e+04 2.490017449920443049e+00 7.130930267601979372e-03
1.248000000000000000e+04 2.489697304127554744e+00 7.127426083766840760e-03
1.251000000000000000e+04 2.490087399626307096e+00 7.204650639940468615e-03
1.254000000000000000e+04 2.490526447646949748e+00 7.154433005552193227e-03
1.257000000000000000e+04 2.490243054829136327e+00 7.250684710926882763e-03
1.260000000000000000e+04 2.490019397281682423e+00 7.265809498021393899e-03
1.263000000000000000e+04 2.489749164726588138e+00 7.364240559151189955e-03
1.266000000000000000e+04 2.490006788063015009e+00 7.373477973069317640e-03
1.269000000000000000e+04 2.490387883583981665e+00 7.432047964063753093e-03
1.272000000000000000e+04 2.490426975692809464e+00 7.448168389666611280e-03
1.275000000000000000e+04 2.490355364143467920e+00 7.514622806257914914e-03
1.278000000000000000e+04 2.489663564464518863e+00 7.517878492832434992e-03
1.281000000000000000e+04 2.489387479723347951e+00 7.600734158508909606e-03
1.284000000000000000e+04 2.489617110313887327e+00 7.598409990913940724e-03
1.287000000000000000e+04 2.490256067419686747e+00 7.625556020962652969e-03
1.290000000000000000e+04 2.490366939593024576e+00 7.644227950735805154e-03
1.293000000000000000e+04 2.490133781396912660e+00 7.563877985764824903e-03
1.296000000000000000e+04 2.490092061526617329e+00 7.581341716795234401e-03
1.299000000000000000e+04 2.490292505738350481e+00 7.591272883715934235e-03
1.302000000000000000e+04 2.490309563865381381e+00 7.497700778881796237e-03
1.305000000000000000e+04 2.490665062759083170e+00 7.476388578479997021e-03
1.308000000000000000e+04 2.491038119297654063e+00 7.437406456928641330e-03
1.311000000000000000e+04 2.491440562089474842e+00 7.399694349648634761e-03
1.314000000000000000e+04 2.491930296702655756e+00 7.517241183741111762e-03
1.317000000000000000e+04 2.492016456070361041e+00 7.562342425014782592e-03
1.320000000000000000e+04 2.492434443599680804e+00 7.551858905972905905e-03
1.323000000000000000e+04 2.492576214313964922e+00 7.512210724723676104e-03
1.326000000000000000e+04 2.492275620094345445e+00 7.495661450451526590e-03
1.329000000000000000e+04 2.492085427184495661e+00 7.635475521755701218e-03
1.332000000000000000e+04 2.491679493681121738e+00 7.651339500768656633e-03
1.335000000000000000e+04 2.492037094433910749e+00 7.639982927611250856e-03
1.338000000000000000e+04 2.492132102455575371e+00 7.525066806140232219e-03
1.341000000000000000e+04 2.492318115892567132e+00 7.599243627694221570e-03
1.344000000000000000e+04 2.492100956450218341e+00 7.625331356891801651e-03
1.347000000000000000e+04 2.492086484009034208e+00 7.673817043512803915e-03
1.350000000000000000e+04 2.491440775084334813e+00 7.575145209590577675e-03
1.353000000000000000e+04 2.491651602433727408e+00 7.550525875426314544e-03
1.356000000000000000e+04 2.491579691182756573e+00 7.558790724745782612e-03
1.359000000000000000e+04 2.491385452616406315e+00 7.420897978980671786e-03
1.362000000000000000e+04 2.491421465679761305e+00 7.383274772541617050e-03
1.365000000000000000e+04 2.491592316572282417e+00 7.377402500552683422e-03
1.368000000000000000e+04 2.491766234329225060e+00 7.370510602410667612e-03
1.371000000000000000e+04 2.491838201149579213e+00 7.320121626219758086e-03
1.374000000000000000e+04 2.491674677364902557e+00 7.308798004272277875e-03
1.377000000000000000e+04 2.491859279058595167e+00 7.264958046802920226e-03
1.380000000000000000e+04 2.492000796507690463e+00 7.326147990563731602e-03
1.383000000000000000e+04 2.492342551280149365e+00 7.356363050969793801e-03
1.386000000000000000e+04 2.492884061734309764e+00 7.368441727933240475e-03
1.389000000000000000e+04 2.493193305307517260e+00 7.419372418354033306e-03
1.392000000000000000e+04 2.493693944729946210e+00 7.464153335524561540e-03
1.395000000000000000e+04 2.493378187409517999e+00 7.582429813157261916e-03
1.398000000000000000e+04 2.493734169235277243e+00 7.640235645388475730e-03
1.401000000000000000e+04 2.494021858532406544e+00 7.643443462940371566e-03
1.404000000000000000e+04 2.494342645360988264e+00 7.627291542292728536e-03
1.407000000000000000e+04 2.494693832442705705e+00 7.664676398214158304e-03
1.410000000000000000e+04 2.494502286096866861e+00 7.634213544495341980e-03
1.413000000000000000e+04 2.494558032687769433e+00 7.580199136805410021e-03
1.416000000000000000e+04 2.494210240047663341e+00 7.573873872710534978e-03
1.419000000000000000e+04 2.494168756580982027e+00 7.515836108220487824e-03
1.422000000000000000e+04 2.494457010440414901e+00 7.568981339475004330e-03
1.425000000000000000e+04 2.494819990533907017e+00 7.545291948748643861e-03
1.428000000000000000e+04 2.495351422153098575e+00 7.547997332947631137e-03
1.431000000000000000e+04 2.495558417380994154e+00 7.527747381260091637e-03
1.434000000000000000e+04 2.495566149837236125e+00 7.473495398321093261e-03
1.437000000000000000e+04 2.495785433854705637e+00 7.458670938376581010e-03
1.440000000000000000e+04 2.495668006718767096e+00 7.416795599074254945e-03
1.443000000000000000e+04 2.495534159239442662e+00 7.389525733506671287e-03
1.446000000000000000e+04 2.495360666025754792e+00 7.330763554012598507e-03
1.449000000000000000e+04 2.495187394963750638e+00 7.312801611442616874e-03
1.452000000000000000e+04 2.495307262210176624e+00 7.224804788141511724e-03
1.455000000000000000e+04 2.495164728578931790e+00 7.209311780504029828e-03
1.458000000000000000e+04 2.495368809197818116e+00 7.196594385297785598e-03
1.461000000000000000e+04 2.495694819844712864e+00 7.144088297207432103e-03
1.464000000000000000e+04 2.495595594269200301e+00 7.270066946686129170e-03
1.467000000000000000e+04 2.496188944767366191e+00 7.216098108170442872e-03
1.470000000000000000e+04 2.496408412036486002e+00 7.187927836320433250e-03
1.473000000000000000e+04 2.496502387249786015e+00 7.132690859018370882e-03
1.476000000000000000e+04 2.496301019563500923e+00 7.155810357708990328e-03
1.479000000000000000e+04 2.496211622301237831e+00 7.133433138300538344e-03
1.482000000000000000e+04 2.495858426133531704e+00 7.113136700992801070e-03
1.485000000000000000e+04 2.495715870011265380e+00 7.084039525995788032e-03
1.488000000000000000e+04 2.495800633056187934e+00 6.923222856274474646e-03
1.491000000000000000e+04 2.496446049134771528e+00 6.949100634341448882e-03
1.494000000000000000e+04 2.496153374613677034e+00 6.976753541975118031e-03
1.497000000000000000e+04 2.496011755562923540e+00 6.989412076973457524e-03
1.500000000000000000e+04 2.495865360760490148e+00 7.042267882512258208e-03
