# # n, sigma
3.000000000000000000e+01 3.205290996558782801e+00 2.393506523814484532e-01
6.000000000000000000e+01 2.374884887839226799e+00 2.169416784718665725e-01
9.000000000000000000e+01 3.161487463934129050e+00 1.582998710653932273e-01
1.200000000000000000e+02 3.177418948262789478e+00 2.058314784748423443e-01
1.500000000000000000e+02 3.166849309738288376e+00 1.703986113910382905e-01
1.800000000000000000e+02 2.674822767762536024e+00 5.243220080642649328e-02
2.100000000000000000e+02 2.607514782210203386e+00 5.382272610262819196e-02
2.400000000000000000e+02 2.595852950299907480e+00 4.277974528189908837e-02
2.700000000000000000e+02 2.624499399051075432e+00 4.463825930755145610e-02
3.000000000000000000e+02 2.580576481684257573e+00 4.369704545469722812e-02
3.300000000000000000e+02 2.586159544054265069e+00 3.841310531660380861e-02
3.600000000000000000e+02 2.589462996453526067e+00 3.773282817648065252e-02
3.900000000000000000e+02 2.566269845015619389e+00 4.155614250792126485e-02
4.200000000000000000e+02 2.522586795894104839e+00 4.312106649057731445e-02
4.500000000000000000e+02 2.512885590678179515e+00 4.284000555916807340e-02
4.800000000000000000e+02 2.515394080614044015e+00 4.590454045111065640e-02
5.100000000000000000e+02 2.507110843881970919e+00 4.542265623659666463e-02
5.400000000000000000e+02 2.490826284663786527e+00 4.455560576439462211e-02
5.700000000000000000e+02 2.471525271056251860e+00 3.862469796110358511e-02
6.000000000000000000e+02 2.448512571722584408e+00 4.795222631013883879e-02
6.300000000000000000e+02 2.423687748207056014e+00 4.934841366261302070e-02
6.600000000000000000e+02 2.439682841428490789e+00 4.835209377041764511e-02
6.900000000000000000e+02 2.483564327435370700e+00 4.621232455926278793e-02
7.200000000000000000e+02 2.480572896999362342e+00 4.781690278774576586e-02
7.500000000000000000e+02 2.498288146809317656e+00 5.205692838977665771e-02
7.800000000000000000e+02 2.512933678170352181e+00 4.678161043010709008e-02
8.100000000000000000e+02 2.514905266430412567e+00 4.604176574064015870e-02
8.400000000000000000e+02 2.504230306666443528e+00 4.201671392894460594e-02
8.700000000000000000e+02 2.499404439322218341e+00 3.845990407430262270e-02
9.000000000000000000e+02 2.495596361362354632e+00 3.945421481433164512e-02
9.300000000000000000e+02 2.500908527477822663e+00 4.199148078460263750e-02
9.600000000000000000e+02 2.499901313246505552e+00 4.197887647441585213e-02
9.900000000000000000e+02 2.497503728275110024e+00 3.798780916499991389e-02
1.020000000000000000e+03 2.499399244632378725e+00 3.808915938568378096e-02
1.050000000000000000e+03 2.503569842166746717e+00 3.548521018602906335e-02
1.080000000000000000e+03 2.502382506391778172e+00 3.525459672575664838e-02
1.110000000000000000e+03 2.516676453251737833e+00 2.968092728259659474e-02
1.140000000000000000e+03 2.519304488792807550e+00 2.942175078945270805e-02
1.170000000000000000e+03 2.516498815520076704e+00 2.806835625343304455e-02
1.200000000000000000e+03 2.515490491645257176e+00 2.732688142352808838e-02
1.230000000000000000e+03 2.524981367315477065e+00 2.614060611742078169e-02
1.260000000000000000e+03 2.528754707701825311e+00 2.481964730413181719e-02
1.290000000000000000e+03 2.534930016804313180e+00 2.402079124939883806e-02
1.320000000000000000e+03 2.529351121406720804e+00 2.244910373627516387e-02
1.350000000000000000e+03 2.531681560543926679e+00 2.122813117083637707e-02
1.380000000000000000e+03 2.532591995869360790e+00 2.152263289673396127e-02
1.410000000000000000e+03 2.529639326366807328e+00 2.024514373798274453e-02
1.440000000000000000e+03 2.526576046281086008e+00 2.049928593347632305e-02
1.470000000000000000e+03 2.522677106025564608e+00 2.020860415912587374e-02
1.500000000000000000e+03 2.523567239892251735e+00 2.024582467103669056e-02
1.530000000000000000e+03 2.522048047371932888e+00 2.052481050520256478e-02
1.560000000000000000e+03 2.518141037225966716e+00 2.058471698115882029e-02
1.590000000000000000e+03 2.517162119602443848e+00 1.924240312251474308e-02
1.620000000000000000e+03 2.515222877259336798e+00 1.925279671891559630e-02
1.650000000000000000e+03 2.515902335153671565e+00 1.953433924326578724e-02
1.680000000000000000e+03 2.516392095822892916e+00 1.904890854685471410e-02
1.710000000000000000e+03 2.518994334917779021e+00 1.822315564785361927e-02
1.740000000000000000e+03 2.518840054407675666e+00 1.785121298115306676e-02
1.770000000000000000e+03 2.516572751802871100e+00 1.719629728840877184e-02
1.800000000000000000e+03 2.515360779614104203e+00 1.654953336459752747e-02
1.830000000000000000e+03 2.512553538139914888e+00 1.689458994406558071e-02
1.860000000000000000e+03 2.509002249144246299e+00 1.678396610245414672e-02
1.890000000000000000e+03 2.513684938773400823e+00 1.679272677339047407e-02
1.920000000000000000e+03 2.513966401974298215e+00 1.750155130478718221e-02
1.950000000000000000e+03 2.512741817291697100e+00 1.694000614342189986e-02
1.980000000000000000e+03 2.512403495288552779e+00 1.678191041413348503e-02
2.010000000000000000e+03 2.514668722373468501e+00 1.669524554637126859e-02
2.040000000000000000e+03 2.516790892909922750e+00 1.663856824585087726e-02
2.070000000000000000e+03 2.516312713749286445e+00 1.712285248543360741e-02
2.100000000000000000e+03 2.514970816228670358e+00 1.696829763458197055e-02
2.130000000000000000e+03 2.513809916574904157e+00 1.636295855814386135e-02
2.160000000000000000e+03 2.512329236193798554e+00 1.612988559012603143e-02
2.190000000000000000e+03 2.511891249812006954e+00 1.617307700457155592e-02
2.220000000000000000e+03 2.511015280645940262e+00 1.610804894613579452e-02
2.250000000000000000e+03 2.508043833924872068e+00 1.661476492144595835e-02
2.280000000000000000e+03 2.507251508682079244e+00 1.585551566169616025e-02
2.310000000000000000e+03 2.507887076774721002e+00 1.620730613708812676e-02
2.340000000000000000e+03 2.507995470606319888e+00 1.615902980915949472e-02
2.370000000000000000e+03 2.509367276341623487e+00 1.538997077717841125e-02
2.400000000000000000e+03 2.508535271622182261e+00 1.521532701070499316e-02
2.430000000000000000e+03 2.507889791471348939e+00 1.543335692097979467e-02
2.460000000000000000e+03 2.506901727810707747e+00 1.535397953199063234e-02
2.490000000000000000e+03 2.505127505886695527e+00 1.552515399227575275e-02
2.520000000000000000e+03 2.505331558708376427e+00 1.538855205336510899e-02
2.550000000000000000e+03 2.505958978421197969e+00 1.494817669971830465e-02
2.580000000000000000e+03 2.506924808766390012e+00 1.393476962482191432e-02
2.610000000000000000e+03 2.508292070306512134e+00 1.381490653376130605e-02
2.640000000000000000e+03 2.510167064135625292e+00 1.386829832418557534e-02
2.670000000000000000e+03 2.510866514968211227e+00 1.439864072191671465e-02
2.700000000000000000e+03 2.511022642225188228e+00 1.404141683517378530e-02
2.730000000000000000e+03 2.512011706401426459e+00 1.358842553047447284e-02
2.760000000000000000e+03 2.511560735298837610e+00 1.302046399727509185e-02
2.790000000000000000e+03 2.512324144112080937e+00 1.245340699829138031e-02
2.820000000000000000e+03 2.510024851380284083e+00 1.185945933780228889e-02
2.850000000000000000e+03 2.508914137810965173e+00 1.159368384981991282e-02
2.880000000000000000e+03 2.507229513760273143e+00 1.178951233419283512e-02
2.910000000000000000e+03 2.505760001573685614e+00 1.219577908054591750e-02
2.940000000000000000e+03 2.503751568605312006e+00 1.271110639976862078e-02
2.970000000000000000e+03 2.504230025829056405e+00 1.277206025153325777e-02
3.000000000000000000e+03 2.505676571943798780e+00 1.279279591079574181e-02
3.030000000000000000e+03 2.504397166523725460e+00 1.282529947401811476e-02
3.060000000000000000e+03 2.502582215113623665e+00 1.276374780018778993e-02
3.090000000000000000e+03 2.505250926435009351e+00 1.272769599161256010e-02
3.120000000000000000e+03 2.506263965637196556e+00 1.235214417509515952e-02
3.150000000000000000e+03 2.506400101012857373e+00 1.207645784652826640e-02
3.180000000000000000e+03 2.508417398622504901e+00 1.209767661415929799e-02
3.210000000000000000e+03 2.509445915061228494e+00 1.235800260978318736e-02
3.240000000000000000e+03 2.510212710643024092e+00 1.296695299654857490e-02
3.270000000000000000e+03 2.509480928298404301e+00 1.278087525088381256e-02
3.300000000000000000e+03 2.508383758220039450e+00 1.240225638834461207e-02
3.330000000000000000e+03 2.507652997643996517e+00 1.249970094371080989e-02
3.360000000000000000e+03 2.506981064858918806e+00 1.229707550543298993e-02
3.390000000000000000e+03 2.506848196870570256e+00 1.264710181396363348e-02
3.420000000000000000e+03 2.507356935475729909e+00 1.239899316540075958e-02
3.450000000000000000e+03 2.507052863908426854e+00 1.207508643932382088e-02
3.480000000000000000e+03 2.506908110520051025e+00 1.191352500947739229e-02
3.510000000000000000e+03 2.508185339474104936e+00 1.211289667466858462e-02
3.540000000000000000e+03 2.508992379505786463e+00 1.227271276739448636e-02
3.570000000000000000e+03 2.508903342645268708e+00 1.222513044962542962e-02
3.600000000000000000e+03 2.510490419519038952e+00 1.219114348673859191e-02
3.630000000000000000e+03 2.509188970833164500e+00 1.234298804213270449e-02
3.660000000000000000e+03 2.508445224086075509e+00 1.243362489443231890e-02
3.690000000000000000e+03 2.509071342828182782e+00 1.261815945576755596e-02
3.720000000000000000e+03 2.507470736466201444e+00 1.244421882487259899e-02
3.750000000000000000e+03 2.505418361158330942e+00 1.187471553668919579e-02
3.780000000000000000e+03 2.505728151551113836e+00 1.163764302673852592e-02
3.810000000000000000e+03 2.504768209458791972e+00 1.103872102210630944e-02
3.840000000000000000e+03 2.504814694945757036e+00 1.108831093581870951e-02
3.870000000000000000e+03 2.505594827068912789e+00 1.077330634634439399e-02
3.900000000000000000e+03 2.505558023574258719e+00 1.078518947369249727e-02
3.930000000000000000e+03 2.505897682992650477e+00 1.092350882235076405e-02
3.960000000000000000e+03 2.505834616247561542e+00 1.077647349718660261e-02
3.990000000000000000e+03 2.506641507371915711e+00 1.094246039743637482e-02
4.020000000000000000e+03 2.505857614039735282e+00 1.084648677965851377e-02
4.050000000000000000e+03 2.507165364422557108e+00 1.096560440148985904e-02
4.080000000000000000e+03 2.507691728487328575e+00 1.064331940617674159e-02
4.110000000000000000e+03 2.508520145285923597e+00 1.038682371960625815e-02
4.140000000000000000e+03 2.507571338089696678e+00 1.050462807219830486e-02
4.170000000000000000e+03 2.507183095089545510e+00 1.068518323123269706e-02
4.200000000000000000e+03 2.506780531323263617e+00 1.076275965375617441e-02
4.230000000000000000e+03 2.507244105055059347e+00 1.112920059432278772e-02
4.260000000000000000e+03 2.507800032601353202e+00 1.080300273939832981e-02
4.290000000000000000e+03 2.507160711368600747e+00 1.044555863607547763e-02
4.320000000000000000e+03 2.508479473263685922e+00 1.030647917239987249e-02
4.350000000000000000e+03 2.508106436867870492e+00 1.012281796381512070e-02
4.380000000000000000e+03 2.508435636951678038e+00 1.001527300854906759e-02
4.410000000000000000e+03 2.508159708498282292e+00 9.772838877808174077e-03
4.440000000000000000e+03 2.508866754819665701e+00 9.658529914743951492e-03
4.470000000000000000e+03 2.509243214131839927e+00 1.001785849893352051e-02
4.500000000000000000e+03 2.508638046101256069e+00 1.014806875652946548e-02
4.530000000000000000e+03 2.509157555360250758e+00 1.014015174441789194e-02
4.560000000000000000e+03 2.508471744279215265e+00 9.882762956760991410e-03
4.590000000000000000e+03 2.507396052829196087e+00 9.999703917564245481e-03
4.620000000000000000e+03 2.506066339933301634e+00 1.007076731646509328e-02
4.650000000000000000e+03 2.504428541435718358e+00 9.938468172762390113e-03
4.680000000000000000e+03 2.504645791637581276e+00 1.010467507201074679e-02
4.710000000000000000e+03 2.504550155255821142e+00 1.027040590098248114e-02
4.740000000000000000e+03 2.506204007526725341e+00 1.025024851770279036e-02
4.770000000000000000e+03 2.506505982008507605e+00 1.035800929582838571e-02
4.800000000000000000e+03 2.506950354569942085e+00 1.034354752317790706e-02
4.830000000000000000e+03 2.507127975796199060e+00 1.009327977439115030e-02
4.860000000000000000e+03 2.507745504706218931e+00 1.042437905055430131e-02
4.890000000000000000e+03 2.508830297188221259e+00 1.056431179217768267e-02
4.920000000000000000e+03 2.507561150745818424e+00 1.063338001657913520e-02
4.950000000000000000e+03 2.505887477769412897e+00 1.047504726958322155e-02
4.980000000000000000e+03 2.504776641894096212e+00 1.035586134385134589e-02
5.010000000000000000e+03 2.504499908003616770e+00 1.030246757124477115e-02
5.040000000000000000e+03 2.503631154550385762e+00 1.047127329837228490e-02
5.070000000000000000e+03 2.503493376222807321e+00 1.055813014210313025e-02
5.100000000000000000e+03 2.502603276319348424e+00 1.047707912187769222e-02
5.130000000000000000e+03 2.502357828574118592e+00 1.053256390641388318e-02
5.160000000000000000e+03 2.503115752463750621e+00 1.042731090131646110e-02
5.190000000000000000e+03 2.503434127936507991e+00 1.023215503231003284e-02
5.220000000000000000e+03 2.503254505829730636e+00 1.026716634541738511e-02
5.250000000000000000e+03 2.503976251602024305e+00 1.058921401730113232e-02
5.280000000000000000e+03 2.502892737662148370e+00 1.075637492114249472e-02
5.310000000000000000e+03 2.502514354366355942e+00 1.063593873661570002e-02
5.340000000000000000e+03 2.501337719018313699e+00 1.080895406418466535e-02
5.370000000000000000e+03 2.501484198374629209e+00 1.077092703540092483e-02
5.400000000000000000e+03 2.501567609422175043e+00 1.054214320167454720e-02
5.430000000000000000e+03 2.501073831450522977e+00 1.052765833323275960e-02
5.460000000000000000e+03 2.500769150398633123e+00 1.079753544018738527e-02
5.490000000000000000e+03 2.499711947265328860e+00 1.080108760566272051e-02
5.520000000000000000e+03 2.498686701158207679e+00 1.093698614105113702e-02
5.550000000000000000e+03 2.499144636107655693e+00 1.081571575088373718e-02
5.580000000000000000e+03 2.499204373643530985e+00 1.092144949804609716e-02
5.610000000000000000e+03 2.499077074370192886e+00 1.101112353173161994e-02
5.640000000000000000e+03 2.498195933093414034e+00 1.104865546383229473e-02
5.670000000000000000e+03 2.497765389985812767e+00 1.069672589169373168e-02
5.700000000000000000e+03 2.496782799630625327e+00 1.079046898099587752e-02
5.730000000000000000e+03 2.496895112260417271e+00 1.074074762280774475e-02
5.760000000000000000e+03 2.497397083544614649e+00 1.072677474027845107e-02
5.790000000000000000e+03 2.497276997899312789e+00 1.079895266089662270e-02
5.820000000000000000e+03 2.496891277153923117e+00 1.069231429422103780e-02
5.850000000000000000e+03 2.495232828272971659e+00 1.064632729614746823e-02
5.880000000000000000e+03 2.495235674346881982e+00 1.050956717177560333e-02
5.910000000000000000e+03 2.494671450382954792e+00 1.052048978092871151e-02
5.940000000000000000e+03 2.494594559635299635e+00 1.034380029916153951e-02
5.970000000000000000e+03 2.494070554246076377e+00 1.030381980249477601e-02
6.000000000000000000e+03 2.494562856560024411e+00 1.006755261816474033e-02
6.030000000000000000e+03 2.494756601178214961e+00 1.000068413020952646e-02
6.060000000000000000e+03 2.494981501105537181e+00 1.005134189672084351e-02
6.090000000000000000e+03 2.495106172259256017e+00 9.978084823790405594e-03
6.120000000000000000e+03 2.494386323269157213e+00 1.008652034036579270e-02
6.150000000000000000e+03 2.494862444352138553e+00 9.884373307232565894e-03
6.180000000000000000e+03 2.495666228184391766e+00 9.797789114759921508e-03
6.210000000000000000e+03 2.495533471792487745e+00 9.842781937430078107e-03
6.240000000000000000e+03 2.495103138642400964e+00 1.000129032006243958e-02
6.270000000000000000e+03 2.495969714466040656e+00 1.003301456305479358e-02
6.300000000000000000e+03 2.495556887683035630e+00 9.891600141281629149e-03
6.330000000000000000e+03 2.495374220114843222e+00 9.865431458160272768e-03
6.360000000000000000e+03 2.495864252487670409e+00 9.839364510421775775e-03
6.390000000000000000e+03 2.496654535416494625e+00 9.669255828837286862e-03
6.420000000000000000e+03 2.496000262392795488e+00 9.674463717228463586e-03
6.450000000000000000e+03 2.495438578751411285e+00 9.676373515453107546e-03
6.480000000000000000e+03 2.494422383683476685e+00 9.539769830381126733e-03
6.510000000000000000e+03 2.494271644483393224e+00 9.347561425579832550e-03
6.540000000000000000e+03 2.494313629890442030e+00 9.240047215008366510e-03
6.570000000000000000e+03 2.494007260559699013e+00 9.227293523969835529e-03
6.600000000000000000e+03 2.494257069620340772e+00 9.256443208467265635e-03
6.630000000000000000e+03 2.493807621184989554e+00 9.283765989208525235e-03
6.660000000000000000e+03 2.493746234756701430e+00 9.316351559276753874e-03
6.690000000000000000e+03 2.493280293297367223e+00 9.170297850447390459e-03
6.720000000000000000e+03 2.493155031039066660e+00 9.211478947184669613e-03
6.750000000000000000e+03 2.493403697326140644e+00 9.380605078415578044e-03
6.780000000000000000e+03 2.494023917030888882e+00 9.432487309387092150e-03
6.810000000000000000e+03 2.493810187991882810e+00 9.321090105466790440e-03
6.840000000000000000e+03 2.493917965834845152e+00 9.317096323230028218e-03
6.870000000000000000e+03 2.493489322253571672e+00 9.353017623106309533e-03
6.900000000000000000e+03 2.493633092753833047e+00 9.432811460708106360e-03
6.930000000000000000e+03 2.493293197109028636e+00 9.312930507733139032e-03
6.960000000000000000e+03 2.492636209380958867e+00 9.251110139171970712e-03
6.990000000000000000e+03 2.493299910448283363e+00 9.062590758485917011e-03
7.020000000000000000e+03 2.493590565247309154e+00 9.067146827656715619e-03
7.050000000000000000e+03 2.492905607762686326e+00 8.932545230266040678e-03
7.080000000000000000e+03 2.493219821395592284e+00 9.176341072367338869e-03
7.110000000000000000e+03 2.492668745610429948e+00 9.207831326352730952e-03
7.140000000000000000e+03 2.493531674435774725e+00 9.135119323693952423e-03
7.170000000000000000e+03 2.494213963733618034e+00 9.110337286129085305e-03
7.200000000000000000e+03 2.493737489608745861e+00 8.972411499423373765e-03
7.230000000000000000e+03 2.494624709465630641e+00 8.892008700555150205e-03
7.260000000000000000e+03 2.495470588890480457e+00 8.633760876723838365e-03
7.290000000000000000e+03 2.494952310270260654e+00 8.701188005621069907e-03
7.320000000000000000e+03 2.494746306558044857e+00 8.732948021489390922e-03
7.350000000000000000e+03 2.494305379309672333e+00 8.657334400961147133e-03
7.380000000000000000e+03 2.494376085067664395e+00 8.429119899052808437e-03
7.410000000000000000e+03 2.494719117138050279e+00 8.411746086050296556e-03
7.440000000000000000e+03 2.494607997854161763e+00 8.243322632540813974e-03
7.470000000000000000e+03 2.494547110439730542e+00 8.212042104736716822e-03
7.500000000000000000e+03 2.494861164764312189e+00 8.212682681317961045e-03
7.530000000000000000e+03 2.495294563129849763e+00 8.164734252880693696e-03
7.560000000000000000e+03 2.495489697015329522e+00 8.103052831043747184e-03
7.590000000000000000e+03 2.496040004105770205e+00 8.340725560296680802e-03
7.620000000000000000e+03 2.495968400060212034e+00 8.321370328822403142e-03
7.650000000000000000e+03 2.496155861400024989e+00 8.257848033904656784e-03
7.680000000000000000e+03 2.496450027484010903e+00 8.333660967195163916e-03
7.710000000000000000e+03 2.497020418433627320e+00 8.252612486941842199e-03
7.740000000000000000e+03 2.497483714631991258e+00 8.347189088194728948e-03
7.770000000000000000e+03 2.496816798909297308e+00 8.224188929370962464e-03
7.800000000000000000e+03 2.497493555686050914e+00 8.091536518343777490e-03
7.830000000000000000e+03 2.498331016159823559e+00 8.032616051660916232e-03
7.860000000000000000e+03 2.498195311459591839e+00 8.047935622641175582e-03
7.890000000000000000e+03 2.498928401695511337e+00 7.944286082605939506e-03
7.920000000000000000e+03 2.498250024078161324e+00 7.939144489875534644e-03
7.950000000000000000e+03 2.498148885454684720e+00 7.781334379648765544e-03
7.980000000000000000e+03 2.498483321093422749e+00 7.742483165124009609e-03
8.010000000000000000e+03 2.497956011998660575e+00 7.837096747812272168e-03
8.040000000000000000e+03 2.498310083185032671e+00 7.818675621758827340e-03
8.070000000000000000e+03 2.499142672065615578e+00 8.006770696773631707e-03
8.100000000000000000e+03 2.499588999104795928e+00 7.818376655562534958e-03
8.130000000000000000e+03 2.500194215609047532e+00 7.735567502666028210e-03
8.160000000000000000e+03 2.499986904249688280e+00 7.654305117933885017e-03
8.190000000000000000e+03 2.500897505644091190e+00 7.666782221070203400e-03
8.220000000000000000e+03 2.501051919746394514e+00 7.723288859194497695e-03
8.250000000000000000e+03 2.501973928405800240e+00 7.645518828053829083e-03
8.280000000000000000e+03 2.501936953129864971e+00 7.807570988444545619e-03
8.310000000000000000e+03 2.501372896757822151e+00 7.710796107623570442e-03
8.340000000000000000e+03 2.501046995097064407e+00 7.565098204543740587e-03
8.370000000000000000e+03 2.501160589791978861e+00 7.662479760428515980e-03
8.400000000000000000e+03 2.501229467204542090e+00 7.507394649178925593e-03
8.430000000000000000e+03 2.501933051484542148e+00 7.518175656351920935e-03
8.460000000000000000e+03 2.501291565480070922e+00 7.654956281977390309e-03
8.490000000000000000e+03 2.501024011005001491e+00 7.835818573733588019e-03
8.520000000000000000e+03 2.501179347781893991e+00 7.859345361411087041e-03
8.550000000000000000e+03 2.501221445803106569e+00 7.879645645415126951e-03
8.580000000000000000e+03 2.501747684244372660e+00 7.912212849032472864e-03
8.610000000000000000e+03 2.502239796880664002e+00 7.921361462275009965e-03
8.640000000000000000e+03 2.501998183413864929e+00 7.938664998778790366e-03
8.670000000000000000e+03 2.501976108710627145e+00 8.023823935402091961e-03
8.700000000000000000e+03 2.502092481545947766e+00 8.037313788170392589e-03
8.730000000000000000e+03 2.502109458017019783e+00 8.001897495007646854e-03
8.760000000000000000e+03 2.502157368529662307e+00 8.074048288913152419e-03
8.790000000000000000e+03 2.502007579525176606e+00 7.903774966429129994e-03
8.820000000000000000e+03 2.501565422219713675e+00 7.971121268794486084e-03
8.850000000000000000e+03 2.501642764555032095e+00 7.920749304177828257e-03
8.880000000000000000e+03 2.501246102543806415e+00 7.854764125017460116e-03
8.910000000000000000e+03 2.501867805607608020e+00 7.883502837319507697e-03
8.940000000000000000e+03 2.501842017830648857e+00 7.917553999839937323e-03
8.970000000000000000e+03 2.502030902488663777e+00 7.855907061446017192e-03
9.000000000000000000e+03 2.502214805092658700e+00 7.967296197668855690e-03
9.030000000000000000e+03 2.502029615495916737e+00 7.914591227404071602e-03
9.060000000000000000e+03 2.501807316773293266e+00 7.804406312198267949e-03
9.090000000000000000e+03 2.501270650702774212e+00 7.715149554344296300e-03
9.120000000000000000e+03 2.501201072151352456e+00 7.758431124796182597e-03
9.150000000000000000e+03 2.501403634719717051e+00 7.724471297156289273e-03
9.180000000000000000e+03 2.501774612361308936e+00 7.711748537676955950e-03
9.210000000000000000e+03 2.501790505658236796e+00 7.651908665830794813e-03
9.240000000000000000e+03 2.501873377166860202e+00 7.741324478041838701e-03
9.270000000000000000e+03 2.502342313168191001e+00 7.698927749777975324e-03
9.300000000000000000e+03 2.502485627457166739e+00 7.701101820091112334e-03
9.330000000000000000e+03 2.502492667595810349e+00 7.697187397512053088e-03
9.360000000000000000e+03 2.502030086082268401e+00 7.662545006511917514e-03
9.390000000000000000e+03 2.502357059827515329e+00 7.614843922122703328e-03
9.420000000000000000e+03 2.502405684456301405e+00 7.794181290650554692e-03
9.450000000000000000e+03 2.502559587804721986e+00 7.844987450236635615e-03
9.480000000000000000e+03 2.502412315501223006e+00 7.749872599973677174e-03
9.510000000000000000e+03 2.503129039609217621e+00 7.856551874425772922e-03
9.540000000000000000e+03 2.502881360232528607e+00 7.643111764567669768e-03
9.570000000000000000e+03 2.502634104087860134e+00 7.584682796583195816e-03
9.600000000000000000e+03 2.502426648765810668e+00 7.476947225031398310e-03
9.630000000000000000e+03 2.502356656815193592e+00 7.369932476312949197e-03
9.660000000000000000e+03 2.502800899337750629e+00 7.411106264081323419e-03
9.690000000000000000e+03 2.502959741960000706e+00 7.508715193587023155e-03
9.720000000000000000e+03 2.502878145939566590e+00 7.588503225504407597e-03
9.750000000000000000e+03 2.503084676718980717e+00 7.530428018981952763e-03
9.780000000000000000e+03 2.503113658039258116e+00 7.524750397234818144e-03
9.810000000000000000e+03 2.503152200619743084e+00 7.489793683552866017e-03
9.840000000000000000e+03 2.503329563703648120e+00 7.543293613124233202e-03
9.870000000000000000e+03 2.503768561744968313e+00 7.626383085462188141e-03
9.900000000000000000e+03 2.503684879668394370e+00 7.539170678892775750e-03
9.930000000000000000e+03 2.503727963902449005e+00 7.491923566069202955e-03
9.960000000000000000e+03 2.502951890467685736e+00 7.508996040374618132e-03
9.990000000000000000e+03 2.503257492259469252e+00 7.488094526253381844e-03
1.002000000000000000e+04 2.503400992263302705e+00 7.481252335574718054e-03
1.005000000000000000e+04 2.503670745885781201e+00 7.594914412799153719e-03
1.008000000000000000e+04 2.504334752197686420e+00 7.651933855228396433e-03
1.011000000000000000e+04 2.504414270220856942e+00 7.693742833418316072e-03
1.014000000000000000e+04 2.504636198526967839e+00 7.805620062551953293e-03
1.017000000000000000e+04 2.504573474704485214e+00 7.774521083925464184e-03
1.020000000000000000e+04 2.504621659308157167e+00 7.733505313189083068e-03
1.023000000000000000e+04 2.504991266832213181e+00 7.677783267916480324e-03
1.026000000000000000e+04 2.505161832976935177e+00 7.671233962367909713e-03
1.029000000000000000e+04 2.505242410037550549e+00 7.731517602313983661e-03
1.032000000000000000e+04 2.505442992069206287e+00 7.785913451578638407e-03
1.035000000000000000e+04 2.505538384998485579e+00 7.715683479851884012e-03
1.038000000000000000e+04 2.505903166941589877e+00 7.724166371649172566e-03
1.041000000000000000e+04 2.505777303596455230e+00 7.718961152998213802e-03
1.044000000000000000e+04 2.505690970729091749e+00 7.711838103242880764e-03
1.047000000000000000e+04 2.505518696225648156e+00 7.625557372498336685e-03
1.050000000000000000e+04 2.505834313958209325e+00 7.667073112151348048e-03
1.053000000000000000e+04 2.505755608243987798e+00 7.774377864705542263e-03
1.056000000000000000e+04 2.505908099962880886e+00 7.595391335631583238e-03
1.059000000000000000e+04 2.506229362982820508e+00 7.485030688249998815e-03
1.062000000000000000e+04 2.505966812773381847e+00 7.457796973388669190e-03
1.065000000000000000e+04 2.505933838149415394e+00 7.438107305425189705e-03
1.068000000000000000e+04 2.506048758429884948e+00 7.334452066793333870e-03
1.071000000000000000e+04 2.505711617620983045e+00 7.181830472512718347e-03
1.074000000000000000e+04 2.505622460697362275e+00 7.306977502348864853e-03
1.077000000000000000e+04 2.506173633103236931e+00 7.288957319960018104e-03
1.080000000000000000e+04 2.506448771198494629e+00 7.314159287845126839e-03
1.083000000000000000e+04 2.506555294533755696e+00 7.297591300434797673e-03
1.086000000000000000e+04 2.506467794056504328e+00 7.266078010156525394e-03
1.089000000000000000e+04 2.506502018190887249e+00 7.111038193783792913e-03
1.092000000000000000e+04 2.506065921606412505e+00 7.131425700689614233e-03
1.095000000000000000e+04 2.505975631536635717e+00 7.104597475518181077e-03
1.098000000000000000e+04 2.505679955258771408e+00 7.073676342919429059e-03
1.101000000000000000e+04 2.506033076338805010e+00 7.181812484552269060e-03
1.104000000000000000e+04 2.506030886017818649e+00 7.282008943735970852e-03
1.107000000000000000e+04 2.506541739928906942e+00 7.388596898024154050e-03
1.110000000000000000e+04 2.506426864443671132e+00 7.287932763481357566e-03
1.113000000000000000e+04 2.505957271369854578e+00 7.293778835502812662e-03
1.116000000000000000e+04 2.505461325871339184e+00 7.297762831032572790e-03
1.119000000000000000e+04 2.506293453670736859e+00 7.311424290973561613e-03
1.122000000000000000e+04 2.505838228897753872e+00 7.223443402135656770e-03
1.125000000000000000e+04 2.505583576319586392e+00 7.227333051822599878e-03
1.128000000000000000e+04 2.505299450568102326e+00 7.357400672232433832e-03
1.131000000000000000e+04 2.505246184233826501e+00 7.410498986463310948e-03
1.134000000000000000e+04 2.506025180810962372e+00 7.363733024079597601e-03
1.137000000000000000e+04 2.505612353471320386e+00 7.317343486630286005e-03
1.140000000000000000e+04 2.506002220013995530e+00 7.298379565705223788e-03
1.143000000000000000e+04 2.505987154205381540e+00 7.255846237258070652e-03
1.146000000000000000e+04 2.506056429031698674e+00 7.167240985234712460e-03
1.149000000000000000e+04 2.506089720332867810e+00 7.094006154341531666e-03
1.152000000000000000e+04 2.506523229546324227e+00 7.124682819394855156e-03
1.155000000000000000e+04 2.506712691502357426e+00 7.018182073924709649e-03
1.158000000000000000e+04 2.506812291744260346e+00 6.900198814661437884e-03
1.161000000000000000e+04 2.506520217738985146e+00 6.943149735792786097e-03
1.164000000000000000e+04 2.506430177996769260e+00 6.960234339486596859e-03
1.167000000000000000e+04 2.505828153273177872e+00 6.908961683457188335e-03
1.170000000000000000e+04 2.505625033539485624e+00 6.774073663816757886e-03
1.173000000000000000e+04 2.505557938240944971e+00 6.595298497848298483e-03
1.176000000000000000e+04 2.505483509254941232e+00 6.678456816411298090e-03
1.179000000000000000e+04 2.505844356603507350e+00 6.754225079788536007e-03
1.182000000000000000e+04 2.506246292838080425e+00 6.854507563052843200e-03
1.185000000000000000e+04 2.506266480765691362e+00 6.761685769906278405e-03
1.188000000000000000e+04 2.506143097863362090e+00 6.779155959111202168e-03
1.191000000000000000e+04 2.506437931409672082e+00 6.839952839167919886e-03
1.194000000000000000e+04 2.506835739336932711e+00 6.867339077326700680e-03
1.197000000000000000e+04 2.506555292284774250e+00 6.972899477523955558e-03
1.200000000000000000e+04 2.506118064839568671e+00 6.863512376179933122e-03
1.203000000000000000e+04 2.506127078942729014e+00 6.907582310077192006e-03
1.206000000000000000e+04 2.506341625911408855e+00 6.875002619713709885e-03
1.209000000000000000e+04 2.506652077292444769e+00 6.915362898252269859e-03
1.212000000000000000e+04 2.506827499065442666e+00 6.897979883662945164e-03
1.215000000000000000e+04 2.506738193143385196e+00 6.783842385353171245e-03
1.218000000000000000e+04 2.507040451105644330e+00 6.813769874355800338e-03
1.221000000000000000e+04 2.507184511778774549e+00 6.842505406798903185e-03
1.224000000000000000e+04 2.507614581753396354e+00 6.836637576486851754e-03
1.227000000000000000e+04 2.507717606200205562e+00 6.817983129440106753e-03
1.230000000000000000e+04 2.507699251043370214e+00 6.669849381332880467e-03
1.233000000000000000e+04 2.508120425137092546e+00 6.740369664040932879e-03
1.236000000000000000e+04 2.507728167186614954e+00 6.769102979336361070e-03
1.239000000000000000e+04 2.508017471434833556e+00 6.789222571457970493e-03
1.242000000000000000e+04 2.508290357147532568e+00 6.806513208782602464e-03
1.245000000000000000e+04 2.508708034785052110e+00 6.863109759935468769e-03
1.248000000000000000e+04 2.507980411893198536e+00 6.829820207022371803e-03
1.251000000000000000e+04 2.508128433302749372e+00 6.826957384850042276e-03
1.254000000000000000e+04 2.507631672043760585e+00 6.821026570765225013e-03
1.257000000000000000e+04 2.507370218545685869e+00 6.769164588543495446e-03
1.260000000000000000e+04 2.507420307691864192e+00 6.712629595364974673e-03
1.263000000000000000e+04 2.507338045521945613e+00 6.845617859573676148e-03
1.266000000000000000e+04 2.507786370708950940e+00 6.869379289381292476e-03
1.269000000000000000e+04 2.507238603360635310e+00 6.832054167781887073e-03
1.272000000000000000e+04 2.507444115815792074e+00 6.809520658284245152e-03
1.275000000000000000e+04 2.507350185403638854e+00 6.688601631259327544e-03
1.278000000000000000e+04 2.507322834714024840e+00 6.692087392665497549e-03
1.281000000000000000e+04 2.507157919569687810e+00 6.665359047309101122e-03
1.284000000000000000e+04 2.507332464370230607e+00 6.600137512082258386e-03
1.287000000000000000e+04 2.507574836921099948e+00 6.654546538423063845e-03
1.290000000000000000e+04 2.507169688175734379e+00 6.765901841273657888e-03
1.293000000000000000e+04 2.507106881821960176e+00 6.780865398471127257e-03
1.296000000000000000e+04 2.506311660402575914e+00 6.844718564359904799e-03
1.299000000000000000e+04 2.506322610336127799e+00 6.915286362983741678e-03
1.302000000000000000e+04 2.505997240978843799e+00 6.909931866183422096e-03
1.305000000000000000e+04 2.505551513718955903e+00 6.838417153551531145e-03
1.308000000000000000e+04 2.505255631513995329e+00 6.901523281729893440e-03
1.311000000000000000e+04 2.504893297175852407e+00 7.001464847927952456e-03
1.314000000000000000e+04 2.504613916744609092e+00 6.979298497215465080e-03
1.317000000000000000e+04 2.504120688461155542e+00 7.016979128626131892e-03
1.320000000000000000e+04 2.503635157486995055e+00 7.013475284778888756e-03
1.323000000000000000e+04 2.503549360590021866e+00 6.967415874750069495e-03
1.326000000000000000e+04 2.503815880113401171e+00 7.001581971282774472e-03
1.329000000000000000e+04 2.503535636469538694e+00 6.935771320333475320e-03
1.332000000000000000e+04 2.503287157200213997e+00 6.987711784822917341e-03
1.335000000000000000e+04 2.503024737308014114e+00 6.832506313753158346e-03
1.338000000000000000e+04 2.502523938144138871e+00 6.801556673811273539e-03
1.341000000000000000e+04 2.502756362661259004e+00 6.872917849247445893e-03
1.344000000000000000e+04 2.503140117697420397e+00 6.817092839259431339e-03
1.347000000000000000e+04 2.503291770092599844e+00 6.872470854444226625e-03
1.350000000000000000e+04 2.503358128411174111e+00 6.847484650907223122e-03
1.353000000000000000e+04 2.502896465101795087e+00 6.913610833576108033e-03
1.356000000000000000e+04 2.503029946708895004e+00 6.981437407607148614e-03
1.359000000000000000e+04 2.503230233400879357e+00 6.931365622822021483e-03
1.362000000000000000e+04 2.503270062353135650e+00 6.886375088280835034e-03
1.365000000000000000e+04 2.502986811699461356e+00 6.884393303683834960e-03
1.368000000000000000e+04 2.502750792682189029e+00 6.896805990361118410e-03
1.371000000000000000e+04 2.502502164565017839e+00 6.906520022653844272e-03
1.374000000000000000e+04 2.502226577760861215e+00 6.974367252711738234e-03
1.377000000000000000e+04 2.502479682095452684e+00 6.916232589386313648e-03
1.380000000000000000e+04 2.502417470311308456e+00 6.814213203352278113e-03
1.383000000000000000e+04 2.502011017288888972e+00 6.736368156253873946e-03
1.386000000000000000e+04 2.502441188087841439e+00 6.756501953825639825e-03
1.389000000000000000e+04 2.502631306765011221e+00 6.769218116249963238e-03
1.392000000000000000e+04 2.502576499034198765e+00 6.696103452085711873e-03
1.395000000000000000e+04 2.502633972387353634e+00 6.647411550471720061e-03
1.398000000000000000e+04 2.502606694882793636e+00 6.583324983155800468e-03
1.401000000000000000e+04 2.503065406620738731e+00 6.614506278602438893e-03
1.404000000000000000e+04 2.502786686346158973e+00 6.478800848546277351e-03
1.407000000000000000e+04 2.503218743315167139e+00 6.476831567293957204e-03
1.410000000000000000e+04 2.503454530101672848e+00 6.513677182492288477e-03
1.413000000000000000e+04 2.503479475065429227e+00 6.471003051973776322e-03
1.416000000000000000e+04 2.503529678129101210e+00 6.532436007950163069e-03
1.419000000000000000e+04 2.503395755859319838e+00 6.501206145174023669e-03
1.422000000000000000e+04 2.503340631659138005e+00 6.548918810191116380e-03
1.425000000000000000e+04 2.503344799927767372e+00 6.556880668224393527e-03
1.428000000000000000e+04 2.503459843818536257e+00 6.532627690395757108e-03
1.431000000000000000e+04 2.503361448405164946e+00 6.558973252474105918e-03
1.434000000000000000e+04 2.503319610112794802e+00 6.544463473113910391e-03
1.437000000000000000e+04 2.503201242153843431e+00 6.525882949357711578e-03
1.440000000000000000e+04 2.503791924284563652e+00 6.544916771544996743e-03
1.443000000000000000e+04 2.504066537999235731e+00 6.434160355346106239e-03
1.446000000000000000e+04 2.503502745519244677e+00 6.354132921257268571e-03
1.449000000000000000e+04 2.503614468069307541e+00 6.327275445807837954e-03
1.452000000000000000e+04 2.503876118323947519e+00 6.373501124019754702e-03
1.455000000000000000e+04 2.503541087810972510e+00 6.281720098102103883e-03
1.458000000000000000e+04 2.503656747413037120e+00 6.379391992560185833e-03
1.461000000000000000e+04 2.503765000549197151e+00 6.444750020770793029e-03
1.464000000000000000e+04 2.503716816444589099e+00 6.426322335186402009e-03
1.467000000000000000e+04 2.503938342446351051e+00 6.488424185377720567e-03
1.470000000000000000e+04 2.503531018966913102e+00 6.430332218960036275e-03
1.473000000000000000e+04 2.503204628434449130e+00 6.425035336910808227e-03
1.476000000000000000e+04 2.502852843257887816e+00 6.388333465701899298e-03
1.479000000000000000e+04 2.502367870194409427e+00 6.408669327249975033e-03
1.482000000000000000e+04 2.502149403888158652e+00 6.372030327821729713e-03
1.485000000000000000e+04 2.502079866337356240e+00 6.370297785559328116e-03
1.488000000000000000e+04 2.502331717148140289e+00 6.388003883344024400e-03
1.491000000000000000e+04 2.502207805106337446e+00 6.345871215854205494e-03
1.494000000000000000e+04 2.502064968295986347e+00 6.380030586577994586e-03
1.497000000000000000e+04 2.501854960930552263e+00 6.417059512853465555e-03
1.500000000000000000e+04 2.502253067203970449e+00 6.427882453027052717e-03
