# # n, sigma
3.000000000000000000e+01 4.411694068193030560e+00 1.679503977267098880e-01
6.000000000000000000e+01 4.398669810055809926e+00 1.736917773691711575e-01
9.000000000000000000e+01 4.050526076798591113e+00 1.983461441899370958e-01
1.200000000000000000e+02 2.703279927032907537e+00 1.447642241859033729e-01
1.500000000000000000e+02 2.499247796928860677e+00 9.112498093072304850e-02
1.800000000000000000e+02 3.260687346355643612e+00 1.675909080473479140e-01
2.100000000000000000e+02 3.229751456842256729e+00 3.018959843781960362e-01
2.400000000000000000e+02 3.252977859185789633e+00 2.764598068135140085e-01
2.700000000000000000e+02 3.037474173699616919e+00 2.784690531540924274e-01
3.000000000000000000e+02 2.465976133265745496e+00 5.479237934275689448e-02
3.300000000000000000e+02 2.466877199118134634e+00 4.319808217904800435e-02
3.600000000000000000e+02 2.461524685583023508e+00 3.866009815805594024e-02
3.900000000000000000e+02 2.473358042101184928e+00 4.440813946083769365e-02
4.200000000000000000e+02 2.463836190063935838e+00 4.222340929894509431e-02
4.500000000000000000e+02 2.477622025692279184e+00 3.857134413048743382e-02
4.800000000000000000e+02 2.485709774961539331e+00 3.385025823963315472e-02
5.100000000000000000e+02 2.495180706686247252e+00 3.257103657551419645e-02
5.400000000000000000e+02 2.494737645187194097e+00 3.088493230555304850e-02
5.700000000000000000e+02 2.515376953650822145e+00 3.197116637119209320e-02
6.000000000000000000e+02 2.524831911170932308e+00 3.159266138863822682e-02
6.300000000000000000e+02 2.514471941267881316e+00 3.076625284999865220e-02
6.600000000000000000e+02 2.521443636255979559e+00 2.974366493247010065e-02
6.900000000000000000e+02 2.517163370911219111e+00 2.903964626478029373e-02
7.200000000000000000e+02 2.527689664312256834e+00 2.961701117295309493e-02
7.500000000000000000e+02 2.515166066429005198e+00 2.787550257734526180e-02
7.800000000000000000e+02 2.518962324210643366e+00 2.786988677623032998e-02
8.100000000000000000e+02 2.525567016886631766e+00 2.628829444862570627e-02
8.400000000000000000e+02 2.524200799358776948e+00 2.545236199107332384e-02
8.700000000000000000e+02 2.528413859316211099e+00 2.524712949290137259e-02
9.000000000000000000e+02 2.512129469175318430e+00 2.446283909523873715e-02
9.300000000000000000e+02 2.528647738628313490e+00 2.407842442217320023e-02
9.600000000000000000e+02 2.535075632748064134e+00 2.404230137027187769e-02
9.900000000000000000e+02 2.543255083154919660e+00 2.350761659512463908e-02
1.020000000000000000e+03 2.543720956656213783e+00 2.154461590184134773e-02
1.050000000000000000e+03 2.542819119242658576e+00 2.117601330550776192e-02
1.080000000000000000e+03 2.532116989174820088e+00 2.112146938704299176e-02
1.110000000000000000e+03 2.531502455336184454e+00 2.150546113258027664e-02
1.140000000000000000e+03 2.534163356522994626e+00 2.293278671227270277e-02
1.170000000000000000e+03 2.529321830443469032e+00 2.152932662410136574e-02
1.200000000000000000e+03 2.519855566416538739e+00 2.101659401917043909e-02
1.230000000000000000e+03 2.522592310466313936e+00 2.036007334586924233e-02
1.260000000000000000e+03 2.522297172160976153e+00 2.124187371016768994e-02
1.290000000000000000e+03 2.527902518578719171e+00 2.007394299372538410e-02
1.320000000000000000e+03 2.521888481414409799e+00 1.858906468772134057e-02
1.350000000000000000e+03 2.521409095139152345e+00 1.940727195545878872e-02
1.380000000000000000e+03 2.526115889278734539e+00 1.944346036429739702e-02
1.410000000000000000e+03 2.523405643360418615e+00 1.920871467326993112e-02
1.440000000000000000e+03 2.521434380452103330e+00 1.896602279159485469e-02
1.470000000000000000e+03 2.519220660562537795e+00 1.837654836960214005e-02
1.500000000000000000e+03 2.519351696223588899e+00 1.668511532598225544e-02
1.530000000000000000e+03 2.519101335169779077e+00 1.758407590323870021e-02
1.560000000000000000e+03 2.514795491646953263e+00 1.723934263829694086e-02
1.590000000000000000e+03 2.516933059510754855e+00 1.719578301445703200e-02
1.620000000000000000e+03 2.514041666942897102e+00 1.642079430641230423e-02
1.650000000000000000e+03 2.512900590285960245e+00 1.660795645954319527e-02
1.680000000000000000e+03 2.512882016117142570e+00 1.523996471014073956e-02
1.710000000000000000e+03 2.511037757665563142e+00 1.521824909103342179e-02
1.740000000000000000e+03 2.511466057758656056e+00 1.521497494118690536e-02
1.770000000000000000e+03 2.511323473706471798e+00 1.612492463973633217e-02
1.800000000000000000e+03 2.514057119614523383e+00 1.652870300426780709e-02
1.830000000000000000e+03 2.516714400741480784e+00 1.649610614757460528e-02
1.860000000000000000e+03 2.515870869910438845e+00 1.563395424046377241e-02
1.890000000000000000e+03 2.514711483573286888e+00 1.561128579737856327e-02
1.920000000000000000e+03 2.513584777399166637e+00 1.541065046223467037e-02
1.950000000000000000e+03 2.515998712253434189e+00 1.465110773671127013e-02
1.980000000000000000e+03 2.516204520514389920e+00 1.464844735046901512e-02
2.010000000000000000e+03 2.517621108141828490e+00 1.396179335624087546e-02
2.040000000000000000e+03 2.513234187679702636e+00 1.312401222665889565e-02
2.070000000000000000e+03 2.511274239684084808e+00 1.321509923790131942e-02
2.100000000000000000e+03 2.512044198081878399e+00 1.324318778983802139e-02
2.130000000000000000e+03 2.513986920357179855e+00 1.291978892084305434e-02
2.160000000000000000e+03 2.512017138766714286e+00 1.287655751531885731e-02
2.190000000000000000e+03 2.508240982219541948e+00 1.275250448342074572e-02
2.220000000000000000e+03 2.509948123856637903e+00 1.214971080408085678e-02
2.250000000000000000e+03 2.507059209446904191e+00 1.175302375948413490e-02
2.280000000000000000e+03 2.509299976613885264e+00 1.140934448468391114e-02
2.310000000000000000e+03 2.510133198015938039e+00 1.084668493722113804e-02
2.340000000000000000e+03 2.508291524161474495e+00 1.102037943181620114e-02
2.370000000000000000e+03 2.511525539062322121e+00 1.107216404927746124e-02
2.400000000000000000e+03 2.511843712051428756e+00 1.122884099594077464e-02
2.430000000000000000e+03 2.513627525785053773e+00 1.174461478239383766e-02
2.460000000000000000e+03 2.511785556527191599e+00 1.172524792913492812e-02
2.490000000000000000e+03 2.510305718561413713e+00 1.172931161360952872e-02
2.520000000000000000e+03 2.510616899678957736e+00 1.154708398841642995e-02
2.550000000000000000e+03 2.510568194984002410e+00 1.117731757519831344e-02
2.580000000000000000e+03 2.513134325952788295e+00 1.155560690782613496e-02
2.610000000000000000e+03 2.514219935423541497e+00 1.102060787190464047e-02
2.640000000000000000e+03 2.516975628504094509e+00 1.139087185035808115e-02
2.670000000000000000e+03 2.518645288649002723e+00 1.118857580109189169e-02
2.700000000000000000e+03 2.516971613759636739e+00 1.126074304274764584e-02
2.730000000000000000e+03 2.516380084066720979e+00 1.172116210673541416e-02
2.760000000000000000e+03 2.515505671862252601e+00 1.237467866988779461e-02
2.790000000000000000e+03 2.515371333788137598e+00 1.212967444031631641e-02
2.820000000000000000e+03 2.515478471664998938e+00 1.183434783225902238e-02
2.850000000000000000e+03 2.518338536315877008e+00 1.125950034621131697e-02
2.880000000000000000e+03 2.517120308898737946e+00 1.084740756611263235e-02
2.910000000000000000e+03 2.514607759171930468e+00 1.100603126705224956e-02
2.940000000000000000e+03 2.512111533870114322e+00 1.020819891941584720e-02
2.970000000000000000e+03 2.511448921944078094e+00 1.060136440625538377e-02
3.000000000000000000e+03 2.509973248029740311e+00 1.079292321823217826e-02
3.030000000000000000e+03 2.511896298296040442e+00 1.122330371117054651e-02
3.060000000000000000e+03 2.511832059687764573e+00 1.123406256784749771e-02
3.090000000000000000e+03 2.510037824151199359e+00 1.109998676951864417e-02
3.120000000000000000e+03 2.508494812738765845e+00 1.087646499378272166e-02
3.150000000000000000e+03 2.509502693193024658e+00 1.053406084669017591e-02
3.180000000000000000e+03 2.509695254924482644e+00 1.055298327277245408e-02
3.210000000000000000e+03 2.508284911525868299e+00 1.095402557495386148e-02
3.240000000000000000e+03 2.509474487308675617e+00 1.086111391299472533e-02
3.270000000000000000e+03 2.510780515540246061e+00 1.086532579495965399e-02
3.300000000000000000e+03 2.510232438673623445e+00 1.086739469932047897e-02
3.330000000000000000e+03 2.509152225121578095e+00 1.094144182062312294e-02
3.360000000000000000e+03 2.509536158196582711e+00 1.096103670512921062e-02
3.390000000000000000e+03 2.509182154585430702e+00 1.090519630613479701e-02
3.420000000000000000e+03 2.511909543920105570e+00 1.088931902716802624e-02
3.450000000000000000e+03 2.511709580265445663e+00 1.050234758451347103e-02
3.480000000000000000e+03 2.510354918909044386e+00 1.015059504541991967e-02
3.510000000000000000e+03 2.510038144014344663e+00 1.026393107606186211e-02
3.540000000000000000e+03 2.509578394994810502e+00 1.007752081731617434e-02
3.570000000000000000e+03 2.510764342125983095e+00 9.729126410093418692e-03
3.600000000000000000e+03 2.511539379034362973e+00 1.021441102615233687e-02
3.630000000000000000e+03 2.510500839569780762e+00 1.017515740445941105e-02
3.660000000000000000e+03 2.509057344094976383e+00 1.024452635391680244e-02
3.690000000000000000e+03 2.507453874617949996e+00 9.852314845626056194e-03
3.720000000000000000e+03 2.507518999585640174e+00 1.001486895620879412e-02
3.750000000000000000e+03 2.505284125671246809e+00 1.006786518444352865e-02
3.780000000000000000e+03 2.506797175258416832e+00 1.021815667642497587e-02
3.810000000000000000e+03 2.507513861243036324e+00 1.031700311280882992e-02
3.840000000000000000e+03 2.509160068369410190e+00 1.024126065520739905e-02
3.870000000000000000e+03 2.509667124273736061e+00 1.028519996678534804e-02
3.900000000000000000e+03 2.510810605894236769e+00 1.026880577662243714e-02
3.930000000000000000e+03 2.510047465851332760e+00 1.032293446740558361e-02
3.960000000000000000e+03 2.509665699155917640e+00 1.019021992425146045e-02
3.990000000000000000e+03 2.511005120854678641e+00 9.865945354961803970e-03
4.020000000000000000e+03 2.510277386105941311e+00 9.820856904687879502e-03
4.050000000000000000e+03 2.511811875636467128e+00 1.003533256634493373e-02
4.080000000000000000e+03 2.511673559963742086e+00 1.012706399683248153e-02
4.110000000000000000e+03 2.512486804963329323e+00 1.027764676265279474e-02
4.140000000000000000e+03 2.513869024655009721e+00 1.054596587448129903e-02
4.170000000000000000e+03 2.515095781294329313e+00 1.053203266766798187e-02
4.200000000000000000e+03 2.515161577241651791e+00 1.025483504948562427e-02
4.230000000000000000e+03 2.515304112337936715e+00 1.038178990307896989e-02
4.260000000000000000e+03 2.516286928074908058e+00 1.034718870716046409e-02
4.290000000000000000e+03 2.512947078270462153e+00 1.037248344958529613e-02
4.320000000000000000e+03 2.515631676935820682e+00 1.033077934742149262e-02
4.350000000000000000e+03 2.516353194385806180e+00 1.049324346006316917e-02
4.380000000000000000e+03 2.514674450312332166e+00 1.033695762079981859e-02
4.410000000000000000e+03 2.514648843763763075e+00 1.023089974000446212e-02
4.440000000000000000e+03 2.515470018130083307e+00 9.983474888571661557e-03
4.470000000000000000e+03 2.514520014176509388e+00 9.879278592992743468e-03
4.500000000000000000e+03 2.512238684096374186e+00 9.663193109508205064e-03
4.530000000000000000e+03 2.510960669790829769e+00 9.767917941125005277e-03
4.560000000000000000e+03 2.512088161926057772e+00 9.977051534177884887e-03
4.590000000000000000e+03 2.511535108501548486e+00 1.001677437301217236e-02
4.620000000000000000e+03 2.511893300636876436e+00 1.019914598327994679e-02
4.650000000000000000e+03 2.510678467438644201e+00 1.011306046683285026e-02
4.680000000000000000e+03 2.508574781338063886e+00 9.664770403484573488e-03
4.710000000000000000e+03 2.508627869600022819e+00 9.564426030394241815e-03
4.740000000000000000e+03 2.508284388322081337e+00 9.966200039679825110e-03
4.770000000000000000e+03 2.508480660898730452e+00 9.801486224370024175e-03
4.800000000000000000e+03 2.509459279785744901e+00 9.766503386348043131e-03
4.830000000000000000e+03 2.508555575385154057e+00 9.703668443185320402e-03
4.860000000000000000e+03 2.509576944487390548e+00 9.897878130117051393e-03
4.890000000000000000e+03 2.509651010013999706e+00 9.386529287623112186e-03
4.920000000000000000e+03 2.508784094365694717e+00 9.172448215309571967e-03
4.950000000000000000e+03 2.507711812139191476e+00 9.090546210837179009e-03
4.980000000000000000e+03 2.506923115362579946e+00 9.143822090009082887e-03
5.010000000000000000e+03 2.507510927333877149e+00 9.092153403197526101e-03
5.040000000000000000e+03 2.507920489459656732e+00 9.139682590944784094e-03
5.070000000000000000e+03 2.508686761829764578e+00 9.261184035267350234e-03
5.100000000000000000e+03 2.509005212268753837e+00 9.261627951612205409e-03
5.130000000000000000e+03 2.510245974737929764e+00 9.403879432424360613e-03
5.160000000000000000e+03 2.510240403699924183e+00 9.444613268075508980e-03
5.190000000000000000e+03 2.509967377823403734e+00 9.318364271470683594e-03
5.220000000000000000e+03 2.508562030977838475e+00 9.229199822173636894e-03
5.250000000000000000e+03 2.508338113457601271e+00 9.119560881179643655e-03
5.280000000000000000e+03 2.508767817192099958e+00 9.059087752553804385e-03
5.310000000000000000e+03 2.508437606488765681e+00 8.974111121239188721e-03
5.340000000000000000e+03 2.508592125842168841e+00 8.827731221617601126e-03
5.370000000000000000e+03 2.507889226887712208e+00 8.917846569304471727e-03
5.400000000000000000e+03 2.507815185629254540e+00 8.988980761906814262e-03
5.430000000000000000e+03 2.508138349006321377e+00 9.424067757909684179e-03
5.460000000000000000e+03 2.507388010175012116e+00 9.357851249275848590e-03
5.490000000000000000e+03 2.507399428281524845e+00 9.304887356877587778e-03
5.520000000000000000e+03 2.508882755985485158e+00 9.018754088104151065e-03
5.550000000000000000e+03 2.509208509673870768e+00 8.828333048342008188e-03
5.580000000000000000e+03 2.508626147159626285e+00 8.613499014248937255e-03
5.610000000000000000e+03 2.508061382654607652e+00 8.738855738579798249e-03
5.640000000000000000e+03 2.507444192283591278e+00 8.852386012183369179e-03
5.670000000000000000e+03 2.507371768626672104e+00 8.811852577143368045e-03
5.700000000000000000e+03 2.507100880272277177e+00 8.921894818186457479e-03
5.730000000000000000e+03 2.506607139754629454e+00 8.930530835626487168e-03
5.760000000000000000e+03 2.506024445445427684e+00 8.890528481765322052e-03
5.790000000000000000e+03 2.506528912439065948e+00 9.115533843754226526e-03
5.820000000000000000e+03 2.507133277775006164e+00 8.969760571058704030e-03
5.850000000000000000e+03 2.507846397050547349e+00 8.900887457751787551e-03
5.880000000000000000e+03 2.508506053036476668e+00 8.663849341111013944e-03
5.910000000000000000e+03 2.508808640668531709e+00 8.358622833630438564e-03
5.940000000000000000e+03 2.508485249992278732e+00 8.474476228710387318e-03
5.970000000000000000e+03 2.508363817111459504e+00 8.458768596530769415e-03
6.000000000000000000e+03 2.507774686419025123e+00 8.432393801648310067e-03
6.030000000000000000e+03 2.508865935835261851e+00 8.718255690322192913e-03
6.060000000000000000e+03 2.509035763858910695e+00 8.586780252741156583e-03
6.090000000000000000e+03 2.509355242882789661e+00 8.713591963532593687e-03
6.120000000000000000e+03 2.510397199738065410e+00 9.051205900952008845e-03
6.150000000000000000e+03 2.510648746688755928e+00 9.067307637815489804e-03
6.180000000000000000e+03 2.510586272084583737e+00 9.228060469697657239e-03
6.210000000000000000e+03 2.510844246582057071e+00 9.252953808663625171e-03
6.240000000000000000e+03 2.510446538184757159e+00 9.163934406804165322e-03
6.270000000000000000e+03 2.511569441053125740e+00 9.275931438367406023e-03
6.300000000000000000e+03 2.511102143985408652e+00 9.275031926120556533e-03
6.330000000000000000e+03 2.512162180255867128e+00 9.314147969411342917e-03
6.360000000000000000e+03 2.511840654114075644e+00 9.224392498321723824e-03
6.390000000000000000e+03 2.512560511871879232e+00 9.038985568890555572e-03
6.420000000000000000e+03 2.510986687452919419e+00 8.972793419778532856e-03
6.450000000000000000e+03 2.510706789772696457e+00 9.055359694308979038e-03
6.480000000000000000e+03 2.511594005393243734e+00 9.040160458755112233e-03
6.510000000000000000e+03 2.510607369933841593e+00 9.062707397054895614e-03
6.540000000000000000e+03 2.510196939049761600e+00 9.289751859571327916e-03
6.570000000000000000e+03 2.510571279272067358e+00 9.340877573740505660e-03
6.600000000000000000e+03 2.511499471201201761e+00 9.284593655702040246e-03
6.630000000000000000e+03 2.510623961895676715e+00 9.228222094218859611e-03
6.660000000000000000e+03 2.511218316361726099e+00 9.122315601634118157e-03
6.690000000000000000e+03 2.512327467177007279e+00 9.219504450979435980e-03
6.720000000000000000e+03 2.511823470810360615e+00 9.328408649041705636e-03
6.750000000000000000e+03 2.510924655566820096e+00 9.216494529721988918e-03
6.780000000000000000e+03 2.510798901652381954e+00 9.165645299753963013e-03
6.810000000000000000e+03 2.510915397074599209e+00 9.274465717141081728e-03
6.840000000000000000e+03 2.511576619361033380e+00 9.396482577978837805e-03
6.870000000000000000e+03 2.512775837989593253e+00 9.156011757598678594e-03
6.900000000000000000e+03 2.513543257957603139e+00 9.042965644744009948e-03
6.930000000000000000e+03 2.514318008710910046e+00 9.087681802591366861e-03
6.960000000000000000e+03 2.515218601242745322e+00 9.099641732200673683e-03
6.990000000000000000e+03 2.515658359471903971e+00 9.288536256224463536e-03
7.020000000000000000e+03 2.514325613696108075e+00 9.068874895987460646e-03
7.050000000000000000e+03 2.513574313962548157e+00 8.993742454005606429e-03
7.080000000000000000e+03 2.513218329557984632e+00 8.936720234308513991e-03
7.110000000000000000e+03 2.514049503303718680e+00 8.947168822670617527e-03
7.140000000000000000e+03 2.513936834983979463e+00 8.924202940083024449e-03
7.170000000000000000e+03 2.513456071318343810e+00 8.784544174232574582e-03
7.200000000000000000e+03 2.513443981231972657e+00 8.782201486053737086e-03
7.230000000000000000e+03 2.514247700348331893e+00 8.862395363353850822e-03
7.260000000000000000e+03 2.514141391229787192e+00 8.824203339063172585e-03
7.290000000000000000e+03 2.514152473809518895e+00 8.862193959574824961e-03
7.320000000000000000e+03 2.514239242327338086e+00 9.186850285093105251e-03
7.350000000000000000e+03 2.513987249495646559e+00 9.171453916761057243e-03
7.380000000000000000e+03 2.513636689233555987e+00 9.008367996908213729e-03
7.410000000000000000e+03 2.513980885954651079e+00 9.114337787577943967e-03
7.440000000000000000e+03 2.513674703080597705e+00 9.282588327400378980e-03
7.470000000000000000e+03 2.513282628431258825e+00 9.296535073361335971e-03
7.500000000000000000e+03 2.513246974978210257e+00 9.119276512098926576e-03
7.530000000000000000e+03 2.512113711956915907e+00 9.088142792050800389e-03
7.560000000000000000e+03 2.510709377865970815e+00 9.066668680699942542e-03
7.590000000000000000e+03 2.511044098476106878e+00 8.901109642534399749e-03
7.620000000000000000e+03 2.511565460646636438e+00 8.790729047283906555e-03
7.650000000000000000e+03 2.513389658139994154e+00 8.907203563445433361e-03
7.680000000000000000e+03 2.512332526816948075e+00 8.963401064975838259e-03
7.710000000000000000e+03 2.513249935040609007e+00 9.096558552676367593e-03
7.740000000000000000e+03 2.513371545653900974e+00 9.121208951433083800e-03
7.770000000000000000e+03 2.512890111838520291e+00 9.127806940536936989e-03
7.800000000000000000e+03 2.513661383954361561e+00 9.231849225689486502e-03
7.830000000000000000e+03 2.513925687446884272e+00 9.189280717883876667e-03
7.860000000000000000e+03 2.513804587367266308e+00 8.971254910158512480e-03
7.890000000000000000e+03 2.514457777730535248e+00 8.960528781412761476e-03
7.920000000000000000e+03 2.513987132807716574e+00 8.925952220401487877e-03
7.950000000000000000e+03 2.513168501705155933e+00 8.916649586068027891e-03
7.980000000000000000e+03 2.512718979386168616e+00 8.780038789424515766e-03
8.010000000000000000e+03 2.512616980282782464e+00 8.805165722853563678e-03
8.040000000000000000e+03 2.512639307613939277e+00 8.641545697582802762e-03
8.070000000000000000e+03 2.512087818056169208e+00 8.789665783013407910e-03
8.100000000000000000e+03 2.511467399747530305e+00 8.910724963729309972e-03
8.130000000000000000e+03 2.511189030587439142e+00 9.016985556277893471e-03
8.160000000000000000e+03 2.511820858706931947e+00 9.112312065316673093e-03
8.190000000000000000e+03 2.510986959888839465e+00 8.943637228024157657e-03
8.220000000000000000e+03 2.511087844081393960e+00 8.949120777852606623e-03
8.250000000000000000e+03 2.511994292805937778e+00 8.870834818469779115e-03
8.280000000000000000e+03 2.511780762458243554e+00 8.807722617460669867e-03
8.310000000000000000e+03 2.512411076899965678e+00 8.835082790981109782e-03
8.340000000000000000e+03 2.511335541718147102e+00 8.681841556014981490e-03
8.370000000000000000e+03 2.511194123755164043e+00 8.666284977711829693e-03
8.400000000000000000e+03 2.511499802127344694e+00 8.804864486267825405e-03
8.430000000000000000e+03 2.512782611286562329e+00 8.869588417348302917e-03
8.460000000000000000e+03 2.513331428958311964e+00 8.921215210008558855e-03
8.490000000000000000e+03 2.512698919101930439e+00 9.118001866963253502e-03
8.520000000000000000e+03 2.512989275897978381e+00 9.042619964480825070e-03
8.550000000000000000e+03 2.513212207100165685e+00 9.274530974148782053e-03
8.580000000000000000e+03 2.513119853745966914e+00 9.257010951845971378e-03
8.610000000000000000e+03 2.513227127756101353e+00 9.099802815401646094e-03
8.640000000000000000e+03 2.512934377080554338e+00 9.010746118631519572e-03
8.670000000000000000e+03 2.513187101873786133e+00 9.013868742724853375e-03
8.700000000000000000e+03 2.512762063587310024e+00 9.195806789551914245e-03
8.730000000000000000e+03 2.512701266999973981e+00 9.091906496335809551e-03
8.760000000000000000e+03 2.512622810273235086e+00 9.110248331561066407e-03
8.790000000000000000e+03 2.512258405286414753e+00 9.091198497858783700e-03
8.820000000000000000e+03 2.511606102454277956e+00 9.001569382144023954e-03
8.850000000000000000e+03 2.511750602749626360e+00 9.201909024985830549e-03
8.880000000000000000e+03 2.511410306565672990e+00 9.252648056150209951e-03
8.910000000000000000e+03 2.511029410646707483e+00 9.205977589894834973e-03
8.940000000000000000e+03 2.511819320612084461e+00 9.243595648268317783e-03
8.970000000000000000e+03 2.511351375671734054e+00 9.272694914808065833e-03
9.000000000000000000e+03 2.512180848977914938e+00 9.136427711953897662e-03
9.030000000000000000e+03 2.512233080376363059e+00 9.179375677277938628e-03
9.060000000000000000e+03 2.512472407013587539e+00 9.086196551673567448e-03
9.090000000000000000e+03 2.512540169064104933e+00 8.820366057671259752e-03
9.120000000000000000e+03 2.512908095649024620e+00 8.875975771769998093e-03
9.150000000000000000e+03 2.513101846610970469e+00 8.847394243212396148e-03
9.180000000000000000e+03 2.513194698805534699e+00 8.785987177897887704e-03
9.210000000000000000e+03 2.513100678517408593e+00 8.771122080881162131e-03
9.240000000000000000e+03 2.512636839149418044e+00 8.685273711050919832e-03
9.270000000000000000e+03 2.512429167041408729e+00 8.769739727131761406e-03
9.300000000000000000e+03 2.511856981484831053e+00 8.790502295563240934e-03
9.330000000000000000e+03 2.512044824719242175e+00 8.787181285695524341e-03
9.360000000000000000e+03 2.512584653676562141e+00 8.793234152406329343e-03
9.390000000000000000e+03 2.512848914223287267e+00 8.778256899877176153e-03
9.420000000000000000e+03 2.513015422523661169e+00 8.778302585811718559e-03
9.450000000000000000e+03 2.512495884444915895e+00 8.835999230931593923e-03
9.480000000000000000e+03 2.512402188899089950e+00 9.044710046789286931e-03
9.510000000000000000e+03 2.511784797546941839e+00 8.968476681925869470e-03
9.540000000000000000e+03 2.511824155245155676e+00 8.943474832324162585e-03
9.570000000000000000e+03 2.511911556850587868e+00 9.018547891586674303e-03
9.600000000000000000e+03 2.511844824633000073e+00 9.181956621965893517e-03
9.630000000000000000e+03 2.511112350581411246e+00 9.137313250518246110e-03
9.660000000000000000e+03 2.511200588568748060e+00 9.293854205899699031e-03
9.690000000000000000e+03 2.510467948775148006e+00 9.164732041550971084e-03
9.720000000000000000e+03 2.510465179820127180e+00 9.105577570295998041e-03
9.750000000000000000e+03 2.510955226717985767e+00 9.349271633889483582e-03
9.780000000000000000e+03 2.512112789059946838e+00 9.467903688783250657e-03
9.810000000000000000e+03 2.511649901801774831e+00 9.370156248259082707e-03
9.840000000000000000e+03 2.511006151416583787e+00 9.331467737963939496e-03
9.870000000000000000e+03 2.509985551056666875e+00 9.151576948598498171e-03
9.900000000000000000e+03 2.509677317899849491e+00 8.969409007428203254e-03
9.930000000000000000e+03 2.510467204930194818e+00 8.988639085655239502e-03
9.960000000000000000e+03 2.509649671030611096e+00 8.967204265775038582e-03
9.990000000000000000e+03 2.508790958315923803e+00 8.950861853362261991e-03
1.002000000000000000e+04 2.508951173267431667e+00 8.961475034054824929e-03
1.005000000000000000e+04 2.509530526677549389e+00 8.910577061244814162e-03
1.008000000000000000e+04 2.509820832150568393e+00 8.813644456091391036e-03
1.011000000000000000e+04 2.509723132917002886e+00 8.921351770104331974e-03
1.014000000000000000e+04 2.510397467339930078e+00 8.810841235800047702e-03
1.017000000000000000e+04 2.510311593859765100e+00 8.755822637298491667e-03
1.020000000000000000e+04 2.509862193537176545e+00 8.750734451320312315e-03
1.023000000000000000e+04 2.510098789901382244e+00 8.746993494893835763e-03
1.026000000000000000e+04 2.510302006130991970e+00 8.697567668933429280e-03
1.029000000000000000e+04 2.510953464450607520e+00 8.710191528403687933e-03
1.032000000000000000e+04 2.511431881006689348e+00 8.639419318005849696e-03
1.035000000000000000e+04 2.511685984659109749e+00 8.745453986831044219e-03
1.038000000000000000e+04 2.511455655891390748e+00 8.810475195532024503e-03
1.041000000000000000e+04 2.512360189438335389e+00 8.857330228739839634e-03
1.044000000000000000e+04 2.512248372374551675e+00 8.819287988928345770e-03
1.047000000000000000e+04 2.512118706028552584e+00 8.806810599726393532e-03
1.050000000000000000e+04 2.511462574290576732e+00 8.754143675961610291e-03
1.053000000000000000e+04 2.512254768874337962e+00 8.796515048236863699e-03
1.056000000000000000e+04 2.512145444621847190e+00 8.719514916079210143e-03
1.059000000000000000e+04 2.512789334475768133e+00 8.649899911128489452e-03
1.062000000000000000e+04 2.513943680501284916e+00 8.520809619804271123e-03
1.065000000000000000e+04 2.513046427423144991e+00 8.491659041426621174e-03
1.068000000000000000e+04 2.513113739845682648e+00 8.486036497217852581e-03
1.071000000000000000e+04 2.513312081297927492e+00 8.529979608256854640e-03
1.074000000000000000e+04 2.512184400218534730e+00 8.492393743385340255e-03
1.077000000000000000e+04 2.511824433602152240e+00 8.504924586471351161e-03
1.080000000000000000e+04 2.512253415369079423e+00 8.469240349508397325e-03
1.083000000000000000e+04 2.511782717295679035e+00 8.522344971596505780e-03
1.086000000000000000e+04 2.512174580790166090e+00 8.416421125855125251e-03
1.089000000000000000e+04 2.511773644505015390e+00 8.405035956047969894e-03
1.092000000000000000e+04 2.510917813041009250e+00 8.545201562370523946e-03
1.095000000000000000e+04 2.510359352879660388e+00 8.461469749778158939e-03
1.098000000000000000e+04 2.510703250724676483e+00 8.442924576026413289e-03
1.101000000000000000e+04 2.510054933214285633e+00 8.467523404049562274e-03
1.104000000000000000e+04 2.510298110575171826e+00 8.462165290604275678e-03
1.107000000000000000e+04 2.510388245154309139e+00 8.425864389541836211e-03
1.110000000000000000e+04 2.510703333088207589e+00 8.311053349856357964e-03
1.113000000000000000e+04 2.510655100826126862e+00 8.486910770141027627e-03
1.116000000000000000e+04 2.510660537071785381e+00 8.281054869746982267e-03
1.119000000000000000e+04 2.510822019178709397e+00 8.329240149559324902e-03
1.122000000000000000e+04 2.511378654345097772e+00 8.309738117158016468e-03
1.125000000000000000e+04 2.512297448090675456e+00 8.243446994195437541e-03
1.128000000000000000e+04 2.512275957537341675e+00 8.195990082135142657e-03
1.131000000000000000e+04 2.511652849625614969e+00 8.321875545795697979e-03
1.134000000000000000e+04 2.511728139461552267e+00 8.312668295707580438e-03
1.137000000000000000e+04 2.511483945066367962e+00 8.256490282168738037e-03
1.140000000000000000e+04 2.511090835057846249e+00 8.244875668885751074e-03
1.143000000000000000e+04 2.510764367372910755e+00 8.234663035408660084e-03
1.146000000000000000e+04 2.510447405618648986e+00 8.195118868686833771e-03
1.149000000000000000e+04 2.510296972403604610e+00 8.181708559415180188e-03
1.152000000000000000e+04 2.510151995358330002e+00 8.217241785772275500e-03
1.155000000000000000e+04 2.510498454051053763e+00 8.211814822018390428e-03
1.158000000000000000e+04 2.510827194133903983e+00 8.178462639413604587e-03
1.161000000000000000e+04 2.510861428326085498e+00 8.143171996078141239e-03
1.164000000000000000e+04 2.510401220875756234e+00 8.113376025126730826e-03
1.167000000000000000e+04 2.509642257825385858e+00 8.117587049221565085e-03
1.170000000000000000e+04 2.509048656399100796e+00 8.044423087044167212e-03
1.173000000000000000e+04 2.509191925697359604e+00 7.979943214536489027e-03
1.176000000000000000e+04 2.508718500110068472e+00 7.898552967921829149e-03
1.179000000000000000e+04 2.508521067517729630e+00 7.868387924751212362e-03
1.182000000000000000e+04 2.508570927394773609e+00 7.770539677271793254e-03
1.185000000000000000e+04 2.508548827766903244e+00 7.625000669435334257e-03
1.188000000000000000e+04 2.508842896381521914e+00 7.626095704163493409e-03
1.191000000000000000e+04 2.508437785189491898e+00 7.612436874693380429e-03
1.194000000000000000e+04 2.508362878850038058e+00 7.606163781115896777e-03
1.197000000000000000e+04 2.508261982816720526e+00 7.671196421131377084e-03
1.200000000000000000e+04 2.508590244563622562e+00 7.712274185074086130e-03
1.203000000000000000e+04 2.507700164355935346e+00 7.728039606902429269e-03
1.206000000000000000e+04 2.507573466063317547e+00 7.685615907665699353e-03
1.209000000000000000e+04 2.507662003635882098e+00 7.545356185371955224e-03
1.212000000000000000e+04 2.508046228409474221e+00 7.713578553784522160e-03
1.215000000000000000e+04 2.508152986698150233e+00 7.742231261037757842e-03
1.218000000000000000e+04 2.508711314290898553e+00 7.753212507880677395e-03
1.221000000000000000e+04 2.509092180996399968e+00 7.782385456336126175e-03
1.224000000000000000e+04 2.509192781747631606e+00 7.877942481998748830e-03
1.227000000000000000e+04 2.509631245992565152e+00 7.844404544703049292e-03
1.230000000000000000e+04 2.509470090485274696e+00 7.852635685422592118e-03
1.233000000000000000e+04 2.508914166391698952e+00 7.946545241814623184e-03
1.236000000000000000e+04 2.509237800685368835e+00 8.018074450320185689e-03
1.239000000000000000e+04 2.509453776023091276e+00 7.979978845266430185e-03
1.242000000000000000e+04 2.509239557046489377e+00 7.977534706100119014e-03
1.245000000000000000e+04 2.510101012460000280e+00 7.919598604698849936e-03
1.248000000000000000e+04 2.510243827816543316e+00 7.896344106590364592e-03
1.251000000000000000e+04 2.510682085554167831e+00 7.837596450369454029e-03
1.254000000000000000e+04 2.510714421507967309e+00 7.899037933355949198e-03
1.257000000000000000e+04 2.510971093394516629e+00 8.049678421360548231e-03
1.260000000000000000e+04 2.511613341428467816e+00 8.027395895285078381e-03
1.263000000000000000e+04 2.511899216020922143e+00 8.022977881208528603e-03
1.266000000000000000e+04 2.511816372262165142e+00 8.091986331816217529e-03
1.269000000000000000e+04 2.512441447831544217e+00 8.119715428828557305e-03
1.272000000000000000e+04 2.512164801517911439e+00 8.169991038497890351e-03
1.275000000000000000e+04 2.511889930628777190e+00 8.070850352645724327e-03
1.278000000000000000e+04 2.512700479444989199e+00 8.149185855616301530e-03
1.281000000000000000e+04 2.512576701066384643e+00 8.278019122624217380e-03
1.284000000000000000e+04 2.512716806198229236e+00 8.277026616982433721e-03
1.287000000000000000e+04 2.512358461612106630e+00 8.199119371059045841e-03
1.290000000000000000e+04 2.512638076340477866e+00 8.175531488224686144e-03
1.293000000000000000e+04 2.512199106409694238e+00 8.176416190781262902e-03
1.296000000000000000e+04 2.512202543955235789e+00 8.127606235373575558e-03
1.299000000000000000e+04 2.512524324178750934e+00 8.091898757695168906e-03
1.302000000000000000e+04 2.512390209419081533e+00 8.028393790960149795e-03
1.305000000000000000e+04 2.512421074715396330e+00 7.939020106085062367e-03
1.308000000000000000e+04 2.512848787216243274e+00 7.883171258399200923e-03
1.311000000000000000e+04 2.513204803999881776e+00 7.928920313507071757e-03
1.314000000000000000e+04 2.512794113420732334e+00 8.012135707065413254e-03
1.317000000000000000e+04 2.512820771299259182e+00 7.986258721338687985e-03
1.320000000000000000e+04 2.512301027451731450e+00 7.903804050076257762e-03
1.323000000000000000e+04 2.511913976441622509e+00 7.948352484207667559e-03
1.326000000000000000e+04 2.512001933260249675e+00 7.817232923463987918e-03
1.329000000000000000e+04 2.511437407624280471e+00 7.801824002605189240e-03
1.332000000000000000e+04 2.511239265968369327e+00 7.773430858559743709e-03
1.335000000000000000e+04 2.511410084638976414e+00 7.784296556687692915e-03
1.338000000000000000e+04 2.512092183867470130e+00 7.795273308132658410e-03
1.341000000000000000e+04 2.511329197286618964e+00 7.777908186103479025e-03
1.344000000000000000e+04 2.511067839926860223e+00 7.736892960283008915e-03
1.347000000000000000e+04 2.511247733096678481e+00 7.695992637846657027e-03
1.350000000000000000e+04 2.511371868240007910e+00 7.641505163428123290e-03
1.353000000000000000e+04 2.511392483303425571e+00 7.626525696361699524e-03
1.356000000000000000e+04 2.511540049563961929e+00 7.595611143075636784e-03
1.359000000000000000e+04 2.511389335440209702e+00 7.643467004704677763e-03
1.362000000000000000e+04 2.511334904794427114e+00 7.646183076708847580e-03
1.365000000000000000e+04 2.511209616855737625e+00 7.503576683780356638e-03
1.368000000000000000e+04 2.511447482513227580e+00 7.415675892065870002e-03
1.371000000000000000e+04 2.510774217465570501e+00 7.347652371459641348e-03
1.374000000000000000e+04 2.511530824755060731e+00 7.357813769699707990e-03
1.377000000000000000e+04 2.510982473153204886e+00 7.298209424371069481e-03
1.380000000000000000e+04 2.511545385929560226e+00 7.282469542051035749e-03
1.383000000000000000e+04 2.511752826354312518e+00 7.248544518344191348e-03
1.386000000000000000e+04 2.510965716615304100e+00 7.245879775165376541e-03
1.389000000000000000e+04 2.510523885002928779e+00 7.305202449838166939e-03
1.392000000000000000e+04 2.509757978835638781e+00 7.386196153822315383e-03
1.395000000000000000e+04 2.510289366925579913e+00 7.400807233879333133e-03
1.398000000000000000e+04 2.510025327090275038e+00 7.366033931640488842e-03
1.401000000000000000e+04 2.510587332728458243e+00 7.365472113808045097e-03
1.404000000000000000e+04 2.511172620528089539e+00 7.419886898737021973e-03
1.407000000000000000e+04 2.511475565391100506e+00 7.477498191926787788e-03
1.410000000000000000e+04 2.511710037955575903e+00 7.466390281570257394e-03
1.413000000000000000e+04 2.511435406484419985e+00 7.493640885507234575e-03
1.416000000000000000e+04 2.511467862485661673e+00 7.471819755605096057e-03
1.419000000000000000e+04 2.511293098306656368e+00 7.380115717763179213e-03
1.422000000000000000e+04 2.510841056011745120e+00 7.361602730391168629e-03
1.425000000000000000e+04 2.511222875447331138e+00 7.439598275081890817e-03
1.428000000000000000e+04 2.511092402255974410e+00 7.458607901935508828e-03
1.431000000000000000e+04 2.510973796228344490e+00 7.462860179334267902e-03
1.434000000000000000e+04 2.510720558889566689e+00 7.481368445707667347e-03
1.437000000000000000e+04 2.510879837916830226e+00 7.381293514691674405e-03
1.440000000000000000e+04 2.511098004024753916e+00 7.397484654288370189e-03
1.443000000000000000e+04 2.510798781428489779e+00 7.412954376717265266e-03
1.446000000000000000e+04 2.510671678615158164e+00 7.451986125727843788e-03
1.449000000000000000e+04 2.509983246247871502e+00 7.378094056136301308e-03
1.452000000000000000e+04 2.509400329922283124e+00 7.222750719138191708e-03
1.455000000000000000e+04 2.509123099343758767e+00 7.096096701722936356e-03
1.458000000000000000e+04 2.509193407831592282e+00 7.090835289417319297e-03
1.461000000000000000e+04 2.509735484194739907e+00 7.054748018072969779e-03
1.464000000000000000e+04 2.509737252403466456e+00 7.033487876503017461e-03
1.467000000000000000e+04 2.509994649234740915e+00 7.071014496298677100e-03
1.470000000000000000e+04 2.510054312284875078e+00 7.068509936265700982e-03
1.473000000000000000e+04 2.510285776071580433e+00 7.052574427989395482e-03
1.476000000000000000e+04 2.509991491963430743e+00 7.033247565303677416e-03
1.479000000000000000e+04 2.509905711768929848e+00 6.976044818143670688e-03
1.482000000000000000e+04 2.509422995725976602e+00 7.094968430376524457e-03
1.485000000000000000e+04 2.508934983524821138e+00 7.093326462747897784e-03
1.488000000000000000e+04 2.509060553727756826e+00 7.043075167129366106e-03
1.491000000000000000e+04 2.509021261814236237e+00 7.075863889748958482e-03
1.494000000000000000e+04 2.508844497618563096e+00 7.041960444757959514e-03
1.497000000000000000e+04 2.509139932835660058e+00 7.044323132526697853e-03
1.500000000000000000e+04 2.509050375842302394e+00 7.018234215003375277e-03
