# # n, sigma
3.000000000000000000e+01 2.542367460295014592e+00 6.483618942837593435e-02
6.000000000000000000e+01 2.510997486697490011e+00 5.247472626981755650e-02
9.000000000000000000e+01 2.519619605980899291e+00 5.081354667599869562e-02
1.200000000000000000e+02 2.510544325149326905e+00 6.008257688266110258e-02
1.500000000000000000e+02 2.512834574604424276e+00 5.906396189098427757e-02
1.800000000000000000e+02 2.512015474273165072e+00 5.480314286217114611e-02
2.100000000000000000e+02 2.497459318261267214e+00 6.016011501238589104e-02
2.400000000000000000e+02 2.483988179850208589e+00 7.098297526646601963e-02
2.700000000000000000e+02 2.494268870443066888e+00 5.671378962383542138e-02
3.000000000000000000e+02 2.504902837020718032e+00 7.214564946569493320e-02
3.300000000000000000e+02 2.506764871774934456e+00 6.891605100682196561e-02
3.600000000000000000e+02 4.404569065831350549e+00 6.163233463089242692e-01
3.900000000000000000e+02 4.397095096668023118e+00 5.791573213823490995e-01
4.200000000000000000e+02 2.527850711474020073e+00 5.531386299693615699e-02
4.500000000000000000e+02 2.525396669306930075e+00 4.791011850507954223e-02
4.800000000000000000e+02 2.527236006230829890e+00 4.615599770872971797e-02
5.100000000000000000e+02 2.522127732725135463e+00 4.378370614157901797e-02
5.400000000000000000e+02 2.518209827730670813e+00 4.341212464416861760e-02
5.700000000000000000e+02 2.517532748426727363e+00 3.988272754969194450e-02
6.000000000000000000e+02 2.517945406031308231e+00 4.219919700429764636e-02
6.300000000000000000e+02 2.524864544613750539e+00 4.297609636547181783e-02
6.600000000000000000e+02 2.524107471138472558e+00 4.520512079553697798e-02
6.900000000000000000e+02 2.520900757140802195e+00 4.580582020326159215e-02
7.200000000000000000e+02 2.517610356680834993e+00 3.991269620854269451e-02
7.500000000000000000e+02 2.515247978260289230e+00 4.084276981932445649e-02
7.800000000000000000e+02 2.510022472757762468e+00 4.363185019410958237e-02
8.100000000000000000e+02 2.507937314629410608e+00 4.088823696716476636e-02
8.400000000000000000e+02 2.511693722167635645e+00 4.048135549187910354e-02
8.700000000000000000e+02 2.511589317244670827e+00 4.052764506108738618e-02
9.000000000000000000e+02 2.506487388165501873e+00 3.903687001977523829e-02
9.300000000000000000e+02 2.501843335457868633e+00 3.787298418655801746e-02
9.600000000000000000e+02 2.498775072033621480e+00 3.717543112137590422e-02
9.900000000000000000e+02 2.500180664258160768e+00 3.724288738975777002e-02
1.020000000000000000e+03 2.501920309962213373e+00 3.676577624569712932e-02
1.050000000000000000e+03 2.505060090491513680e+00 3.532540569131685515e-02
1.080000000000000000e+03 2.508898718692551100e+00 3.307641224049739231e-02
1.110000000000000000e+03 2.505327679486945680e+00 3.171694687465464318e-02
1.140000000000000000e+03 2.508297543680309882e+00 3.173503685930238044e-02
1.170000000000000000e+03 2.508774227389602984e+00 3.123999262354691664e-02
1.200000000000000000e+03 2.510159871643637075e+00 2.900004350920112189e-02
1.230000000000000000e+03 2.512225873724026393e+00 2.848466609385002027e-02
1.260000000000000000e+03 2.513879961031217469e+00 2.727631868624274397e-02
1.290000000000000000e+03 2.511820431263863007e+00 2.662063678412096915e-02
1.320000000000000000e+03 2.509602459872739999e+00 2.448648016659473250e-02
1.350000000000000000e+03 2.500309990693772910e+00 2.386306051329523115e-02
1.380000000000000000e+03 2.499828627170794793e+00 2.392869131768045679e-02
1.410000000000000000e+03 2.500308249051749421e+00 2.217092574074781483e-02
1.440000000000000000e+03 2.495922934435338192e+00 2.264646531109628172e-02
1.470000000000000000e+03 2.493827208421637742e+00 2.398783545743542189e-02
1.500000000000000000e+03 2.492315508269979940e+00 2.396122756625929801e-02
1.530000000000000000e+03 2.493273294940000717e+00 2.311693239641932768e-02
1.560000000000000000e+03 2.491885971275972445e+00 2.311360858572267946e-02
1.590000000000000000e+03 2.491294405341200502e+00 2.340241674340522160e-02
1.620000000000000000e+03 2.489116558129872203e+00 2.310615185147443101e-02
1.650000000000000000e+03 2.483309143766810667e+00 2.360054591056072806e-02
1.680000000000000000e+03 2.482102089076304807e+00 2.370625484985143527e-02
1.710000000000000000e+03 2.480772358553798185e+00 2.282756194977885247e-02
1.740000000000000000e+03 2.481244867956089895e+00 2.313874152043735033e-02
1.770000000000000000e+03 2.481866763129449538e+00 2.175589861343369888e-02
1.800000000000000000e+03 2.481514753668076612e+00 2.151906665225535378e-02
1.830000000000000000e+03 2.482571495263470762e+00 2.034360341479808307e-02
1.860000000000000000e+03 2.483349040614160508e+00 1.999533205109415082e-02
1.890000000000000000e+03 2.485922853462705806e+00 1.927425987058151158e-02
1.920000000000000000e+03 2.483771125344886421e+00 2.015837001381397958e-02
1.950000000000000000e+03 2.482255312041965922e+00 2.054053775355622544e-02
1.980000000000000000e+03 2.483348469704639516e+00 1.990016095769838594e-02
2.010000000000000000e+03 2.483241871059995720e+00 1.864555435701204661e-02
2.040000000000000000e+03 2.481777647641486340e+00 1.827437328295824365e-02
2.070000000000000000e+03 2.479679330513782087e+00 1.929484894709718179e-02
2.100000000000000000e+03 2.482880301530069556e+00 1.917676811026592862e-02
2.130000000000000000e+03 2.484324105499684521e+00 1.881250510454891833e-02
2.160000000000000000e+03 2.482414137678330412e+00 1.834327487720690750e-02
2.190000000000000000e+03 2.483320213422744338e+00 1.866830423364219255e-02
2.220000000000000000e+03 2.483861370263753088e+00 1.842080087819927131e-02
2.250000000000000000e+03 2.484231518333967603e+00 1.844206311994212033e-02
2.280000000000000000e+03 2.483295139181271427e+00 1.867559265082867695e-02
2.310000000000000000e+03 2.481214267656092431e+00 1.860347918957715868e-02
2.340000000000000000e+03 2.479083164321821187e+00 1.842073182445588125e-02
2.370000000000000000e+03 2.478910055903375653e+00 1.818913862849296306e-02
2.400000000000000000e+03 2.478050926169477641e+00 1.844512226563345750e-02
2.430000000000000000e+03 2.478711052061471687e+00 1.896981282036585767e-02
2.460000000000000000e+03 2.479480753571838836e+00 1.835077448803201783e-02
2.490000000000000000e+03 2.482358889599898699e+00 1.837495778020574108e-02
2.520000000000000000e+03 2.479445562331865194e+00 1.810217542711922006e-02
2.550000000000000000e+03 2.480943480189320649e+00 1.792687620939142565e-02
2.580000000000000000e+03 2.482073472198799369e+00 1.766810190723673221e-02
2.610000000000000000e+03 2.483254690471187853e+00 1.734082482032948611e-02
2.640000000000000000e+03 2.482664015902394272e+00 1.770431572280870350e-02
2.670000000000000000e+03 2.483688831980046530e+00 1.802652685747982084e-02
2.700000000000000000e+03 2.484417690521832700e+00 1.780765940184928647e-02
2.730000000000000000e+03 2.480649287591269125e+00 1.829899648894864686e-02
2.760000000000000000e+03 2.482077287942640265e+00 1.791505498722623102e-02
2.790000000000000000e+03 2.484177503284015653e+00 1.780517941068867141e-02
2.820000000000000000e+03 2.483533935932343617e+00 1.769349581031203628e-02
2.850000000000000000e+03 2.484637858893938844e+00 1.720398093876996867e-02
2.880000000000000000e+03 2.486591536530489588e+00 1.728375052815471144e-02
2.910000000000000000e+03 2.486328978634014586e+00 1.715809171266735253e-02
2.940000000000000000e+03 2.487713655486617714e+00 1.624485966018382813e-02
2.970000000000000000e+03 2.487508906462559288e+00 1.611485270415633636e-02
3.000000000000000000e+03 2.486743089701440201e+00 1.616941059940224870e-02
3.030000000000000000e+03 2.484958597295368943e+00 1.577525638122409535e-02
3.060000000000000000e+03 2.485746983375110464e+00 1.503295321636023175e-02
3.090000000000000000e+03 2.486839508938486709e+00 1.503200065685308950e-02
3.120000000000000000e+03 2.487355512864831475e+00 1.523624832688894558e-02
3.150000000000000000e+03 2.488316341629629669e+00 1.550365322628409308e-02
3.180000000000000000e+03 2.490354508166921832e+00 1.494284932486676307e-02
3.210000000000000000e+03 2.489284417514741055e+00 1.519311480004428665e-02
3.240000000000000000e+03 2.489841454739119442e+00 1.504750581871031230e-02
3.270000000000000000e+03 2.488962645921652950e+00 1.480794494184552515e-02
3.300000000000000000e+03 2.491006703794638177e+00 1.503500594549011388e-02
3.330000000000000000e+03 2.491542377683099385e+00 1.509606556638090277e-02
3.360000000000000000e+03 2.490667230711412383e+00 1.489484989626916299e-02
3.390000000000000000e+03 2.490090393667756086e+00 1.476319519161619319e-02
3.420000000000000000e+03 2.491985520030401080e+00 1.503691676338548590e-02
3.450000000000000000e+03 2.489740617938767109e+00 1.461785255292799915e-02
3.480000000000000000e+03 2.488477670122637875e+00 1.460007117822050525e-02
3.510000000000000000e+03 2.489021139237947988e+00 1.449895823510930458e-02
3.540000000000000000e+03 2.490191314337880435e+00 1.458347858103062854e-02
3.570000000000000000e+03 2.489651254700155913e+00 1.442310010329448007e-02
3.600000000000000000e+03 2.490073056874117174e+00 1.391876584731154345e-02
3.630000000000000000e+03 2.491831262657468571e+00 1.375565193022161917e-02
3.660000000000000000e+03 2.492974284133239404e+00 1.382641648618742822e-02
3.690000000000000000e+03 2.491036690268110920e+00 1.403503425223039461e-02
3.720000000000000000e+03 2.491076874415184328e+00 1.403249698507386470e-02
3.750000000000000000e+03 2.491374431155803038e+00 1.428805837692096944e-02
3.780000000000000000e+03 2.492587100959453572e+00 1.465592112424980026e-02
3.810000000000000000e+03 2.495388407853842860e+00 1.482127546553481563e-02
3.840000000000000000e+03 2.495749318344112844e+00 1.459783433706551663e-02
3.870000000000000000e+03 2.495697623251674102e+00 1.459855848365598438e-02
3.900000000000000000e+03 2.495079404886156205e+00 1.435427733947469697e-02
3.930000000000000000e+03 2.494272205989783053e+00 1.447585311346678318e-02
3.960000000000000000e+03 2.496784150865097196e+00 1.489394694666326853e-02
3.990000000000000000e+03 2.496033797493857787e+00 1.443001724241489703e-02
4.020000000000000000e+03 2.494443206195219531e+00 1.463645421145329424e-02
4.050000000000000000e+03 2.495821881106638607e+00 1.487891591927118472e-02
4.080000000000000000e+03 2.494461160974802638e+00 1.491498248772117098e-02
4.110000000000000000e+03 2.493728040562056325e+00 1.434587663528519123e-02
4.140000000000000000e+03 2.495381448151173132e+00 1.400273757193139061e-02
4.170000000000000000e+03 2.496339479547083240e+00 1.376140770877662400e-02
4.200000000000000000e+03 2.497478445558547921e+00 1.384158024583330600e-02
4.230000000000000000e+03 2.496849050461292130e+00 1.376200073781560541e-02
4.260000000000000000e+03 2.495166784125931514e+00 1.391637455623928599e-02
4.290000000000000000e+03 2.496825319147453648e+00 1.346596107753176078e-02
4.320000000000000000e+03 2.497047670917916573e+00 1.330123428290568705e-02
4.350000000000000000e+03 2.497475146985607353e+00 1.331976132758627349e-02
4.380000000000000000e+03 2.497831267535810529e+00 1.302728307781072202e-02
4.410000000000000000e+03 2.498382660150680223e+00 1.278999029805787981e-02
4.440000000000000000e+03 2.499713655639172583e+00 1.288460645767283523e-02
4.470000000000000000e+03 2.499193486975338718e+00 1.283670642466710338e-02
4.500000000000000000e+03 2.498837307390155971e+00 1.286034305479043932e-02
4.530000000000000000e+03 2.499361134948180130e+00 1.325529133357961943e-02
4.560000000000000000e+03 2.499495571328759880e+00 1.333229535082770291e-02
4.590000000000000000e+03 2.497991878135150667e+00 1.327039114708202308e-02
4.620000000000000000e+03 2.499044538976822327e+00 1.295841707607992693e-02
4.650000000000000000e+03 2.498241950803746114e+00 1.274915910959377625e-02
4.680000000000000000e+03 2.500012311897803485e+00 1.314347485316461409e-02
4.710000000000000000e+03 2.498702653026848797e+00 1.303241094397529498e-02
4.740000000000000000e+03 2.499918026814063499e+00 1.310276884344781061e-02
4.770000000000000000e+03 2.500082325646181935e+00 1.341856055750901416e-02
4.800000000000000000e+03 2.500934541184721471e+00 1.329791505625432801e-02
4.830000000000000000e+03 2.500077170985894437e+00 1.359045742450574849e-02
4.860000000000000000e+03 2.501168554297092950e+00 1.348788968344955159e-02
4.890000000000000000e+03 2.499895108009142941e+00 1.319027581353062438e-02
4.920000000000000000e+03 2.499004639062369915e+00 1.312764296042541814e-02
4.950000000000000000e+03 2.496778718920258822e+00 1.291850200716107219e-02
4.980000000000000000e+03 2.495308877548807924e+00 1.281843371085329177e-02
5.010000000000000000e+03 2.494608772262378427e+00 1.283494493846379196e-02
5.040000000000000000e+03 2.494194341862805864e+00 1.269755476256873017e-02
5.070000000000000000e+03 2.494478620988329176e+00 1.257016859689479016e-02
5.100000000000000000e+03 2.495755099053741599e+00 1.230726106869266083e-02
5.130000000000000000e+03 2.495750896054350854e+00 1.217682356613403877e-02
5.160000000000000000e+03 2.496595271435767760e+00 1.207256416631270930e-02
5.190000000000000000e+03 2.494556745037084244e+00 1.205537746864537678e-02
5.220000000000000000e+03 2.493789789381741340e+00 1.195045745886784243e-02
5.250000000000000000e+03 2.494032263759593526e+00 1.175519008311465101e-02
5.280000000000000000e+03 2.494278229702315386e+00 1.176246303559790214e-02
5.310000000000000000e+03 2.494372716879937446e+00 1.191581019388641798e-02
5.340000000000000000e+03 2.494305801061946770e+00 1.187398015101730729e-02
5.370000000000000000e+03 2.494503064221659017e+00 1.174139674279335577e-02
5.400000000000000000e+03 2.493371864962324214e+00 1.152334896205269368e-02
5.430000000000000000e+03 2.493069348906101990e+00 1.134174065375729429e-02
5.460000000000000000e+03 2.493347406948764888e+00 1.139721753181095233e-02
5.490000000000000000e+03 2.493773096988990190e+00 1.146891336739733896e-02
5.520000000000000000e+03 2.494843139401296650e+00 1.166769117906249140e-02
5.550000000000000000e+03 2.495859929710740666e+00 1.177986793898503151e-02
5.580000000000000000e+03 2.495140456418880159e+00 1.186997361057272847e-02
5.610000000000000000e+03 2.496453465292435947e+00 1.171521987647006560e-02
5.640000000000000000e+03 2.495649102807089292e+00 1.176556215596516637e-02
5.670000000000000000e+03 2.496400765571895608e+00 1.180892687884792236e-02
5.700000000000000000e+03 2.497588949261815738e+00 1.157630331654940434e-02
5.730000000000000000e+03 2.498150456162299360e+00 1.159935279553485528e-02
5.760000000000000000e+03 2.496626895742974028e+00 1.153429362305269032e-02
5.790000000000000000e+03 2.496265826875320393e+00 1.130547956743805510e-02
5.820000000000000000e+03 2.495664373894626475e+00 1.121675433180055123e-02
5.850000000000000000e+03 2.495977619936936787e+00 1.161251802952387863e-02
5.880000000000000000e+03 2.495271273726653138e+00 1.132371490445749189e-02
5.910000000000000000e+03 2.495041182208671771e+00 1.102529462670651106e-02
5.940000000000000000e+03 2.495549645089657709e+00 1.085767053730137856e-02
5.970000000000000000e+03 2.495369932933736656e+00 1.092488449789686712e-02
6.000000000000000000e+03 2.497084450503549213e+00 1.092025504711189275e-02
6.030000000000000000e+03 2.496570907146052232e+00 1.075709371543725167e-02
6.060000000000000000e+03 2.496483419886104116e+00 1.082666377067896361e-02
6.090000000000000000e+03 2.495943966823460425e+00 1.074122442660472611e-02
6.120000000000000000e+03 2.494783786131961278e+00 1.081251634405784069e-02
6.150000000000000000e+03 2.495140764230014074e+00 1.102373488125332236e-02
6.180000000000000000e+03 2.495403000509371694e+00 1.073404576541803213e-02
6.210000000000000000e+03 2.495505148250517280e+00 1.068467147500265155e-02
6.240000000000000000e+03 2.496136033128548259e+00 1.055154437561764240e-02
6.270000000000000000e+03 2.496548843831798870e+00 1.037510826352762081e-02
6.300000000000000000e+03 2.495622296485760394e+00 1.012727556154897554e-02
6.330000000000000000e+03 2.496114957549632418e+00 1.034955348571999466e-02
6.360000000000000000e+03 2.496764280501714950e+00 1.025976978051577546e-02
6.390000000000000000e+03 2.497683366572234664e+00 1.023045675657874472e-02
6.420000000000000000e+03 2.497693614348349911e+00 1.023075025782390485e-02
6.450000000000000000e+03 2.498655308625255422e+00 1.020098408484582456e-02
6.480000000000000000e+03 2.499172641139288054e+00 1.007420642870794289e-02
6.510000000000000000e+03 2.498725460880698801e+00 1.021046578306770633e-02
6.540000000000000000e+03 2.498894464928465453e+00 1.013541617209405554e-02
6.570000000000000000e+03 2.498569524619167481e+00 1.012774373731926102e-02
6.600000000000000000e+03 2.498058230696153181e+00 1.019726031707227261e-02
6.630000000000000000e+03 2.498325880791504527e+00 1.013118382710177096e-02
6.660000000000000000e+03 2.497304597431647011e+00 9.953735470839835883e-03
6.690000000000000000e+03 2.497116705128162639e+00 9.851415641795140121e-03
6.720000000000000000e+03 2.498066945978834497e+00 9.677566394810934239e-03
6.750000000000000000e+03 2.497377111470384659e+00 9.771608726267576664e-03
6.780000000000000000e+03 2.496651019574951391e+00 9.782419595656219324e-03
6.810000000000000000e+03 2.496174661863305388e+00 9.814956439293949855e-03
6.840000000000000000e+03 2.495832182316009895e+00 9.871381301626321395e-03
6.870000000000000000e+03 2.496739829094818841e+00 1.005333701887222049e-02
6.900000000000000000e+03 2.497088370749965147e+00 1.026839808527719652e-02
6.930000000000000000e+03 2.496968066025458288e+00 1.035522795291175455e-02
6.960000000000000000e+03 2.497740201300294061e+00 1.049911986569101313e-02
6.990000000000000000e+03 2.498247811575299071e+00 1.065866638722851381e-02
7.020000000000000000e+03 2.499000449509036326e+00 1.038341609805166176e-02
7.050000000000000000e+03 2.498445961078065380e+00 1.039320324447447035e-02
7.080000000000000000e+03 2.499060993663035468e+00 1.030439626049399829e-02
7.110000000000000000e+03 2.499074135998822221e+00 1.028619033448906206e-02
7.140000000000000000e+03 2.499383057996929391e+00 1.009744081745833459e-02
7.170000000000000000e+03 2.498262409621692548e+00 1.012232300706080237e-02
7.200000000000000000e+03 2.498390090915503237e+00 9.990924484459829877e-03
7.230000000000000000e+03 2.498116903713098580e+00 9.919698459186665485e-03
7.260000000000000000e+03 2.498744433771744600e+00 9.861721543795384098e-03
7.290000000000000000e+03 2.498309867622666491e+00 9.841170836172922348e-03
7.320000000000000000e+03 2.497610310093920649e+00 9.824401316897999129e-03
7.350000000000000000e+03 2.497077824141569202e+00 9.732687687363593410e-03
7.380000000000000000e+03 2.497031762873868299e+00 9.876191319289450224e-03
7.410000000000000000e+03 2.497857876949939548e+00 1.002414601451171068e-02
7.440000000000000000e+03 2.496102842053499860e+00 9.928376142432748797e-03
7.470000000000000000e+03 2.494793196078966435e+00 9.893126241244536850e-03
7.500000000000000000e+03 2.495719517398758303e+00 1.000515679007970074e-02
7.530000000000000000e+03 2.496402128409170196e+00 1.005567063718624046e-02
7.560000000000000000e+03 2.495956909209797736e+00 1.004924585746444846e-02
7.590000000000000000e+03 2.496199373750914496e+00 1.015657423476391819e-02
7.620000000000000000e+03 2.495939225051451160e+00 1.006280912594816751e-02
7.650000000000000000e+03 2.496434378426702683e+00 9.964154829728014834e-03
7.680000000000000000e+03 2.496729846119775775e+00 9.756910376433003407e-03
7.710000000000000000e+03 2.496871192553376861e+00 9.575212841125370355e-03
7.740000000000000000e+03 2.496333776189360698e+00 9.699428495843091802e-03
7.770000000000000000e+03 2.496396810827504087e+00 9.771741255043712299e-03
7.800000000000000000e+03 2.496522695592985563e+00 9.588933563578793881e-03
7.830000000000000000e+03 2.496159824284724493e+00 9.673644723436387524e-03
7.860000000000000000e+03 2.495779911690762187e+00 9.450767697663488287e-03
7.890000000000000000e+03 2.496446046310552447e+00 9.459369618390566642e-03
7.920000000000000000e+03 2.496066174193573239e+00 9.586305034399335637e-03
7.950000000000000000e+03 2.495469793417102622e+00 9.578126836633688718e-03
7.980000000000000000e+03 2.495067958347555237e+00 9.660031073729591355e-03
8.010000000000000000e+03 2.494502156745892041e+00 9.698807913019046045e-03
8.040000000000000000e+03 2.494643631645131698e+00 9.574610279199311999e-03
8.070000000000000000e+03 2.494898657755297400e+00 9.498131415024237134e-03
8.100000000000000000e+03 2.493077708227337652e+00 9.338295150265666159e-03
8.130000000000000000e+03 2.493016308321442942e+00 9.228882265023217665e-03
8.160000000000000000e+03 2.493846735608269860e+00 9.393205772992940447e-03
8.190000000000000000e+03 2.494529390372845601e+00 9.245976811349369134e-03
8.220000000000000000e+03 2.493615354161605069e+00 9.306092788677649413e-03
8.250000000000000000e+03 2.494306180182237487e+00 9.374443555128076852e-03
8.280000000000000000e+03 2.494273808355483180e+00 9.248516031388353750e-03
8.310000000000000000e+03 2.494215696003494465e+00 9.278846910343595961e-03
8.340000000000000000e+03 2.494652580637946926e+00 9.255360343373195131e-03
8.370000000000000000e+03 2.494975667837714628e+00 9.238247000213153926e-03
8.400000000000000000e+03 2.494886190222978861e+00 9.238766115971613208e-03
8.430000000000000000e+03 2.494573718395944883e+00 9.235121959662110844e-03
8.460000000000000000e+03 2.494942386820280245e+00 9.278134454622343624e-03
8.490000000000000000e+03 2.495620755018226777e+00 9.304578384364286039e-03
8.520000000000000000e+03 2.495789376462604903e+00 9.241802657804484844e-03
8.550000000000000000e+03 2.496322803437712512e+00 9.199106642324580974e-03
8.580000000000000000e+03 2.496215216511743495e+00 9.199952323554696013e-03
8.610000000000000000e+03 2.497011909560916010e+00 9.289162932974723633e-03
8.640000000000000000e+03 2.497095925779778902e+00 9.258097747003968953e-03
8.670000000000000000e+03 2.496973744513133475e+00 9.227872859670360750e-03
8.700000000000000000e+03 2.496387077971609969e+00 9.103878070788041371e-03
8.730000000000000000e+03 2.496108643910622593e+00 8.988625111928213313e-03
8.760000000000000000e+03 2.495756218249249869e+00 8.883184686164859872e-03
8.790000000000000000e+03 2.495752973672976882e+00 8.854748442293888105e-03
8.820000000000000000e+03 2.495013672711902331e+00 8.845750180054458636e-03
8.850000000000000000e+03 2.495618716475349608e+00 8.882916415761676204e-03
8.880000000000000000e+03 2.495981852250642063e+00 8.902356608999521109e-03
8.910000000000000000e+03 2.496236790014273232e+00 8.978339562441260344e-03
8.940000000000000000e+03 2.495912749514725082e+00 8.950921231549890944e-03
8.970000000000000000e+03 2.495666316105006999e+00 8.890662504143590286e-03
9.000000000000000000e+03 2.496481284157920921e+00 8.853608539686844484e-03
9.030000000000000000e+03 2.496329759668496351e+00 9.066994156029612936e-03
9.060000000000000000e+03 2.496050637699313235e+00 9.184960145189095815e-03
9.090000000000000000e+03 2.495392480115438349e+00 9.124028080307022490e-03
9.120000000000000000e+03 2.495908939986527297e+00 9.070448063371826936e-03
9.150000000000000000e+03 2.495877595561200479e+00 8.988893706743609352e-03
9.180000000000000000e+03 2.495252597705685638e+00 8.977628513113022207e-03
9.210000000000000000e+03 2.495340357361935268e+00 8.967020179871068586e-03
9.240000000000000000e+03 2.494906094470678237e+00 9.031345386435398956e-03
9.270000000000000000e+03 2.495484239188839215e+00 9.040664529439719835e-03
9.300000000000000000e+03 2.494795671474218324e+00 9.196278055334803150e-03
9.330000000000000000e+03 2.495332115431358133e+00 9.228769605083793348e-03
9.360000000000000000e+03 2.494866059189187357e+00 9.140611381315893666e-03
9.390000000000000000e+03 2.495366987065070319e+00 9.087822658348366014e-03
9.420000000000000000e+03 2.495999735454895063e+00 9.062391268024248131e-03
9.450000000000000000e+03 2.496225298742806409e+00 8.918934332157532272e-03
9.480000000000000000e+03 2.496699478115547599e+00 8.883653110616304346e-03
9.510000000000000000e+03 2.496737268817063704e+00 8.896841346993093064e-03
9.540000000000000000e+03 2.497568795580130008e+00 8.948580156002713601e-03
9.570000000000000000e+03 2.497395461716262588e+00 8.759635187912210089e-03
9.600000000000000000e+03 2.497857248570770849e+00 8.835590912671853828e-03
9.630000000000000000e+03 2.498042239404774101e+00 8.823825673223045438e-03
9.660000000000000000e+03 2.497360395013017875e+00 8.616413377042646954e-03
9.690000000000000000e+03 2.498041055819044676e+00 8.681054043418654637e-03
9.720000000000000000e+03 2.498905617471823160e+00 8.593450318102786173e-03
9.750000000000000000e+03 2.499051292672732849e+00 8.490504979514526193e-03
9.780000000000000000e+03 2.499679539003405893e+00 8.543162916319417891e-03
9.810000000000000000e+03 2.499505401408376848e+00 8.520257870907110148e-03
9.840000000000000000e+03 2.501000876639991599e+00 8.592911601381786335e-03
9.870000000000000000e+03 2.501286506209707827e+00 8.565509296859362409e-03
9.900000000000000000e+03 2.501390828928787169e+00 8.525399781479302622e-03
9.930000000000000000e+03 2.501154168042351245e+00 8.542875059157436016e-03
9.960000000000000000e+03 2.501454969674606232e+00 8.671582690384514042e-03
9.990000000000000000e+03 2.502219850630995168e+00 8.869476870385292755e-03
1.002000000000000000e+04 2.501727677898270663e+00 8.703758451374292784e-03
1.005000000000000000e+04 2.502236346208071005e+00 8.602882027382225891e-03
1.008000000000000000e+04 2.502454296317426330e+00 8.614711864763053423e-03
1.011000000000000000e+04 2.502107876179715085e+00 8.668304851597741917e-03
1.014000000000000000e+04 2.502022623787406364e+00 8.619298605001364175e-03
1.017000000000000000e+04 2.501378509697862018e+00 8.587388870909347729e-03
1.020000000000000000e+04 2.501681930332936510e+00 8.563112660423187819e-03
1.023000000000000000e+04 2.501758385232899062e+00 8.554856812625617410e-03
1.026000000000000000e+04 2.502239405643337022e+00 8.609665778704183453e-03
1.029000000000000000e+04 2.502492045582066726e+00 8.509764195892914260e-03
1.032000000000000000e+04 2.501838939046841404e+00 8.508075856622178065e-03
1.035000000000000000e+04 2.502265375401438341e+00 8.495532384157742159e-03
1.038000000000000000e+04 2.502434936605011373e+00 8.332757294767975317e-03
1.041000000000000000e+04 2.502107606388049632e+00 8.313368062738789657e-03
1.044000000000000000e+04 2.501410163984497448e+00 8.180528274334703670e-03
1.047000000000000000e+04 2.501338967507012789e+00 8.065887638552229205e-03
1.050000000000000000e+04 2.501478155201310116e+00 8.073860934898969416e-03
1.053000000000000000e+04 2.501207465965994636e+00 8.158760929688511215e-03
1.056000000000000000e+04 2.501633121031519913e+00 8.133252925271729564e-03
1.059000000000000000e+04 2.501418222804119740e+00 8.089172002678073417e-03
1.062000000000000000e+04 2.501198447650839096e+00 7.969535941862464570e-03
1.065000000000000000e+04 2.501065873760049296e+00 7.872081485585449845e-03
1.068000000000000000e+04 2.500884580612900976e+00 7.874542597613972197e-03
1.071000000000000000e+04 2.500674606078126416e+00 7.860180049323524029e-03
1.074000000000000000e+04 2.500527609022311637e+00 7.817477284872661678e-03
1.077000000000000000e+04 2.500556461799411601e+00 7.881164802589784094e-03
1.080000000000000000e+04 2.500390206851038410e+00 7.914116899231157104e-03
1.083000000000000000e+04 2.500479560987987071e+00 7.808758242851126206e-03
1.086000000000000000e+04 2.500765066524468061e+00 7.716186361802625931e-03
1.089000000000000000e+04 2.500850948016400732e+00 7.695831313929431261e-03
1.092000000000000000e+04 2.501361178621281489e+00 7.708168346421367771e-03
1.095000000000000000e+04 2.501743639006398290e+00 7.801871554116903557e-03
1.098000000000000000e+04 2.500795054576536725e+00 7.726160211772505927e-03
1.101000000000000000e+04 2.500703118383102552e+00 7.812241099263718055e-03
1.104000000000000000e+04 2.500628338062795386e+00 7.853814506501199250e-03
1.107000000000000000e+04 2.501094296460359967e+00 7.941346676780579664e-03
1.110000000000000000e+04 2.500311371974389907e+00 7.806400758677739353e-03
1.113000000000000000e+04 2.499931671579638692e+00 7.793974828633326406e-03
1.116000000000000000e+04 2.500008373676012141e+00 7.722454022678208393e-03
1.119000000000000000e+04 2.500164178933416803e+00 7.790904042368014884e-03
1.122000000000000000e+04 2.500279876972895998e+00 7.715275720974458691e-03
1.125000000000000000e+04 2.499852553123615984e+00 7.526351339283960870e-03
1.128000000000000000e+04 2.499690358201924312e+00 7.675437022096230459e-03
1.131000000000000000e+04 2.499644201607538641e+00 7.771254199576739692e-03
1.134000000000000000e+04 2.499908170055855194e+00 7.677906374272545215e-03
1.137000000000000000e+04 2.500242295235958423e+00 7.674049486301706864e-03
1.140000000000000000e+04 2.500678991198502565e+00 7.652494573815917661e-03
1.143000000000000000e+04 2.500966556995389389e+00 7.572504491305865650e-03
1.146000000000000000e+04 2.500996964416644985e+00 7.513052620001699385e-03
1.149000000000000000e+04 2.500282879147576853e+00 7.491690520259032537e-03
1.152000000000000000e+04 2.500909728643454955e+00 7.534822338021432940e-03
1.155000000000000000e+04 2.500909924782093618e+00 7.628334818660575598e-03
1.158000000000000000e+04 2.501291401636038803e+00 7.669722743654919239e-03
1.161000000000000000e+04 2.500989870578437468e+00 7.681873205619937396e-03
1.164000000000000000e+04 2.501160997348536252e+00 7.709581770006111029e-03
1.167000000000000000e+04 2.501547347209895467e+00 7.691087638064395687e-03
1.170000000000000000e+04 2.502393573054030540e+00 7.736576612592829978e-03
1.173000000000000000e+04 2.503045328285275595e+00 7.665897279782784256e-03
1.176000000000000000e+04 2.502409152887239863e+00 7.680063640366995535e-03
1.179000000000000000e+04 2.502447939823655876e+00 7.522725200876043301e-03
1.182000000000000000e+04 2.503022666296017995e+00 7.617871811035509602e-03
1.185000000000000000e+04 2.503453471686551524e+00 7.715571554537828912e-03
1.188000000000000000e+04 2.503366354427996932e+00 7.772977762418027507e-03
1.191000000000000000e+04 2.502815990603006302e+00 7.700283575377725974e-03
1.194000000000000000e+04 2.503234189704885981e+00 7.600350164338086183e-03
1.197000000000000000e+04 2.503193428392415321e+00 7.614451768586479562e-03
1.200000000000000000e+04 2.503285483670075084e+00 7.576569911420208414e-03
1.203000000000000000e+04 2.502972232038191525e+00 7.605886459716573907e-03
1.206000000000000000e+04 2.502633603580070254e+00 7.589924715729069390e-03
1.209000000000000000e+04 2.503019852888301422e+00 7.623891073923693383e-03
1.212000000000000000e+04 2.502979065712894968e+00 7.647045264306361403e-03
1.215000000000000000e+04 2.502939530671751012e+00 7.643588135144169932e-03
1.218000000000000000e+04 2.502687882083517668e+00 7.533133068884345293e-03
1.221000000000000000e+04 2.502467735157521744e+00 7.481234177244461964e-03
1.224000000000000000e+04 2.502373155078377209e+00 7.547794532158738981e-03
1.227000000000000000e+04 2.502496606064336326e+00 7.532358054625328848e-03
1.230000000000000000e+04 2.502879600147141836e+00 7.459501064431662588e-03
1.233000000000000000e+04 2.502730938091404678e+00 7.367998815655844684e-03
1.236000000000000000e+04 2.502625917289213131e+00 7.384278789142576134e-03
1.239000000000000000e+04 2.503017278984869254e+00 7.432181508340572271e-03
1.242000000000000000e+04 2.502943602997914407e+00 7.357733359963267508e-03
1.245000000000000000e+04 2.502754082515795453e+00 7.244705826081155459e-03
1.248000000000000000e+04 2.502772367802438058e+00 7.189067622470060245e-03
1.251000000000000000e+04 2.502859781997162969e+00 7.209735615369549690e-03
1.254000000000000000e+04 2.503003924077324971e+00 7.208960137073756359e-03
1.257000000000000000e+04 2.502855066758881364e+00 7.241912173683154319e-03
1.260000000000000000e+04 2.502258672946161777e+00 7.291814846852880984e-03
1.263000000000000000e+04 2.502135788254566950e+00 7.265290984421627317e-03
1.266000000000000000e+04 2.502176976930595487e+00 7.260699430444201782e-03
1.269000000000000000e+04 2.502296741680912096e+00 7.292304506667291776e-03
1.272000000000000000e+04 2.501475244880970283e+00 7.224487807842264360e-03
1.275000000000000000e+04 2.501730792170474338e+00 7.167527618113573272e-03
1.278000000000000000e+04 2.501776235013596139e+00 7.192154625218696341e-03
1.281000000000000000e+04 2.501668689763950848e+00 7.175271444906698715e-03
1.284000000000000000e+04 2.501608343452495831e+00 7.104131055003658386e-03
1.287000000000000000e+04 2.500875118725652158e+00 7.022109937943792415e-03
1.290000000000000000e+04 2.500680004040161108e+00 6.999832376935332875e-03
1.293000000000000000e+04 2.500560229133067303e+00 6.882917840580856338e-03
1.296000000000000000e+04 2.501071471182394035e+00 6.929603141798633056e-03
1.299000000000000000e+04 2.501156585222300333e+00 7.008778437251599741e-03
1.302000000000000000e+04 2.501126970429045748e+00 7.043179681623546774e-03
1.305000000000000000e+04 2.501072740901358671e+00 7.125807465040396443e-03
1.308000000000000000e+04 2.500668888394286693e+00 7.078711401287453471e-03
1.311000000000000000e+04 2.501027362326265546e+00 7.162879291487558517e-03
1.314000000000000000e+04 2.500850259643441209e+00 7.015800290157353861e-03
1.317000000000000000e+04 2.501508270023800939e+00 7.060753345661520582e-03
1.320000000000000000e+04 2.501336989648871967e+00 7.006913910827519340e-03
1.323000000000000000e+04 2.501567387656737029e+00 6.986071163818170782e-03
1.326000000000000000e+04 2.501432449201484776e+00 6.973657501617614926e-03
1.329000000000000000e+04 2.500755539597047328e+00 6.943732106989222372e-03
1.332000000000000000e+04 2.500584575954112765e+00 6.908852173744086875e-03
1.335000000000000000e+04 2.500358063319153334e+00 6.928992226734619932e-03
1.338000000000000000e+04 2.500011589231752485e+00 7.012426940563953534e-03
1.341000000000000000e+04 2.500114578484729844e+00 7.013807387440608616e-03
1.344000000000000000e+04 2.500217083547506824e+00 7.156877046768274006e-03
1.347000000000000000e+04 2.500400143876036374e+00 7.250566978452323459e-03
1.350000000000000000e+04 2.500041118519523042e+00 7.310115213827714058e-03
1.353000000000000000e+04 2.499856445707089758e+00 7.243094843294915069e-03
1.356000000000000000e+04 2.500517383642966163e+00 7.184299680335911632e-03
1.359000000000000000e+04 2.500224932618406282e+00 7.056047421858094651e-03
1.362000000000000000e+04 2.500310582344638100e+00 7.111581769010892791e-03
1.365000000000000000e+04 2.500646096383101646e+00 7.147032500731204975e-03
1.368000000000000000e+04 2.500829994048235694e+00 7.184557473746963803e-03
1.371000000000000000e+04 2.501514492577043391e+00 7.264037586750708014e-03
1.374000000000000000e+04 2.502622083134386166e+00 7.290089673098040443e-03
1.377000000000000000e+04 2.502508070326920908e+00 7.308260654637630145e-03
1.380000000000000000e+04 2.502026823748570550e+00 7.440813167963703824e-03
1.383000000000000000e+04 2.501554888483683570e+00 7.384556995404613355e-03
1.386000000000000000e+04 2.501963400039811880e+00 7.306484490705267461e-03
1.389000000000000000e+04 2.501999062531198526e+00 7.294316887410027747e-03
1.392000000000000000e+04 2.502172013539155415e+00 7.311299483852568525e-03
1.395000000000000000e+04 2.501932371217682860e+00 7.281725486172346481e-03
1.398000000000000000e+04 2.501781423079231459e+00 7.307796780383351773e-03
1.401000000000000000e+04 2.501275292722206167e+00 7.287829935167907530e-03
1.404000000000000000e+04 2.501352686598066644e+00 7.373200810791732257e-03
1.407000000000000000e+04 2.501245827427903912e+00 7.359926211606093900e-03
1.410000000000000000e+04 2.501667966865504411e+00 7.301276236104621738e-03
1.413000000000000000e+04 2.501926568591251954e+00 7.373021953603384193e-03
1.416000000000000000e+04 2.502138575373249907e+00 7.411125204564670936e-03
1.419000000000000000e+04 2.501801522076618323e+00 7.389628735338332408e-03
1.422000000000000000e+04 2.502060186871959857e+00 7.321520721379537466e-03
1.425000000000000000e+04 2.501678803756955727e+00 7.380059307806739743e-03
1.428000000000000000e+04 2.501321614768289958e+00 7.323209137210693123e-03
1.431000000000000000e+04 2.501563901415064350e+00 7.240777833641067959e-03
1.434000000000000000e+04 2.501337398130053291e+00 7.324007562896559659e-03
1.437000000000000000e+04 2.500448396221858882e+00 7.290852274764388768e-03
1.440000000000000000e+04 2.500190000935009316e+00 7.338129696363296546e-03
1.443000000000000000e+04 2.499755708766649320e+00 7.310124437783400118e-03
1.446000000000000000e+04 2.499965873730165544e+00 7.276824409167009615e-03
1.449000000000000000e+04 2.500339396551964022e+00 7.326175406961675171e-03
1.452000000000000000e+04 2.500068165161218214e+00 7.254486744792829934e-03
1.455000000000000000e+04 2.500499787057356205e+00 7.275256956408923323e-03
1.458000000000000000e+04 2.500066266757201117e+00 7.201158169325540606e-03
1.461000000000000000e+04 2.499908391619209080e+00 7.197194711733711538e-03
1.464000000000000000e+04 2.499970233804493791e+00 7.169605756034413795e-03
1.467000000000000000e+04 2.500210205656081985e+00 7.172774898969424759e-03
1.470000000000000000e+04 2.499742363153116376e+00 7.229257301526628536e-03
1.473000000000000000e+04 2.499672630577216115e+00 7.184998869215633230e-03
1.476000000000000000e+04 2.499391226226683305e+00 7.131182772656767359e-03
1.479000000000000000e+04 2.499682710007469222e+00 7.057075220847443958e-03
1.482000000000000000e+04 2.499423493574272293e+00 7.061116153340887824e-03
1.485000000000000000e+04 2.499508526204586634e+00 7.057239214451103450e-03
1.488000000000000000e+04 2.498651775835769584e+00 7.071920424998739962e-03
1.491000000000000000e+04 2.499088886054696257e+00 7.130815426715905216e-03
1.494000000000000000e+04 2.499176896648076962e+00 7.097945082643920822e-03
1.497000000000000000e+04 2.498860325059289789e+00 7.009253101968935910e-03
1.500000000000000000e+04 2.499175284098332117e+00 6.961617710396723023e-03
