# # n, sigma
3.000000000000000000e+01 2.217276154243705388e+00 4.011670157628657862e-02
6.000000000000000000e+01 2.381985920834830406e+00 3.953089315470990212e-02
9.000000000000000000e+01 2.333027910370952807e+00 6.050818938204993030e-02
1.200000000000000000e+02 2.471114204220846933e+00 6.352503972564882417e-02
1.500000000000000000e+02 2.463686565783203886e+00 5.996553430141784297e-02
1.800000000000000000e+02 2.437082462048794973e+00 6.873117763757177756e-02
2.100000000000000000e+02 3.864908784296631872e+00 9.610935629854185092e-02
2.400000000000000000e+02 3.846500576285694972e+00 9.447959047316450976e-02
2.700000000000000000e+02 3.831978703153379406e+00 7.945710641278307118e-02
3.000000000000000000e+02 2.453709940272660095e+00 7.121666076700844394e-02
3.300000000000000000e+02 2.465803390158813002e+00 5.234958264179127851e-02
3.600000000000000000e+02 2.453621611461026308e+00 4.656336053273852499e-02
3.900000000000000000e+02 2.455610937104113933e+00 4.263136614996619611e-02
4.200000000000000000e+02 2.460595785525346191e+00 4.461263211103674853e-02
4.500000000000000000e+02 2.464736040102195602e+00 4.719274853340131581e-02
4.800000000000000000e+02 2.454861991166818580e+00 3.931754642864777882e-02
5.100000000000000000e+02 2.451504101666633240e+00 3.408669662565613767e-02
5.400000000000000000e+02 2.468359555123020410e+00 3.755122251371504488e-02
5.700000000000000000e+02 2.466716670967147085e+00 3.417787784698392978e-02
6.000000000000000000e+02 2.477728528825256404e+00 3.628488688298042719e-02
6.300000000000000000e+02 2.486641927389079854e+00 3.689771510949594463e-02
6.600000000000000000e+02 2.489575374215080572e+00 3.604089875062582715e-02
6.900000000000000000e+02 2.487877220975252435e+00 3.596011746013728916e-02
7.200000000000000000e+02 2.490676711014297329e+00 3.682385449289336810e-02
7.500000000000000000e+02 2.490609039009163084e+00 3.516459769197315816e-02
7.800000000000000000e+02 2.479907884451642008e+00 3.340072256356501484e-02
8.100000000000000000e+02 2.477052631692578721e+00 3.332079522711334230e-02
8.400000000000000000e+02 2.475941507780435646e+00 3.313354293683812984e-02
8.700000000000000000e+02 2.478491332912143630e+00 3.121431451676005137e-02
9.000000000000000000e+02 2.480394509678741866e+00 3.152550051197920006e-02
9.300000000000000000e+02 2.480983463254180510e+00 2.869308178112660659e-02
9.600000000000000000e+02 2.484896581284205652e+00 2.876104143934531815e-02
9.900000000000000000e+02 2.485057349128938942e+00 2.759648608592949609e-02
1.020000000000000000e+03 2.485336466177684223e+00 2.640914229130108398e-02
1.050000000000000000e+03 2.483953656757276196e+00 2.769770333854189998e-02
1.080000000000000000e+03 2.480493506692109662e+00 2.722007489918922343e-02
1.110000000000000000e+03 2.477361464388001533e+00 2.699517121277650311e-02
1.140000000000000000e+03 2.486543890707302307e+00 2.623291264738580875e-02
1.170000000000000000e+03 2.476877676509990245e+00 2.561147614215295715e-02
1.200000000000000000e+03 2.476200634116640487e+00 2.682036908932851696e-02
1.230000000000000000e+03 2.477162875368916772e+00 2.588630699102132185e-02
1.260000000000000000e+03 2.475014658077044682e+00 2.785963984297980950e-02
1.290000000000000000e+03 2.471831619088832976e+00 2.767631099851973128e-02
1.320000000000000000e+03 2.475971365205479557e+00 2.774457439893509084e-02
1.350000000000000000e+03 2.476769056761181531e+00 2.827657263083347902e-02
1.380000000000000000e+03 2.478928329074870707e+00 2.730728622605517117e-02
1.410000000000000000e+03 2.482931104751760376e+00 2.606961375198309575e-02
1.440000000000000000e+03 2.480171186850445686e+00 2.613645140352427801e-02
1.470000000000000000e+03 2.472185740132700094e+00 2.512565279397461354e-02
1.500000000000000000e+03 2.475297823378322715e+00 2.408415528350956597e-02
1.530000000000000000e+03 2.475478681207744724e+00 2.420718918024799757e-02
1.560000000000000000e+03 2.477901550092387772e+00 2.202076835934579924e-02
1.590000000000000000e+03 2.478825887674675599e+00 2.145687379059807443e-02
1.620000000000000000e+03 2.482433101448133339e+00 2.035657724434574226e-02
1.650000000000000000e+03 2.487028187626095566e+00 1.992374534291966107e-02
1.680000000000000000e+03 2.484555115335212339e+00 2.101752889341274022e-02
1.710000000000000000e+03 2.491665093071159909e+00 2.053456426042995359e-02
1.740000000000000000e+03 2.486549381571688588e+00 2.080281069593550511e-02
1.770000000000000000e+03 2.487727693503023474e+00 2.001792072166896919e-02
1.800000000000000000e+03 2.487739285618921770e+00 1.935493615401881126e-02
1.830000000000000000e+03 2.488600832607043234e+00 1.894321578563507372e-02
1.860000000000000000e+03 2.484924602561579654e+00 1.830656119468335175e-02
1.890000000000000000e+03 2.483042506519032244e+00 1.812806718440728576e-02
1.920000000000000000e+03 2.486052001512991438e+00 1.777135526748288910e-02
1.950000000000000000e+03 2.488558867850993117e+00 1.710374166450214992e-02
1.980000000000000000e+03 2.486953503276731592e+00 1.727545233986552131e-02
2.010000000000000000e+03 2.487089268386765362e+00 1.733950610238894213e-02
2.040000000000000000e+03 2.489831405668060604e+00 1.729221800251386568e-02
2.070000000000000000e+03 2.489102985922215350e+00 1.762538875268334498e-02
2.100000000000000000e+03 2.491451314653061466e+00 1.840173285704220854e-02
2.130000000000000000e+03 2.489110433413084245e+00 1.788311882163021171e-02
2.160000000000000000e+03 2.490809571637726538e+00 1.726511807119782832e-02
2.190000000000000000e+03 2.488630356186579462e+00 1.656543343175607974e-02
2.220000000000000000e+03 2.490574060014190128e+00 1.660806221433010210e-02
2.250000000000000000e+03 2.490124510336522157e+00 1.705175022475284921e-02
2.280000000000000000e+03 2.492668663819434638e+00 1.697063295424487001e-02
2.310000000000000000e+03 2.492144258835757409e+00 1.610573889916290177e-02
2.340000000000000000e+03 2.490555490106127756e+00 1.621522324663283304e-02
2.370000000000000000e+03 2.494705882051707846e+00 1.579617840518317967e-02
2.400000000000000000e+03 2.497224665296775115e+00 1.617991569306712063e-02
2.430000000000000000e+03 2.498474962756025874e+00 1.597944883495068524e-02
2.460000000000000000e+03 2.495967459189505355e+00 1.567395013374245361e-02
2.490000000000000000e+03 2.494601719758347436e+00 1.558557312202133761e-02
2.520000000000000000e+03 2.495238475384250698e+00 1.585115840542061783e-02
2.550000000000000000e+03 2.495737431466763301e+00 1.534985490680621650e-02
2.580000000000000000e+03 2.497384480886778668e+00 1.504813443532717308e-02
2.610000000000000000e+03 2.498107662733131118e+00 1.463453991116088135e-02
2.640000000000000000e+03 2.497943381386141137e+00 1.482106330205791751e-02
2.670000000000000000e+03 2.498398012948598979e+00 1.455850863948804884e-02
2.700000000000000000e+03 2.497783922728059380e+00 1.444525879264475267e-02
2.730000000000000000e+03 2.499332959836519930e+00 1.430675689596802233e-02
2.760000000000000000e+03 2.500170486318379570e+00 1.358105172765443347e-02
2.790000000000000000e+03 2.504499988950116052e+00 1.313169785107422792e-02
2.820000000000000000e+03 2.503730267287721745e+00 1.285635260224659779e-02
2.850000000000000000e+03 2.502654290315919905e+00 1.302749689250866025e-02
2.880000000000000000e+03 2.502337036214466348e+00 1.309368740784732331e-02
2.910000000000000000e+03 2.500188443184175657e+00 1.348414706421689757e-02
2.940000000000000000e+03 2.502681716353164276e+00 1.391117887853982396e-02
2.970000000000000000e+03 2.503645705359871965e+00 1.433127598405179240e-02
3.000000000000000000e+03 2.503467491936484990e+00 1.441819398558282818e-02
3.030000000000000000e+03 2.503249037328227899e+00 1.435434103881402627e-02
3.060000000000000000e+03 2.501022479824742462e+00 1.415174404363560290e-02
3.090000000000000000e+03 2.500901901763751933e+00 1.416723127790936627e-02
3.120000000000000000e+03 2.500908390420427452e+00 1.464859554772777496e-02
3.150000000000000000e+03 2.501468331191658123e+00 1.468314436808366118e-02
3.180000000000000000e+03 2.501080780963828687e+00 1.450746336481701683e-02
3.210000000000000000e+03 2.502032267622801509e+00 1.451177066060658528e-02
3.240000000000000000e+03 2.502527121027954493e+00 1.428820891309393222e-02
3.270000000000000000e+03 2.502471422584509497e+00 1.432799188010943324e-02
3.300000000000000000e+03 2.503094614751022018e+00 1.370969127238281030e-02
3.330000000000000000e+03 2.503281632884404306e+00 1.337599038824855910e-02
3.360000000000000000e+03 2.503459420210428554e+00 1.367841775323717576e-02
3.390000000000000000e+03 2.504525084630826015e+00 1.393468229004948648e-02
3.420000000000000000e+03 2.505001503865233570e+00 1.373218031688850684e-02
3.450000000000000000e+03 2.504080573922138786e+00 1.368272929841092556e-02
3.480000000000000000e+03 2.503756267668743707e+00 1.362071929759629992e-02
3.510000000000000000e+03 2.503229998002576728e+00 1.356182228894466796e-02
3.540000000000000000e+03 2.503785918505642805e+00 1.378170582697105066e-02
3.570000000000000000e+03 2.503931981030817600e+00 1.339542238231254852e-02
3.600000000000000000e+03 2.503209230331180368e+00 1.355610183143349939e-02
3.630000000000000000e+03 2.504074402088108720e+00 1.362377904699571714e-02
3.660000000000000000e+03 2.504157836880934074e+00 1.357871977572867178e-02
3.690000000000000000e+03 2.502980636983645368e+00 1.345750074657127079e-02
3.720000000000000000e+03 2.503078889891002579e+00 1.325136896148390760e-02
3.750000000000000000e+03 2.502508565067895319e+00 1.290805565898424552e-02
3.780000000000000000e+03 2.504229622221767926e+00 1.314120625913364759e-02
3.810000000000000000e+03 2.506219150067517720e+00 1.309986635176989267e-02
3.840000000000000000e+03 2.505545630047688377e+00 1.299538724711831253e-02
3.870000000000000000e+03 2.504031783676697653e+00 1.288078399852916021e-02
3.900000000000000000e+03 2.503433125227613854e+00 1.281072645422621017e-02
3.930000000000000000e+03 2.502441382549248861e+00 1.280545776086806746e-02
3.960000000000000000e+03 2.502381053921804988e+00 1.253142628436563176e-02
3.990000000000000000e+03 2.504540025413031223e+00 1.249399882432811019e-02
4.020000000000000000e+03 2.504474403263233562e+00 1.241349077994275893e-02
4.050000000000000000e+03 2.506620155347003553e+00 1.255496534705059092e-02
4.080000000000000000e+03 2.506061477800050952e+00 1.232090435681795423e-02
4.110000000000000000e+03 2.505386379225229998e+00 1.183328174942628770e-02
4.140000000000000000e+03 2.505763851310529144e+00 1.167749693024282623e-02
4.170000000000000000e+03 2.507023787247554925e+00 1.166334231763754142e-02
4.200000000000000000e+03 2.506763890987938392e+00 1.160315399114415953e-02
4.230000000000000000e+03 2.505828548129117817e+00 1.130683602347593193e-02
4.260000000000000000e+03 2.507898678321608621e+00 1.127613084315099573e-02
4.290000000000000000e+03 2.508928425406144136e+00 1.159459484609465935e-02
4.320000000000000000e+03 2.508174267175220962e+00 1.168270115231797267e-02
4.350000000000000000e+03 2.508582839508779916e+00 1.171827169482363845e-02
4.380000000000000000e+03 2.506958890899805503e+00 1.166326280632905797e-02
4.410000000000000000e+03 2.508199234884752382e+00 1.159586480258541046e-02
4.440000000000000000e+03 2.507721908419365153e+00 1.190082988954126349e-02
4.470000000000000000e+03 2.507865404002143084e+00 1.171974432424762250e-02
4.500000000000000000e+03 2.507366922016790678e+00 1.199698090201483519e-02
4.530000000000000000e+03 2.505365950238740425e+00 1.167257468732585575e-02
4.560000000000000000e+03 2.505610511175692334e+00 1.171375493392482099e-02
4.590000000000000000e+03 2.506218306832085130e+00 1.178295656141481636e-02
4.620000000000000000e+03 2.505636465458144890e+00 1.195762721988847567e-02
4.650000000000000000e+03 2.505190007788905326e+00 1.212607741209453284e-02
4.680000000000000000e+03 2.505918615458079035e+00 1.209753297536647967e-02
4.710000000000000000e+03 2.505936640443808816e+00 1.242054652110478712e-02
4.740000000000000000e+03 2.505731707600348468e+00 1.257268044084219362e-02
4.770000000000000000e+03 2.507587483347046842e+00 1.287633717968575744e-02
4.800000000000000000e+03 2.508260671914631867e+00 1.247833246130695441e-02
4.830000000000000000e+03 2.507764331059243457e+00 1.255339947688176479e-02
4.860000000000000000e+03 2.508433158215824132e+00 1.270422188498425420e-02
4.890000000000000000e+03 2.509211191310348532e+00 1.292688063999908321e-02
4.920000000000000000e+03 2.509079136800778098e+00 1.308001281392044864e-02
4.950000000000000000e+03 2.508211442916571166e+00 1.290741629213023635e-02
4.980000000000000000e+03 2.508889203659487421e+00 1.286480008659138599e-02
5.010000000000000000e+03 2.509967632987881281e+00 1.310967959630811135e-02
5.040000000000000000e+03 2.510898110965365859e+00 1.324066754894672772e-02
5.070000000000000000e+03 2.510074801289068347e+00 1.335374780884479931e-02
5.100000000000000000e+03 2.511909058785053439e+00 1.332674476157428949e-02
5.130000000000000000e+03 2.511409718840495131e+00 1.305870574263891422e-02
5.160000000000000000e+03 2.510381322029697770e+00 1.310622841894265589e-02
5.190000000000000000e+03 2.509650256740961982e+00 1.343538847664538065e-02
5.220000000000000000e+03 2.509559051472592728e+00 1.343137728942439026e-02
5.250000000000000000e+03 2.509075958481847834e+00 1.363588298001047056e-02
5.280000000000000000e+03 2.508234121230830560e+00 1.321316164795481585e-02
5.310000000000000000e+03 2.509286465960925749e+00 1.331063405892399590e-02
5.340000000000000000e+03 2.509454863173297134e+00 1.333464331935167897e-02
5.370000000000000000e+03 2.509383286588017459e+00 1.341756704231810392e-02
5.400000000000000000e+03 2.510834107329070974e+00 1.314439897171730022e-02
5.430000000000000000e+03 2.510850947944598843e+00 1.314110481393996471e-02
5.460000000000000000e+03 2.511887549595510194e+00 1.302506744264548232e-02
5.490000000000000000e+03 2.510948149940051444e+00 1.265475794998034524e-02
5.520000000000000000e+03 2.510733645153639060e+00 1.277073494662277209e-02
5.550000000000000000e+03 2.511881342154440588e+00 1.240924427683073004e-02
5.580000000000000000e+03 2.512759781928485037e+00 1.242886275396558153e-02
5.610000000000000000e+03 2.513280087345983294e+00 1.239937350605484732e-02
5.640000000000000000e+03 2.513315825637493450e+00 1.230272169111160628e-02
5.670000000000000000e+03 2.513569280072776468e+00 1.243811923981852363e-02
5.700000000000000000e+03 2.513215368385136816e+00 1.251362300891142865e-02
5.730000000000000000e+03 2.513059131010909386e+00 1.225111082565443106e-02
5.760000000000000000e+03 2.512516555999817047e+00 1.230675626870633005e-02
5.790000000000000000e+03 2.511580218255926145e+00 1.193925591341844610e-02
5.820000000000000000e+03 2.511284536672579559e+00 1.189819487104390797e-02
5.850000000000000000e+03 2.512140543352508359e+00 1.190750611492436689e-02
5.880000000000000000e+03 2.512056713957094178e+00 1.176314158246478773e-02
5.910000000000000000e+03 2.512456098671513871e+00 1.179546433718085471e-02
5.940000000000000000e+03 2.511884016475845360e+00 1.178713519698969259e-02
5.970000000000000000e+03 2.511009731893780739e+00 1.155123153024159750e-02
6.000000000000000000e+03 2.511938087881171011e+00 1.149782808871659991e-02
6.030000000000000000e+03 2.511855511050097078e+00 1.144353162592829688e-02
6.060000000000000000e+03 2.512173523033611300e+00 1.131292054985134736e-02
6.090000000000000000e+03 2.510764256455361387e+00 1.128600806664810732e-02
6.120000000000000000e+03 2.511101361140875898e+00 1.148610184721037507e-02
6.150000000000000000e+03 2.512243220386547016e+00 1.147267549715045437e-02
6.180000000000000000e+03 2.510958334672278802e+00 1.143086264291231363e-02
6.210000000000000000e+03 2.511533930433640815e+00 1.137630652571166440e-02
6.240000000000000000e+03 2.511945766596692220e+00 1.134494273750133800e-02
6.270000000000000000e+03 2.511759698086075243e+00 1.136374978891004778e-02
6.300000000000000000e+03 2.512247594886106050e+00 1.126524047715687406e-02
6.330000000000000000e+03 2.511876691688146757e+00 1.126374714797389112e-02
6.360000000000000000e+03 2.511575829179470531e+00 1.130688102396048590e-02
6.390000000000000000e+03 2.510883426240557270e+00 1.142351195002783495e-02
6.420000000000000000e+03 2.510089689359425336e+00 1.133656328188905466e-02
6.450000000000000000e+03 2.509887479647184172e+00 1.131780034804237903e-02
6.480000000000000000e+03 2.509365438986423946e+00 1.119564958749291218e-02
6.510000000000000000e+03 2.507957633872907266e+00 1.125733555520992690e-02
6.540000000000000000e+03 2.508383936984388995e+00 1.106907427513743360e-02
6.570000000000000000e+03 2.509476431772255545e+00 1.113169432182590027e-02
6.600000000000000000e+03 2.511019297349793344e+00 1.098247644394624578e-02
6.630000000000000000e+03 2.511129646413595484e+00 1.079021789294613322e-02
6.660000000000000000e+03 2.511106239857063827e+00 1.104025035150472261e-02
6.690000000000000000e+03 2.511184104318934907e+00 1.089063843619754446e-02
6.720000000000000000e+03 2.510776669259450422e+00 1.091438287886845049e-02
6.750000000000000000e+03 2.509989091066024525e+00 1.094228701883184079e-02
6.780000000000000000e+03 2.509858329281859479e+00 1.121719936458397474e-02
6.810000000000000000e+03 2.509339605935315909e+00 1.111417277534004246e-02
6.840000000000000000e+03 2.509179693354441909e+00 1.102728790353000102e-02
6.870000000000000000e+03 2.509943854369278693e+00 1.106689075951854638e-02
6.900000000000000000e+03 2.509893395026923102e+00 1.107639365169277128e-02
6.930000000000000000e+03 2.510536554431996858e+00 1.106253901589036859e-02
6.960000000000000000e+03 2.510634875828706480e+00 1.079094884519935654e-02
6.990000000000000000e+03 2.510690790773111747e+00 1.076720123412107204e-02
7.020000000000000000e+03 2.511327641825817025e+00 1.078489002931512335e-02
7.050000000000000000e+03 2.510688284051542318e+00 1.086016510739417837e-02
7.080000000000000000e+03 2.509404666342248014e+00 1.078116926497538208e-02
7.110000000000000000e+03 2.507946311920654647e+00 1.101160551662519818e-02
7.140000000000000000e+03 2.507849758244584226e+00 1.079824997772389251e-02
7.170000000000000000e+03 2.508408584835483790e+00 1.100776043023766852e-02
7.200000000000000000e+03 2.507871445408921041e+00 1.102120911744839359e-02
7.230000000000000000e+03 2.507115568832404051e+00 1.087712887603689213e-02
7.260000000000000000e+03 2.506176191910560735e+00 1.072535039970858549e-02
7.290000000000000000e+03 2.507197055730030932e+00 1.051310655826522347e-02
7.320000000000000000e+03 2.507035502526209658e+00 1.051324144716381248e-02
7.350000000000000000e+03 2.508044765602619020e+00 1.061092514749881893e-02
7.380000000000000000e+03 2.507813313421868084e+00 1.042484706993045650e-02
7.410000000000000000e+03 2.508053498701700246e+00 1.037681318469475117e-02
7.440000000000000000e+03 2.507818885453390934e+00 1.047935846263388371e-02
7.470000000000000000e+03 2.507717599748901183e+00 1.030030671199407173e-02
7.500000000000000000e+03 2.508823181192463725e+00 1.038381095138558689e-02
7.530000000000000000e+03 2.508357129545125908e+00 1.044342930606901969e-02
7.560000000000000000e+03 2.508244227736424747e+00 1.039157248894151224e-02
7.590000000000000000e+03 2.508736024587869373e+00 1.036080653373197547e-02
7.620000000000000000e+03 2.510282459331876659e+00 1.038878724191318915e-02
7.650000000000000000e+03 2.510711320863403540e+00 1.043200903333748979e-02
7.680000000000000000e+03 2.510479681033865429e+00 1.050127635121782428e-02
7.710000000000000000e+03 2.509393425737270533e+00 1.042369744110386090e-02
7.740000000000000000e+03 2.509237828482123955e+00 1.052178715354215588e-02
7.770000000000000000e+03 2.509071543364294055e+00 1.062599672000619742e-02
7.800000000000000000e+03 2.508816299591795307e+00 1.052068959934396829e-02
7.830000000000000000e+03 2.508866043205482566e+00 1.028388850788095228e-02
7.860000000000000000e+03 2.508159402615088851e+00 1.036204678191602647e-02
7.890000000000000000e+03 2.508377528500344233e+00 1.033675507888708565e-02
7.920000000000000000e+03 2.508653025234908629e+00 1.037842824020742717e-02
7.950000000000000000e+03 2.509244923662352189e+00 1.025401860739898717e-02
7.980000000000000000e+03 2.508857213870518965e+00 1.017725455550828363e-02
8.010000000000000000e+03 2.508622599936540798e+00 1.004056302388626511e-02
8.040000000000000000e+03 2.508237286460594184e+00 9.971397074565829105e-03
8.070000000000000000e+03 2.508555876386551642e+00 9.954460646888809924e-03
8.100000000000000000e+03 2.508242479805972813e+00 1.004347772223797633e-02
8.130000000000000000e+03 2.508397521032368793e+00 1.006602904622016029e-02
8.160000000000000000e+03 2.507706123486905803e+00 1.007223595438144249e-02
8.190000000000000000e+03 2.508095919085640446e+00 9.992787285000947692e-03
8.220000000000000000e+03 2.507786119264741487e+00 9.806747836385295430e-03
8.250000000000000000e+03 2.508320862297406251e+00 9.833037085756271209e-03
8.280000000000000000e+03 2.508295688508270782e+00 9.777542213799584117e-03
8.310000000000000000e+03 2.508034782718404188e+00 9.795141179417102967e-03
8.340000000000000000e+03 2.508030193087670501e+00 9.685680924033582620e-03
8.370000000000000000e+03 2.507641225003570895e+00 9.668062350499126087e-03
8.400000000000000000e+03 2.507821225604854654e+00 9.613209416167263141e-03
8.430000000000000000e+03 2.507558474122725034e+00 9.567260827495120343e-03
8.460000000000000000e+03 2.507184094025562526e+00 9.588918775827088431e-03
8.490000000000000000e+03 2.507067019460687884e+00 9.532455738711739790e-03
8.520000000000000000e+03 2.506895435426626850e+00 9.498149572761571680e-03
8.550000000000000000e+03 2.506214811593602043e+00 9.525482666120214589e-03
8.580000000000000000e+03 2.505835513302189010e+00 9.370451999441814159e-03
8.610000000000000000e+03 2.506069995383406024e+00 9.420173121796375504e-03
8.640000000000000000e+03 2.505552231403930019e+00 9.308747452988456669e-03
8.670000000000000000e+03 2.504763242030891401e+00 9.176773622702388833e-03
8.700000000000000000e+03 2.504631619442803547e+00 9.301469707787748259e-03
8.730000000000000000e+03 2.504115915295494599e+00 9.311899540656812940e-03
8.760000000000000000e+03 2.503701814413070714e+00 9.263220059395067818e-03
8.790000000000000000e+03 2.502766821458314084e+00 9.042450122374735832e-03
8.820000000000000000e+03 2.502245127489238552e+00 8.859731373775620727e-03
8.850000000000000000e+03 2.502241242103749652e+00 8.888001837100345179e-03
8.880000000000000000e+03 2.502496695109599045e+00 8.955232102122243423e-03
8.910000000000000000e+03 2.502203999383346922e+00 8.933637686234594671e-03
8.940000000000000000e+03 2.501706840565391499e+00 8.917749482013183696e-03
8.970000000000000000e+03 2.501840072171222840e+00 8.876724682991091533e-03
9.000000000000000000e+03 2.502091858548517678e+00 8.808367766398971302e-03
9.030000000000000000e+03 2.502060738854038568e+00 8.818761989337974005e-03
9.060000000000000000e+03 2.502471024549611567e+00 8.736105740419429846e-03
9.090000000000000000e+03 2.502071507379020954e+00 8.652578839898618715e-03
9.120000000000000000e+03 2.502392727501681957e+00 8.661186012117618946e-03
9.150000000000000000e+03 2.502558310380636808e+00 8.575010731961436872e-03
9.180000000000000000e+03 2.502626496928688660e+00 8.666427950929830523e-03
9.210000000000000000e+03 2.502351906233216461e+00 8.622052095593819160e-03
9.240000000000000000e+03 2.502741941152163641e+00 8.638662427102964184e-03
9.270000000000000000e+03 2.502461386518369579e+00 8.747293748978979266e-03
9.300000000000000000e+03 2.502156900140385609e+00 8.651140687915909872e-03
9.330000000000000000e+03 2.502102360430776162e+00 8.651247919972807066e-03
9.360000000000000000e+03 2.502198717287595908e+00 8.758251217164714914e-03
9.390000000000000000e+03 2.502155124258711449e+00 8.787095099500673301e-03
9.420000000000000000e+03 2.502326399933825218e+00 8.816684295961833145e-03
9.450000000000000000e+03 2.502392784032702266e+00 8.759792225438297122e-03
9.480000000000000000e+03 2.502329499492150777e+00 8.969248270506451418e-03
9.510000000000000000e+03 2.502259194505518369e+00 8.964467989612747920e-03
9.540000000000000000e+03 2.502929607409367208e+00 9.070260965512470450e-03
9.570000000000000000e+03 2.502937040832240889e+00 9.002118772154368148e-03
9.600000000000000000e+03 2.503622858969600795e+00 8.897151406554757586e-03
9.630000000000000000e+03 2.503514592890484280e+00 8.680760757259854687e-03
9.660000000000000000e+03 2.503793656073646456e+00 8.754596533671306705e-03
9.690000000000000000e+03 2.503526561732207334e+00 8.724177398804317321e-03
9.720000000000000000e+03 2.502977224848897286e+00 8.615725052468303433e-03
9.750000000000000000e+03 2.503320223675496781e+00 8.663526813288776121e-03
9.780000000000000000e+03 2.503203630530618007e+00 8.512424142094920237e-03
9.810000000000000000e+03 2.503023204110004230e+00 8.465607980393372381e-03
9.840000000000000000e+03 2.503094243125891794e+00 8.352298549160674587e-03
9.870000000000000000e+03 2.503074456244066770e+00 8.406739933825468220e-03
9.900000000000000000e+03 2.502988876942400243e+00 8.261884590746950210e-03
9.930000000000000000e+03 2.502894909201026863e+00 8.298361724754963267e-03
9.960000000000000000e+03 2.503310289916353515e+00 8.352349135385432263e-03
9.990000000000000000e+03 2.502239030764695560e+00 8.286802712307198698e-03
1.002000000000000000e+04 2.502634077183409911e+00 8.299004848079032798e-03
1.005000000000000000e+04 2.502462975994638850e+00 8.168800783412954666e-03
1.008000000000000000e+04 2.501997629016547098e+00 8.062004988496520100e-03
1.011000000000000000e+04 2.502376925966978582e+00 7.940516970966558785e-03
1.014000000000000000e+04 2.501857706543635818e+00 7.911556010935282338e-03
1.017000000000000000e+04 2.502290690058760703e+00 7.960730496223457353e-03
1.020000000000000000e+04 2.502534807754167812e+00 7.877011034968276273e-03
1.023000000000000000e+04 2.502598037473977133e+00 7.803968525763368275e-03
1.026000000000000000e+04 2.502704736485693804e+00 7.858122032174733734e-03
1.029000000000000000e+04 2.502362379307246254e+00 7.917188158579583843e-03
1.032000000000000000e+04 2.501831087349822180e+00 7.905240631627475159e-03
1.035000000000000000e+04 2.501392216577506655e+00 7.862166075054723147e-03
1.038000000000000000e+04 2.502045606187773163e+00 7.840547697833696872e-03
1.041000000000000000e+04 2.502138028657353797e+00 7.898719491015221764e-03
1.044000000000000000e+04 2.502191463284896056e+00 7.958782830045538562e-03
1.047000000000000000e+04 2.502516144034122370e+00 8.079590095869025601e-03
1.050000000000000000e+04 2.501918501465349109e+00 8.051350823001705501e-03
1.053000000000000000e+04 2.501929716148798111e+00 8.132293697404964147e-03
1.056000000000000000e+04 2.501576826151868271e+00 8.108184634712163955e-03
1.059000000000000000e+04 2.500753299254234729e+00 8.154833234341261894e-03
1.062000000000000000e+04 2.500813711607379641e+00 8.089491333713493340e-03
1.065000000000000000e+04 2.501225380415537103e+00 8.031357091798436293e-03
1.068000000000000000e+04 2.500368247311441472e+00 8.033038526484763062e-03
1.071000000000000000e+04 2.500108654520219797e+00 7.948231329473247342e-03
1.074000000000000000e+04 2.500176566036765191e+00 7.912811165310918229e-03
1.077000000000000000e+04 2.500550194965215578e+00 7.921472879931003644e-03
1.080000000000000000e+04 2.500623301998645687e+00 7.923979355418405909e-03
1.083000000000000000e+04 2.500700235007294214e+00 8.030612227604741818e-03
1.086000000000000000e+04 2.501505217154328609e+00 7.944264536099846299e-03
1.089000000000000000e+04 2.501534227160021828e+00 8.024425590315856921e-03
1.092000000000000000e+04 2.501697616133653934e+00 8.025593090124866907e-03
1.095000000000000000e+04 2.501544987203899062e+00 7.907657700561850078e-03
1.098000000000000000e+04 2.502199480551261068e+00 7.912388967782185353e-03
1.101000000000000000e+04 2.502009965407708147e+00 7.945362084494922428e-03
1.104000000000000000e+04 2.502381132952296028e+00 8.003428172157269274e-03
1.107000000000000000e+04 2.501954909189781251e+00 7.969261019907499313e-03
1.110000000000000000e+04 2.502228535741992221e+00 7.931570278203349880e-03
1.113000000000000000e+04 2.502525989328025169e+00 7.901465331082182381e-03
1.116000000000000000e+04 2.502843601388157868e+00 7.883967385596105798e-03
1.119000000000000000e+04 2.503088048198477633e+00 7.957090189593733071e-03
1.122000000000000000e+04 2.502945336100120155e+00 7.919336437096061512e-03
1.125000000000000000e+04 2.502457485451086150e+00 7.848784835552213499e-03
1.128000000000000000e+04 2.502682078130956000e+00 7.944246954191800519e-03
1.131000000000000000e+04 2.502519368432694957e+00 7.872290143469542339e-03
1.134000000000000000e+04 2.502521367812979403e+00 7.893024911223815374e-03
1.137000000000000000e+04 2.502195635694953957e+00 7.858944856222755543e-03
1.140000000000000000e+04 2.501923391849490308e+00 7.761763791881562576e-03
1.143000000000000000e+04 2.501504031418146923e+00 7.793792066894395312e-03
1.146000000000000000e+04 2.501828456435594372e+00 7.713948333348922236e-03
1.149000000000000000e+04 2.502109846416712191e+00 7.691004411407536059e-03
1.152000000000000000e+04 2.503089492304562569e+00 7.741286179493182470e-03
1.155000000000000000e+04 2.502186868316492507e+00 7.825849443574882727e-03
1.158000000000000000e+04 2.501790126573029571e+00 7.845944161095182862e-03
1.161000000000000000e+04 2.501447442455114079e+00 7.810964870390283386e-03
1.164000000000000000e+04 2.501125728490665612e+00 7.727887694612134428e-03
1.167000000000000000e+04 2.501543985173067419e+00 7.705293618761268129e-03
1.170000000000000000e+04 2.501070580899252160e+00 7.524295086537040843e-03
1.173000000000000000e+04 2.501272359822923175e+00 7.591033382897831132e-03
1.176000000000000000e+04 2.501271784159033729e+00 7.635303123403871725e-03
1.179000000000000000e+04 2.501449706700803244e+00 7.574198936559579758e-03
1.182000000000000000e+04 2.500793429740601592e+00 7.442356308995015136e-03
1.185000000000000000e+04 2.501524281427496277e+00 7.504221518506894693e-03
1.188000000000000000e+04 2.501622776831037065e+00 7.432265119172848204e-03
1.191000000000000000e+04 2.501620662957925401e+00 7.377183984986509721e-03
1.194000000000000000e+04 2.501228708341546092e+00 7.394852277134198772e-03
1.197000000000000000e+04 2.500895039091336258e+00 7.423998721804411609e-03
1.200000000000000000e+04 2.500215467757959775e+00 7.508219083423551057e-03
1.203000000000000000e+04 2.500082835059154629e+00 7.512632468852113374e-03
1.206000000000000000e+04 2.500089792740631811e+00 7.465402873031359333e-03
1.209000000000000000e+04 2.500014312867704369e+00 7.518813764326444209e-03
1.212000000000000000e+04 2.499821980341010885e+00 7.487580485871862465e-03
1.215000000000000000e+04 2.500083320395987130e+00 7.518026970637697523e-03
1.218000000000000000e+04 2.499873025567473039e+00 7.446008613644675492e-03
1.221000000000000000e+04 2.500170333254457589e+00 7.497850775299621726e-03
1.224000000000000000e+04 2.500838497944477989e+00 7.355158349220314654e-03
1.227000000000000000e+04 2.500565716494043578e+00 7.406413791801950107e-03
1.230000000000000000e+04 2.500487444594949427e+00 7.381192210802168217e-03
1.233000000000000000e+04 2.500740547719073614e+00 7.435059900177939073e-03
1.236000000000000000e+04 2.501494301703726997e+00 7.320993868436198419e-03
1.239000000000000000e+04 2.501647301552817115e+00 7.278933353257140138e-03
1.242000000000000000e+04 2.501657652591605441e+00 7.286612849518729271e-03
1.245000000000000000e+04 2.501438161480787237e+00 7.253625068308021222e-03
1.248000000000000000e+04 2.501401286862810824e+00 7.195840501070913282e-03
1.251000000000000000e+04 2.501520584262796554e+00 7.079643633646392348e-03
1.254000000000000000e+04 2.501595147928272755e+00 7.129253593855715797e-03
1.257000000000000000e+04 2.501245619379822482e+00 7.106802747049187005e-03
1.260000000000000000e+04 2.500925226035371818e+00 7.116997497600855392e-03
1.263000000000000000e+04 2.500974789804382148e+00 7.105234216521059964e-03
1.266000000000000000e+04 2.501570300554586179e+00 7.166837291728742412e-03
1.269000000000000000e+04 2.501436491613278079e+00 7.122043148427984957e-03
1.272000000000000000e+04 2.501695581794752599e+00 7.096794904215684985e-03
1.275000000000000000e+04 2.501893839791935026e+00 7.112865767490735361e-03
1.278000000000000000e+04 2.502091707254033626e+00 7.200717007140194394e-03
1.281000000000000000e+04 2.502359388451908195e+00 7.194671927553103474e-03
1.284000000000000000e+04 2.502545076869011176e+00 7.254770827017763962e-03
1.287000000000000000e+04 2.502338023214657703e+00 7.253875532999356363e-03
1.290000000000000000e+04 2.501992186374958571e+00 7.266773724896223585e-03
1.293000000000000000e+04 2.502174801225188094e+00 7.247937860305901474e-03
1.296000000000000000e+04 2.502760869000260513e+00 7.243419833393618078e-03
1.299000000000000000e+04 2.502794612704047683e+00 7.278630542301139233e-03
1.302000000000000000e+04 2.502647339404162619e+00 7.195614758080138944e-03
1.305000000000000000e+04 2.502482257112384811e+00 7.325317945167652070e-03
1.308000000000000000e+04 2.503259237769823731e+00 7.321438643864462172e-03
1.311000000000000000e+04 2.503346270566473741e+00 7.313182644253505248e-03
1.314000000000000000e+04 2.502867882014422563e+00 7.328906397357162414e-03
1.317000000000000000e+04 2.503223529908581213e+00 7.408318451626765173e-03
1.320000000000000000e+04 2.503497823654325050e+00 7.313022118369410379e-03
1.323000000000000000e+04 2.502952374176406813e+00 7.418852622487470509e-03
1.326000000000000000e+04 2.502852566570975767e+00 7.390813419046418642e-03
1.329000000000000000e+04 2.502794988840761459e+00 7.468162657147622320e-03
1.332000000000000000e+04 2.502462329905323912e+00 7.405016980720133951e-03
1.335000000000000000e+04 2.501912479262520694e+00 7.455306080799396773e-03
1.338000000000000000e+04 2.502401554600279798e+00 7.398146170555966461e-03
1.341000000000000000e+04 2.502295815248571031e+00 7.403155266764910314e-03
1.344000000000000000e+04 2.502137091811927672e+00 7.357123111280381746e-03
1.347000000000000000e+04 2.501902084261772075e+00 7.396015412053757142e-03
1.350000000000000000e+04 2.502087338131957051e+00 7.419827277848978567e-03
1.353000000000000000e+04 2.502323564352924024e+00 7.307969614021153464e-03
1.356000000000000000e+04 2.502304518353035245e+00 7.369562381202255166e-03
1.359000000000000000e+04 2.502377956046603735e+00 7.405497506142492102e-03
1.362000000000000000e+04 2.502588769099757915e+00 7.445997696136939965e-03
1.365000000000000000e+04 2.502899819516004598e+00 7.437084588958219056e-03
1.368000000000000000e+04 2.502849538225398351e+00 7.504586337465571702e-03
1.371000000000000000e+04 2.502768871865035827e+00 7.438962762517103630e-03
1.374000000000000000e+04 2.502188197950296900e+00 7.420791469282794414e-03
1.377000000000000000e+04 2.502951914859785632e+00 7.481373062519310405e-03
1.380000000000000000e+04 2.503210485590244616e+00 7.378344304258224740e-03
1.383000000000000000e+04 2.503094528508024830e+00 7.367131136565374314e-03
1.386000000000000000e+04 2.502810015490220863e+00 7.403688941850513662e-03
1.389000000000000000e+04 2.502621618393515046e+00 7.403992442518654397e-03
1.392000000000000000e+04 2.502062674403832787e+00 7.377969727713726798e-03
1.395000000000000000e+04 2.501925520003770220e+00 7.290682943987922271e-03
1.398000000000000000e+04 2.501815981000672817e+00 7.204666418966111131e-03
1.401000000000000000e+04 2.501891528989559355e+00 7.227892103823020144e-03
1.404000000000000000e+04 2.502029891008402451e+00 7.304217733025961112e-03
1.407000000000000000e+04 2.501823877012969710e+00 7.374361513967319509e-03
1.410000000000000000e+04 2.502150379808583569e+00 7.275678406595348369e-03
1.413000000000000000e+04 2.501909463738535511e+00 7.274633204976599897e-03
1.416000000000000000e+04 2.501914003612105919e+00 7.254346247698845868e-03
1.419000000000000000e+04 2.502062098245728450e+00 7.118822766383320864e-03
1.422000000000000000e+04 2.501752373760370407e+00 7.161247158815035700e-03
1.425000000000000000e+04 2.501983551249296500e+00 7.167331378463957965e-03
1.428000000000000000e+04 2.501873275625440929e+00 7.074215311493222726e-03
1.431000000000000000e+04 2.502167765339171623e+00 7.069691358504315119e-03
1.434000000000000000e+04 2.502384145768636436e+00 7.138675476797621926e-03
1.437000000000000000e+04 2.502644337760714599e+00 7.045037344599529121e-03
1.440000000000000000e+04 2.502576600545218355e+00 7.025055199326296455e-03
1.443000000000000000e+04 2.502705533061517773e+00 7.009547197144310078e-03
1.446000000000000000e+04 2.502506684393775771e+00 6.940829041678534678e-03
1.449000000000000000e+04 2.502735464815748934e+00 6.929402398163414002e-03
1.452000000000000000e+04 2.502874720981199452e+00 6.929303121031485553e-03
1.455000000000000000e+04 2.502835738256883324e+00 6.870397316587355599e-03
1.458000000000000000e+04 2.503075881185362395e+00 6.905249918717500102e-03
1.461000000000000000e+04 2.503064000404950917e+00 6.870182335882089354e-03
1.464000000000000000e+04 2.503110169263055074e+00 6.861783341381962401e-03
1.467000000000000000e+04 2.503433792787686407e+00 6.867880031228833573e-03
1.470000000000000000e+04 2.503176908633950593e+00 6.831061813203999182e-03
1.473000000000000000e+04 2.503221762728613520e+00 6.876590522612870647e-03
1.476000000000000000e+04 2.502995358848207452e+00 6.891790179705113706e-03
1.479000000000000000e+04 2.502721243473169821e+00 6.928026456056986769e-03
1.482000000000000000e+04 2.502667723957166857e+00 6.873985896749069090e-03
1.485000000000000000e+04 2.502631318905916391e+00 6.875009681092256013e-03
1.488000000000000000e+04 2.502729444226690525e+00 6.828381492091865207e-03
1.491000000000000000e+04 2.502653480566266797e+00 6.797278322594130576e-03
1.494000000000000000e+04 2.503196669000592234e+00 6.864953908270019119e-03
1.497000000000000000e+04 2.503222029426516393e+00 6.977355776815051709e-03
1.500000000000000000e+04 2.503791984585678865e+00 6.927600762929239653e-03
