1.500000000000000000e+00 1.347972737446267166e-01 1.103276510194673293e-01
1.603448275862068950e+00 -3.903419198730660733e-02 9.696926731254916498e-02
1.706896551724137900e+00 2.813416672493294635e-01 1.047376317469528306e-01
1.810344827586206851e+00 8.677968268647154315e-02 1.006524173635722635e-01
1.913793103448275801e+00 1.896143981659938749e-01 9.591447876564142272e-02
2.017241379310344751e+00 2.470589255172119525e-01 9.403087632703728549e-02
2.120689655172413701e+00 -5.192934327688845247e-02 1.083862731203621144e-01
2.224137931034482651e+00 2.565611364313459819e-01 9.456605128263259608e-02
2.327586206896551602e+00 1.323348949648132655e-01 9.044371888429195150e-02
2.431034482758620552e+00 9.346419553156031235e-01 9.325677299212666027e-02
2.534482758620689502e+00 9.017507533932537234e-01 1.056829700442754316e-01
2.637931034482758896e+00 6.214280558622072848e-01 9.837592903683242684e-02
2.741379310344827402e+00 3.097110788037501505e-01 9.830483590736037447e-02
2.844827586206896797e+00 2.030058503741324349e-01 8.652543370714380067e-02
2.948275862068965303e+00 1.353724020148047991e-01 9.072504588321460284e-02
3.051724137931034697e+00 4.699929284230025539e-02 9.308936867483777466e-02
3.155172413793103203e+00 -1.348850078057020792e-02 8.893203117893032361e-02
3.258620689655172598e+00 -5.214385882111071541e-02 9.488757159877957148e-02
3.362068965517241104e+00 3.374507314399045887e-02 1.020578038620725547e-01
3.465517241379310498e+00 -1.809691697293081825e-01 1.069352821189976377e-01
3.568965517241379448e+00 1.693937777329591887e-01 9.832219929634676558e-02
3.672413793103448398e+00 5.912239598975050497e-02 1.015058818720965678e-01
3.775862068965517349e+00 -8.624556663059329900e-03 9.062187252951992011e-02
3.879310344827586299e+00 1.792493310915157373e-02 8.907347043854674240e-02
3.982758620689655249e+00 -4.847615120842304476e-02 1.006470810472500921e-01
4.086206896551724199e+00 -3.038255609885526579e-02 1.094264305638608797e-01
4.189655172413793593e+00 7.625417979355160122e-03 1.006902628322083049e-01
4.293103448275862100e+00 -5.721425044462066095e-02 1.000730487805850666e-01
4.396551724137930606e+00 3.742331365944607385e-02 9.465338488484978385e-02
4.500000000000000000e+00 1.226628783818305146e-01 1.019610993873213411e-01
