# # n, sigma
3.000000000000000000e+01 2.405442021066520386e+00 5.877018284238645640e-02
6.000000000000000000e+01 2.397287839603420512e+00 7.325060071994392297e-02
9.000000000000000000e+01 2.423641330531604687e+00 5.967154569850932622e-02
1.200000000000000000e+02 2.396136943689957999e+00 4.462532997773316357e-02
1.500000000000000000e+02 2.413629414931377060e+00 4.405708017408511978e-02
1.800000000000000000e+02 2.421765674065769591e+00 5.249236479150291845e-02
2.100000000000000000e+02 2.431931358062769277e+00 4.805945924551442011e-02
2.400000000000000000e+02 2.428089230219097061e+00 4.794034450282753934e-02
2.700000000000000000e+02 2.439848376274723396e+00 4.802300165249150099e-02
3.000000000000000000e+02 2.442006752575326178e+00 4.254099036524844335e-02
3.300000000000000000e+02 2.437409043008043508e+00 4.213474223662958679e-02
3.600000000000000000e+02 2.442745218127228668e+00 4.417144787188279770e-02
3.900000000000000000e+02 2.443295391602083644e+00 4.346514989514497357e-02
4.200000000000000000e+02 2.445633141017460765e+00 4.047126912818938688e-02
4.500000000000000000e+02 2.448603506177443823e+00 4.016173305371537744e-02
4.800000000000000000e+02 2.452767671330175148e+00 3.635298266990367316e-02
5.100000000000000000e+02 2.454388901628594688e+00 3.554789003371989359e-02
5.400000000000000000e+02 2.459735608911806981e+00 3.396676297415737039e-02
5.700000000000000000e+02 2.455346499214889455e+00 3.246355786289921441e-02
6.000000000000000000e+02 2.455814642622184518e+00 3.227386863121584765e-02
6.300000000000000000e+02 2.464059453877011752e+00 2.998467780039966099e-02
6.600000000000000000e+02 2.469183494844907401e+00 3.201541814654949858e-02
6.900000000000000000e+02 2.458715248189794700e+00 3.176941539385657459e-02
7.200000000000000000e+02 2.456514399173971519e+00 3.032402895310485486e-02
7.500000000000000000e+02 2.461174669502267598e+00 2.812258928697286900e-02
7.800000000000000000e+02 2.460805651021750862e+00 2.773806471677426125e-02
8.100000000000000000e+02 2.463318462959746213e+00 2.474081608071430211e-02
8.400000000000000000e+02 2.464648188283689034e+00 2.541794495840548826e-02
8.700000000000000000e+02 2.468586133516465164e+00 2.324129059772450656e-02
9.000000000000000000e+02 2.470583951762822306e+00 2.340417232632617181e-02
9.300000000000000000e+02 2.472857761702534685e+00 2.350565911210437259e-02
9.600000000000000000e+02 2.465474551449987839e+00 2.372516688295481235e-02
9.900000000000000000e+02 2.465007665366249157e+00 2.319226009802771715e-02
1.020000000000000000e+03 2.465088386685624577e+00 2.372452327624129456e-02
1.050000000000000000e+03 2.463440176654255076e+00 2.355601512787317345e-02
1.080000000000000000e+03 2.462386256330798329e+00 2.234233929140372332e-02
1.110000000000000000e+03 2.463243754623066106e+00 2.168516922730389859e-02
1.140000000000000000e+03 2.460611012686233501e+00 2.178880327983915427e-02
1.170000000000000000e+03 2.461993754635304565e+00 2.190961068082620047e-02
1.200000000000000000e+03 2.460887013289132952e+00 2.245704094265515982e-02
1.230000000000000000e+03 2.459378872157889528e+00 2.349823671524614230e-02
1.260000000000000000e+03 2.457148110969155308e+00 2.237401549951976987e-02
1.290000000000000000e+03 2.456410097192923025e+00 2.206094881161544188e-02
1.320000000000000000e+03 2.458498927417960278e+00 2.178627084716705173e-02
1.350000000000000000e+03 2.457701266233474957e+00 2.144355749570612743e-02
1.380000000000000000e+03 2.450823680822490136e+00 2.046609002061441571e-02
1.410000000000000000e+03 2.449337200479038135e+00 2.033715901107069693e-02
1.440000000000000000e+03 2.448415323843036617e+00 1.962196883121447230e-02
1.470000000000000000e+03 2.448080102224441834e+00 1.922294748349787433e-02
1.500000000000000000e+03 2.447855491403641892e+00 1.881127537081967241e-02
1.530000000000000000e+03 2.443674478887651436e+00 1.917905121922552913e-02
1.560000000000000000e+03 2.446106405559249630e+00 1.800998036945597805e-02
1.590000000000000000e+03 2.446295321022671665e+00 1.818499664835078466e-02
1.620000000000000000e+03 2.446664139918154568e+00 1.791504788878459792e-02
1.650000000000000000e+03 2.445643602790354088e+00 1.822936217393408484e-02
1.680000000000000000e+03 2.444182673455117083e+00 1.824486853722379412e-02
1.710000000000000000e+03 2.445241375934564587e+00 1.818630366364085496e-02
1.740000000000000000e+03 2.445765757890539849e+00 1.842007314997087461e-02
1.770000000000000000e+03 2.449115462194911608e+00 1.819921329568941620e-02
1.800000000000000000e+03 2.451993526631362830e+00 1.749921603804811127e-02
1.830000000000000000e+03 2.451140509677293355e+00 1.816176008582558177e-02
1.860000000000000000e+03 2.454714463613596465e+00 1.799794922672558889e-02
1.890000000000000000e+03 2.454360764773611869e+00 1.740476558876278418e-02
1.920000000000000000e+03 2.451015204893147725e+00 1.758144202219706631e-02
1.950000000000000000e+03 2.451325508543131804e+00 1.766363853195099948e-02
1.980000000000000000e+03 2.454731909389443523e+00 1.792262541068976450e-02
2.010000000000000000e+03 2.454806231914353098e+00 1.773485852841168511e-02
2.040000000000000000e+03 2.456833770937831396e+00 1.768898417908216017e-02
2.070000000000000000e+03 2.454041891074135062e+00 1.746502284127743332e-02
2.100000000000000000e+03 2.458264169690402845e+00 1.674432676933408290e-02
2.130000000000000000e+03 2.460166128702704569e+00 1.650891512297436234e-02
2.160000000000000000e+03 2.457807063348280696e+00 1.619979889790023816e-02
2.190000000000000000e+03 2.456771605338550657e+00 1.630346551295969518e-02
2.220000000000000000e+03 2.457078765352809224e+00 1.621663713032681434e-02
2.250000000000000000e+03 2.457502762647854500e+00 1.603249871777701757e-02
2.280000000000000000e+03 2.456381821351838024e+00 1.641648487342492121e-02
2.310000000000000000e+03 2.457188581503421343e+00 1.615483999389514744e-02
2.340000000000000000e+03 2.458267088785392129e+00 1.631338839891567638e-02
2.370000000000000000e+03 2.459229497152335853e+00 1.622112602821917243e-02
2.400000000000000000e+03 2.459392074995368382e+00 1.613511229859839261e-02
2.430000000000000000e+03 2.457386402655426849e+00 1.587582342820572506e-02
2.460000000000000000e+03 2.458702901963069731e+00 1.567827835689689780e-02
2.490000000000000000e+03 2.459430483680678403e+00 1.546351850730812855e-02
2.520000000000000000e+03 2.458324221356701145e+00 1.550877324204974483e-02
2.550000000000000000e+03 2.459701242798463028e+00 1.519943178023374850e-02
2.580000000000000000e+03 2.458006473552060367e+00 1.518771079662467605e-02
2.610000000000000000e+03 2.459237556889161347e+00 1.483158569023122764e-02
2.640000000000000000e+03 2.460989653004264976e+00 1.481856241851290876e-02
2.670000000000000000e+03 2.460412068058851265e+00 1.458047288786537554e-02
2.700000000000000000e+03 2.461374755550238103e+00 1.469107860114875902e-02
2.730000000000000000e+03 2.461045054039426194e+00 1.421868013533029301e-02
2.760000000000000000e+03 2.458650506129458790e+00 1.358022030078762273e-02
2.790000000000000000e+03 2.457940426335006645e+00 1.394609215445283788e-02
2.820000000000000000e+03 2.458364434405265975e+00 1.425830568580543217e-02
2.850000000000000000e+03 2.461343826466521723e+00 1.407457936282978210e-02
2.880000000000000000e+03 2.463193289047858947e+00 1.389951100112672006e-02
2.910000000000000000e+03 2.464774364027214393e+00 1.321947618292060485e-02
2.940000000000000000e+03 2.465348437234771595e+00 1.393201356501714942e-02
2.970000000000000000e+03 2.466379914147742713e+00 1.369575530360332867e-02
3.000000000000000000e+03 2.464278278454221649e+00 1.333603317691123454e-02
3.030000000000000000e+03 2.463714086426903815e+00 1.331767852370474396e-02
3.060000000000000000e+03 2.461568974895602668e+00 1.297122374112272096e-02
3.090000000000000000e+03 2.462487259866648959e+00 1.301824167585564733e-02
3.120000000000000000e+03 2.461266744380230964e+00 1.320993849421798344e-02
3.150000000000000000e+03 2.460562539827758410e+00 1.357558455677930313e-02
3.180000000000000000e+03 2.460401389332370847e+00 1.344614790351366697e-02
3.210000000000000000e+03 2.459054552257009973e+00 1.363226435005691212e-02
3.240000000000000000e+03 2.460466714075093098e+00 1.386887334782717536e-02
3.270000000000000000e+03 2.462202485074876268e+00 1.421534492301769481e-02
3.300000000000000000e+03 2.462436170259791890e+00 1.439733337800848043e-02
3.330000000000000000e+03 2.463072677254629195e+00 1.459798371504599131e-02
3.360000000000000000e+03 2.464722438693397244e+00 1.466500672321611326e-02
3.390000000000000000e+03 2.465771786324082449e+00 1.469593995267557372e-02
3.420000000000000000e+03 2.465936419369454402e+00 1.427589819191992827e-02
3.450000000000000000e+03 2.466279709448727431e+00 1.434986522348323176e-02
3.480000000000000000e+03 2.465522162794813177e+00 1.432220683137459989e-02
3.510000000000000000e+03 2.464625631789032489e+00 1.421320449554014202e-02
3.540000000000000000e+03 2.465034771063670860e+00 1.439944133178198971e-02
3.570000000000000000e+03 2.464343172757071265e+00 1.428056422932262245e-02
3.600000000000000000e+03 2.465296487588825247e+00 1.411165599872719369e-02
3.630000000000000000e+03 2.464071503119189988e+00 1.371612651075134262e-02
3.660000000000000000e+03 2.465566818250546355e+00 1.374074182256779936e-02
3.690000000000000000e+03 2.467581026317317239e+00 1.366843878452189513e-02
3.720000000000000000e+03 2.467765000312231560e+00 1.343935303017273174e-02
3.750000000000000000e+03 2.466423450355726299e+00 1.332876378061936644e-02
3.780000000000000000e+03 2.466633691174727083e+00 1.303246378810672679e-02
3.810000000000000000e+03 2.465768265274820514e+00 1.314772097495024369e-02
3.840000000000000000e+03 2.466140244785149704e+00 1.293313625749569623e-02
3.870000000000000000e+03 2.468084529806978900e+00 1.277486494893354668e-02
3.900000000000000000e+03 2.468285543630579060e+00 1.274464263512829765e-02
3.930000000000000000e+03 2.468793405866283486e+00 1.273840882222927740e-02
3.960000000000000000e+03 2.467347734534119486e+00 1.238378017108380039e-02
3.990000000000000000e+03 2.465136245630430434e+00 1.255596193221699200e-02
4.020000000000000000e+03 2.466482165788566050e+00 1.230900246092741200e-02
4.050000000000000000e+03 2.465815197824969829e+00 1.258405975863712868e-02
4.080000000000000000e+03 2.465857918065767596e+00 1.265594507575670824e-02
4.110000000000000000e+03 2.465972008097215618e+00 1.243610690340648389e-02
4.140000000000000000e+03 2.465625521431393796e+00 1.232402410678798757e-02
4.170000000000000000e+03 2.466190778560297225e+00 1.240865489253073495e-02
4.200000000000000000e+03 2.466257001497638157e+00 1.214735320486013022e-02
4.230000000000000000e+03 2.468270695054732400e+00 1.227117697376622560e-02
4.260000000000000000e+03 2.468791941715438476e+00 1.184483109365398919e-02
4.290000000000000000e+03 2.468497319005238388e+00 1.185180146155642537e-02
4.320000000000000000e+03 2.469257490680057732e+00 1.163349006399039959e-02
4.350000000000000000e+03 2.468877695949466489e+00 1.170171168819551973e-02
4.380000000000000000e+03 2.470523496576558120e+00 1.165974964195477456e-02
4.410000000000000000e+03 2.470131896047457420e+00 1.134996608866236344e-02
4.440000000000000000e+03 2.470493213018882805e+00 1.098064693988700172e-02
4.470000000000000000e+03 2.468714949802174097e+00 1.104697219373934960e-02
4.500000000000000000e+03 2.469390654587002132e+00 1.100099612717473502e-02
4.530000000000000000e+03 2.471094870029438173e+00 1.094688313621489974e-02
4.560000000000000000e+03 2.471250967403062493e+00 1.074978914277686763e-02
4.590000000000000000e+03 2.470282665988742465e+00 1.076484887920697679e-02
4.620000000000000000e+03 2.470312565858058029e+00 1.092317800936970507e-02
4.650000000000000000e+03 2.471226438313662399e+00 1.083951178963707060e-02
4.680000000000000000e+03 2.471847994360695466e+00 1.088401257054164885e-02
4.710000000000000000e+03 2.473100480281964053e+00 1.067922120437631191e-02
4.740000000000000000e+03 2.474289091474776825e+00 1.075144424290152070e-02
4.770000000000000000e+03 2.473858920326184929e+00 1.075766210444575183e-02
4.800000000000000000e+03 2.473318575675480080e+00 1.054831069433225139e-02
4.830000000000000000e+03 2.472989754898384351e+00 1.047185586667636649e-02
4.860000000000000000e+03 2.473565849980827736e+00 1.037201943029273515e-02
4.890000000000000000e+03 2.473798898420593861e+00 1.064521278995942712e-02
4.920000000000000000e+03 2.473872232626395995e+00 1.056225239357079515e-02
4.950000000000000000e+03 2.474633458510852257e+00 1.058381963016578539e-02
4.980000000000000000e+03 2.475448882962259400e+00 1.066972362997405978e-02
5.010000000000000000e+03 2.475843030976565107e+00 1.046588352734824368e-02
5.040000000000000000e+03 2.476280146349600475e+00 1.055270040306447409e-02
5.070000000000000000e+03 2.476632012787928439e+00 1.042244435309040013e-02
5.100000000000000000e+03 2.476970998025556980e+00 1.063280386576936735e-02
5.130000000000000000e+03 2.477321624957397272e+00 1.050148402319335539e-02
5.160000000000000000e+03 2.478898824225466591e+00 1.049967992907532496e-02
5.190000000000000000e+03 2.479572546246386899e+00 1.034698016867472044e-02
5.220000000000000000e+03 2.479578113230992198e+00 1.034311426736931466e-02
5.250000000000000000e+03 2.478408394306903961e+00 1.015869895578773267e-02
5.280000000000000000e+03 2.477558589890623164e+00 9.975727196822372841e-03
5.310000000000000000e+03 2.477935260132093198e+00 1.012596267937065225e-02
5.340000000000000000e+03 2.478888398428054085e+00 9.966469728338688341e-03
5.370000000000000000e+03 2.478965810201647191e+00 9.717111592964140093e-03
5.400000000000000000e+03 2.478818839106955885e+00 9.552951938281184149e-03
5.430000000000000000e+03 2.478029880991639011e+00 9.613305442802977385e-03
5.460000000000000000e+03 2.477910034090418989e+00 9.322902890005509494e-03
5.490000000000000000e+03 2.477806662556003126e+00 9.418397995179515411e-03
5.520000000000000000e+03 2.478414270138644682e+00 9.374821533476161012e-03
5.550000000000000000e+03 2.477563795061826113e+00 9.357871616176984680e-03
5.580000000000000000e+03 2.477999170218114333e+00 9.437433000337227054e-03
5.610000000000000000e+03 2.478203747078211006e+00 9.117575312787090658e-03
5.640000000000000000e+03 2.478705895173644258e+00 8.926203607299862050e-03
5.670000000000000000e+03 2.478804670468509386e+00 8.942044543134521420e-03
5.700000000000000000e+03 2.479141195570135903e+00 8.959268580641419760e-03
5.730000000000000000e+03 2.480346369548585006e+00 9.156575066827109949e-03
5.760000000000000000e+03 2.481045664658831917e+00 9.179707495508358794e-03
5.790000000000000000e+03 2.481862802371061605e+00 9.324150357227799224e-03
5.820000000000000000e+03 2.481827625239251045e+00 9.265455342845925826e-03
5.850000000000000000e+03 2.481549844632996660e+00 9.226985443684807692e-03
5.880000000000000000e+03 2.481360927354362644e+00 9.249670802155890090e-03
5.910000000000000000e+03 2.480802003523793875e+00 9.346626007483883544e-03
5.940000000000000000e+03 2.481200672421158604e+00 9.159677620843799731e-03
5.970000000000000000e+03 2.480976298358852361e+00 9.055658000385451503e-03
6.000000000000000000e+03 2.481906616775835683e+00 8.877117067468019360e-03
6.030000000000000000e+03 2.481414465101579037e+00 9.004156379933772950e-03
6.060000000000000000e+03 2.479906189004258188e+00 9.021349717023865317e-03
6.090000000000000000e+03 2.479043734355458550e+00 8.809587992999877437e-03
6.120000000000000000e+03 2.479718537106309739e+00 8.639821994178788558e-03
6.150000000000000000e+03 2.480033904938039324e+00 8.724552795480972761e-03
6.180000000000000000e+03 2.481973928223545567e+00 8.685329670081749082e-03
6.210000000000000000e+03 2.482326133511194133e+00 8.710242565504521667e-03
6.240000000000000000e+03 2.482079160933228668e+00 8.589155190214447719e-03
6.270000000000000000e+03 2.483284957422263073e+00 8.429999207736502131e-03
6.300000000000000000e+03 2.483360581833368830e+00 8.432236889661817378e-03
6.330000000000000000e+03 2.483812858003599633e+00 8.385421743930081273e-03
6.360000000000000000e+03 2.484162416772815352e+00 8.223963669365029483e-03
6.390000000000000000e+03 2.484440311899933640e+00 8.204733836949831133e-03
6.420000000000000000e+03 2.484888540528690903e+00 8.205445115908285153e-03
6.450000000000000000e+03 2.485942018864335079e+00 8.208159426842638953e-03
6.480000000000000000e+03 2.485717728046980657e+00 8.381210379136569411e-03
6.510000000000000000e+03 2.485432805237345555e+00 8.086731060346141059e-03
6.540000000000000000e+03 2.486028661582547095e+00 7.886459438138527372e-03
6.570000000000000000e+03 2.486125947184302909e+00 7.987738011132670610e-03
6.600000000000000000e+03 2.485659733793131654e+00 7.917436309082424503e-03
6.630000000000000000e+03 2.484717556193247301e+00 7.900344285505256706e-03
6.660000000000000000e+03 2.484094793472420015e+00 7.791214355902354761e-03
6.690000000000000000e+03 2.483910163209673172e+00 7.581230936902257599e-03
6.720000000000000000e+03 2.484313148838432905e+00 7.544786586997511736e-03
6.750000000000000000e+03 2.484604823106928873e+00 7.597883892436375387e-03
6.780000000000000000e+03 2.484799534013121924e+00 7.816982717458282118e-03
6.810000000000000000e+03 2.484706181456906471e+00 7.821813770909314192e-03
6.840000000000000000e+03 2.485200988356135010e+00 7.850588437931040747e-03
6.870000000000000000e+03 2.484542060944575859e+00 7.992927246523577958e-03
6.900000000000000000e+03 2.484345340859495543e+00 8.171311828991844467e-03
6.930000000000000000e+03 2.484708944290001664e+00 8.170555359953458885e-03
6.960000000000000000e+03 2.485006671095475461e+00 8.050772584783351393e-03
6.990000000000000000e+03 2.484062187964798163e+00 8.097032610461860416e-03
7.020000000000000000e+03 2.483181581770573132e+00 7.984732272375854104e-03
7.050000000000000000e+03 2.483281090012492864e+00 7.795061727063516861e-03
7.080000000000000000e+03 2.483004946422691539e+00 7.786797833229549409e-03
7.110000000000000000e+03 2.482417443231141885e+00 7.922716565635840036e-03
7.140000000000000000e+03 2.481024454548030889e+00 7.842547873841490547e-03
7.170000000000000000e+03 2.481711506668774270e+00 7.760556152601766344e-03
7.200000000000000000e+03 2.482370331266872565e+00 7.671416746786393487e-03
7.230000000000000000e+03 2.482554822812234274e+00 7.512752595004902265e-03
7.260000000000000000e+03 2.482275728801745185e+00 7.497602362087253322e-03
7.290000000000000000e+03 2.482627374483910465e+00 7.503774245213497458e-03
7.320000000000000000e+03 2.483246642793122128e+00 7.557394698088823123e-03
7.350000000000000000e+03 2.482415339090999762e+00 7.354631544643144316e-03
7.380000000000000000e+03 2.483536404126544639e+00 7.358522267122302729e-03
7.410000000000000000e+03 2.483324580381810254e+00 7.319956940977604722e-03
7.440000000000000000e+03 2.483674635108497064e+00 7.299531773790425560e-03
7.470000000000000000e+03 2.483246266914821199e+00 7.310793696804710612e-03
7.500000000000000000e+03 2.483542765498537808e+00 7.354663033570994941e-03
7.530000000000000000e+03 2.483119593892000765e+00 7.478773441886514550e-03
7.560000000000000000e+03 2.483352300119167300e+00 7.430092774840582441e-03
7.590000000000000000e+03 2.483683073855554202e+00 7.427331408841899262e-03
7.620000000000000000e+03 2.483833488095447795e+00 7.395022182204891159e-03
7.650000000000000000e+03 2.483595086490608672e+00 7.182177789854873873e-03
7.680000000000000000e+03 2.483688069990699354e+00 7.189716202529921295e-03
7.710000000000000000e+03 2.484161323381330000e+00 7.201487480580273833e-03
7.740000000000000000e+03 2.485340708524445219e+00 7.159749933368687869e-03
7.770000000000000000e+03 2.485851158833826346e+00 7.201260516307388462e-03
7.800000000000000000e+03 2.485063395178885415e+00 7.147203761836453707e-03
7.830000000000000000e+03 2.484700684408813309e+00 7.031776969143991619e-03
7.860000000000000000e+03 2.485970130066479378e+00 7.171149196191297509e-03
7.890000000000000000e+03 2.486297119103562547e+00 7.067786813575884994e-03
7.920000000000000000e+03 2.486548522619475676e+00 7.175593741240874311e-03
7.950000000000000000e+03 2.486724425592548915e+00 7.205098316828307571e-03
7.980000000000000000e+03 2.487640876015697611e+00 7.080444111338494821e-03
8.010000000000000000e+03 2.488537779027879093e+00 7.148587547434371789e-03
8.040000000000000000e+03 2.487953511657551964e+00 6.993024972546797030e-03
8.070000000000000000e+03 2.487468833593253326e+00 6.977481241887454298e-03
8.100000000000000000e+03 2.487833972261946691e+00 7.134936293909967253e-03
8.130000000000000000e+03 2.487489349636057501e+00 7.228135750924124213e-03
8.160000000000000000e+03 2.487658788667995502e+00 7.163667216111315773e-03
8.190000000000000000e+03 2.488371835263062160e+00 7.254814579148132284e-03
8.220000000000000000e+03 2.487940140923345034e+00 7.314330130203892770e-03
8.250000000000000000e+03 2.488594475097210879e+00 7.161046499354848174e-03
8.280000000000000000e+03 2.488316854404176492e+00 7.149864503750586082e-03
8.310000000000000000e+03 2.488296042658415530e+00 7.349995035316169052e-03
8.340000000000000000e+03 2.487645728360656783e+00 7.321555941590465744e-03
8.370000000000000000e+03 2.486615436443284199e+00 7.249615617060278794e-03
8.400000000000000000e+03 2.486486596243707492e+00 7.171557576338225687e-03
8.430000000000000000e+03 2.486485887885816037e+00 7.059063429978757430e-03
8.460000000000000000e+03 2.486829316653949906e+00 7.008643373654355885e-03
8.490000000000000000e+03 2.485885005059592423e+00 6.934444439746897428e-03
8.520000000000000000e+03 2.486896648015266997e+00 6.844898572741287858e-03
8.550000000000000000e+03 2.486281144456880199e+00 6.917424649791308576e-03
8.580000000000000000e+03 2.485885509256410053e+00 6.955272114057805925e-03
8.610000000000000000e+03 2.486354202674427860e+00 7.020188560672818191e-03
8.640000000000000000e+03 2.487096470905731938e+00 6.930754241920801875e-03
8.670000000000000000e+03 2.487091532757023771e+00 7.027892385515516205e-03
8.700000000000000000e+03 2.486439021250115733e+00 6.931512725437663849e-03
8.730000000000000000e+03 2.487324684651564866e+00 7.016063138113179214e-03
8.760000000000000000e+03 2.486851341644101154e+00 6.966302186932177808e-03
8.790000000000000000e+03 2.487272240637431242e+00 6.914380615406835219e-03
8.820000000000000000e+03 2.487103782479666236e+00 7.012663669442024961e-03
8.850000000000000000e+03 2.486859511230514741e+00 7.046892292266937995e-03
8.880000000000000000e+03 2.487021772620082061e+00 6.983094858825204983e-03
8.910000000000000000e+03 2.487187968849430941e+00 6.944437114668758348e-03
8.940000000000000000e+03 2.488091798788289122e+00 6.834657262668059237e-03
8.970000000000000000e+03 2.488256209181420431e+00 6.800252585371932036e-03
9.000000000000000000e+03 2.487905673590692146e+00 6.893957831374096339e-03
9.030000000000000000e+03 2.487369308757181763e+00 6.879471815975407752e-03
9.060000000000000000e+03 2.488375203472668495e+00 6.797755195266162558e-03
9.090000000000000000e+03 2.488088356628140208e+00 6.789613912614676436e-03
9.120000000000000000e+03 2.487974807881424333e+00 6.665229981110181758e-03
9.150000000000000000e+03 2.487895491325269770e+00 6.665990887296296442e-03
9.180000000000000000e+03 2.488513160658052836e+00 6.801280934231744742e-03
9.210000000000000000e+03 2.488142718530466091e+00 6.887836714204046210e-03
9.240000000000000000e+03 2.488799753291375705e+00 6.854118384933040493e-03
9.270000000000000000e+03 2.488207831037967832e+00 6.904211839335995179e-03
9.300000000000000000e+03 2.488594160133807520e+00 6.785206764821557004e-03
9.330000000000000000e+03 2.490041753294792937e+00 6.725698898477684186e-03
9.360000000000000000e+03 2.488992084325344578e+00 6.867466624822556563e-03
9.390000000000000000e+03 2.488832200021531715e+00 7.017186064200635169e-03
9.420000000000000000e+03 2.488996709531907658e+00 6.952369548646909064e-03
9.450000000000000000e+03 2.489000212183348548e+00 6.956500604085270531e-03
9.480000000000000000e+03 2.488667556235035772e+00 6.968948205730136902e-03
9.510000000000000000e+03 2.489212105827592669e+00 6.890872091730222519e-03
9.540000000000000000e+03 2.489744452529722540e+00 6.871626282820033488e-03
9.570000000000000000e+03 2.490297908606729838e+00 6.995518505284993582e-03
9.600000000000000000e+03 2.490010362465000959e+00 6.955667392264803552e-03
9.630000000000000000e+03 2.490555290615716899e+00 6.954841375129010989e-03
9.660000000000000000e+03 2.490546045173738232e+00 6.841344481309830604e-03
9.690000000000000000e+03 2.490299213240847909e+00 6.798614942602012635e-03
9.720000000000000000e+03 2.490996011353424855e+00 6.860326803027118683e-03
9.750000000000000000e+03 2.491075901670066539e+00 6.732798854666508480e-03
9.780000000000000000e+03 2.491380120975789314e+00 6.762981219032901566e-03
9.810000000000000000e+03 2.491644673408117239e+00 6.597050140936241112e-03
9.840000000000000000e+03 2.492122178239927877e+00 6.589933795880603684e-03
9.870000000000000000e+03 2.492863111297482170e+00 6.565396942794464279e-03
9.900000000000000000e+03 2.493797521726229593e+00 6.565519282553813375e-03
9.930000000000000000e+03 2.493949077618475396e+00 6.764219404400344075e-03
9.960000000000000000e+03 2.494162361017910001e+00 6.611280609859948761e-03
9.990000000000000000e+03 2.493734657676598410e+00 6.503621235765919169e-03
1.002000000000000000e+04 2.493687903630257718e+00 6.535851083697534654e-03
1.005000000000000000e+04 2.493518672759657662e+00 6.519023389546680161e-03
1.008000000000000000e+04 2.493744400547285078e+00 6.524531091939609652e-03
1.011000000000000000e+04 2.493479209176766798e+00 6.541059773299980583e-03
1.014000000000000000e+04 2.494072116434028707e+00 6.489934160821014646e-03
1.017000000000000000e+04 2.493681188702644214e+00 6.490305043510719366e-03
1.020000000000000000e+04 2.493929949340941477e+00 6.527252235502523613e-03
1.023000000000000000e+04 2.493805526277338203e+00 6.438230381428713782e-03
1.026000000000000000e+04 2.493239062859048172e+00 6.357501291637705082e-03
1.029000000000000000e+04 2.493597547356016797e+00 6.456120582089453115e-03
1.032000000000000000e+04 2.493454072043619352e+00 6.456591823088522926e-03
1.035000000000000000e+04 2.493784297398702776e+00 6.416843342962749545e-03
1.038000000000000000e+04 2.493703212439449590e+00 6.348069350100339799e-03
1.041000000000000000e+04 2.493241129711157189e+00 6.471636829343073612e-03
1.044000000000000000e+04 2.493667654371135800e+00 6.445624443653595256e-03
1.047000000000000000e+04 2.494305568826682862e+00 6.408277077446042184e-03
1.050000000000000000e+04 2.494771834192521354e+00 6.493298266205791563e-03
1.053000000000000000e+04 2.494739219718566492e+00 6.517918849223060945e-03
1.056000000000000000e+04 2.494684131537133531e+00 6.486824470571445934e-03
1.059000000000000000e+04 2.495132803413905975e+00 6.536769879827525505e-03
1.062000000000000000e+04 2.494999603779613384e+00 6.534767925671634316e-03
1.065000000000000000e+04 2.494880735582948539e+00 6.544323635462007994e-03
1.068000000000000000e+04 2.494510451320555600e+00 6.623792176010940939e-03
1.071000000000000000e+04 2.494324486791766660e+00 6.616392807047252397e-03
1.074000000000000000e+04 2.494401805753407864e+00 6.668662904705418767e-03
1.077000000000000000e+04 2.494527850867689800e+00 6.668998641951054580e-03
1.080000000000000000e+04 2.494716581961748503e+00 6.526267043394001592e-03
1.083000000000000000e+04 2.494647717558432731e+00 6.446276492533954509e-03
1.086000000000000000e+04 2.495167763508375547e+00 6.392722970000467957e-03
1.089000000000000000e+04 2.495387201716630532e+00 6.327466908286804616e-03
1.092000000000000000e+04 2.495529004270488294e+00 6.363703349635054483e-03
1.095000000000000000e+04 2.494517094957288350e+00 6.539138386556914845e-03
1.098000000000000000e+04 2.494805067224182160e+00 6.546181515568899080e-03
1.101000000000000000e+04 2.494755645575637892e+00 6.538638030001298583e-03
1.104000000000000000e+04 2.494899353318542623e+00 6.533144155019601600e-03
1.107000000000000000e+04 2.494942705430712060e+00 6.398571456225694842e-03
1.110000000000000000e+04 2.495136830506995640e+00 6.520288018975592750e-03
1.113000000000000000e+04 2.494513252938807657e+00 6.481736468824764695e-03
1.116000000000000000e+04 2.494604309911122364e+00 6.445003366368090743e-03
1.119000000000000000e+04 2.494494934318579826e+00 6.468991887157366991e-03
1.122000000000000000e+04 2.494872674279753344e+00 6.446900625403100167e-03
1.125000000000000000e+04 2.495018465710519884e+00 6.341801331454561055e-03
1.128000000000000000e+04 2.494965937706803416e+00 6.267876553324397068e-03
1.131000000000000000e+04 2.494974656870669882e+00 6.161506414783739227e-03
1.134000000000000000e+04 2.494667576281006216e+00 6.174931270243281568e-03
1.137000000000000000e+04 2.494834446598187316e+00 6.112524031177894723e-03
1.140000000000000000e+04 2.495121563590823932e+00 6.041106060231067609e-03
1.143000000000000000e+04 2.495014988957013458e+00 5.987927565037029845e-03
1.146000000000000000e+04 2.495226298474839233e+00 5.980895967477408912e-03
1.149000000000000000e+04 2.495612211715895423e+00 6.056421206904678486e-03
1.152000000000000000e+04 2.495313377480719019e+00 5.984599632368552656e-03
1.155000000000000000e+04 2.495775605026965049e+00 5.966957340647201583e-03
1.158000000000000000e+04 2.496111950687265768e+00 5.808132581043434425e-03
1.161000000000000000e+04 2.496444222842589156e+00 5.833274130994622539e-03
1.164000000000000000e+04 2.496320953910386553e+00 5.924083948218313023e-03
1.167000000000000000e+04 2.496101445833820431e+00 5.991710557374266451e-03
1.170000000000000000e+04 2.496408336639070580e+00 6.045247079102974291e-03
1.173000000000000000e+04 2.497066948257369301e+00 6.003645187738776076e-03
1.176000000000000000e+04 2.497364289806615734e+00 6.048547112543981551e-03
1.179000000000000000e+04 2.497306823564452660e+00 5.936482827646023634e-03
1.182000000000000000e+04 2.497033660544867306e+00 5.989470013758973338e-03
1.185000000000000000e+04 2.496705758811798681e+00 5.907143764791674551e-03
1.188000000000000000e+04 2.496713298291286520e+00 5.930012676802608879e-03
1.191000000000000000e+04 2.496422223197988455e+00 5.930337196629848623e-03
1.194000000000000000e+04 2.497046261728233851e+00 5.918500408148744986e-03
1.197000000000000000e+04 2.496816409994719876e+00 5.957983317614205798e-03
1.200000000000000000e+04 2.496847384409620840e+00 5.892128921299322371e-03
1.203000000000000000e+04 2.496831820241640187e+00 5.941244615624849748e-03
1.206000000000000000e+04 2.497442563796751891e+00 5.983584180241996800e-03
1.209000000000000000e+04 2.497728654700580364e+00 6.000687854928367024e-03
1.212000000000000000e+04 2.497177632008539483e+00 6.007607697659817815e-03
1.215000000000000000e+04 2.497298819637987943e+00 5.921565328217625115e-03
1.218000000000000000e+04 2.496811682663366838e+00 5.909354847780302032e-03
1.221000000000000000e+04 2.496869953055214975e+00 5.870798188026473720e-03
1.224000000000000000e+04 2.496469464434281527e+00 5.949331577838992344e-03
1.227000000000000000e+04 2.496480244678431326e+00 5.892904700738403091e-03
1.230000000000000000e+04 2.496909038487769017e+00 5.905764808476325796e-03
1.233000000000000000e+04 2.496614602453818055e+00 5.885331325075637138e-03
1.236000000000000000e+04 2.496702819432395248e+00 5.851753460564474915e-03
1.239000000000000000e+04 2.496917377784186431e+00 5.831221867770726951e-03
1.242000000000000000e+04 2.497000722505338999e+00 5.882194053323399827e-03
1.245000000000000000e+04 2.497326090715783931e+00 5.894308015645028688e-03
1.248000000000000000e+04 2.497002682681340513e+00 5.943693614289409163e-03
1.251000000000000000e+04 2.497471892260328730e+00 5.924071106853932324e-03
1.254000000000000000e+04 2.497120749984142130e+00 5.930110362232377495e-03
1.257000000000000000e+04 2.497311248559447971e+00 5.865260833517332156e-03
1.260000000000000000e+04 2.497655025269344353e+00 5.863880571588560471e-03
1.263000000000000000e+04 2.497573892583309974e+00 5.814271433762135781e-03
1.266000000000000000e+04 2.497591985682190430e+00 5.849656815460758767e-03
1.269000000000000000e+04 2.497638616020078750e+00 5.861572016027731882e-03
1.272000000000000000e+04 2.496956379201667797e+00 5.874692092919011829e-03
1.275000000000000000e+04 2.497258501098110095e+00 5.889472995843266986e-03
1.278000000000000000e+04 2.496910730081677965e+00 5.888271551776860790e-03
1.281000000000000000e+04 2.496984009440597507e+00 5.865982749145895979e-03
1.284000000000000000e+04 2.496938733134794308e+00 5.900163170603610167e-03
1.287000000000000000e+04 2.497382687554139391e+00 6.001984985771542658e-03
1.290000000000000000e+04 2.497539824921414020e+00 5.954643652142830972e-03
1.293000000000000000e+04 2.497877348631832639e+00 5.861607634046962084e-03
1.296000000000000000e+04 2.497315101315834784e+00 5.843429569418030767e-03
1.299000000000000000e+04 2.497189554152981827e+00 5.842871124949155538e-03
1.302000000000000000e+04 2.496925077400267590e+00 5.916162446504292724e-03
1.305000000000000000e+04 2.497238686684024600e+00 5.878400794423222289e-03
1.308000000000000000e+04 2.497169242369747799e+00 5.868126455789933991e-03
1.311000000000000000e+04 2.496724023558281047e+00 5.814636760305272496e-03
1.314000000000000000e+04 2.496711692446666131e+00 5.806747997363001339e-03
1.317000000000000000e+04 2.496870404839250046e+00 5.785174006801035128e-03
1.320000000000000000e+04 2.496607751159292121e+00 5.738041837297774665e-03
1.323000000000000000e+04 2.496759002914578307e+00 5.669935311364635543e-03
1.326000000000000000e+04 2.496703053722877375e+00 5.750039697865905880e-03
1.329000000000000000e+04 2.496632445380200682e+00 5.716826527347875810e-03
1.332000000000000000e+04 2.497064754952308174e+00 5.765066333449753166e-03
1.335000000000000000e+04 2.497486352172486601e+00 5.693496054053820594e-03
1.338000000000000000e+04 2.497300278188930633e+00 5.638382504661379468e-03
1.341000000000000000e+04 2.497517493772805963e+00 5.708210441663161792e-03
1.344000000000000000e+04 2.497394140239780569e+00 5.652590329665923771e-03
1.347000000000000000e+04 2.496641382835544931e+00 5.622525768780326470e-03
1.350000000000000000e+04 2.496835820614430101e+00 5.738686775986806717e-03
1.353000000000000000e+04 2.496388580223598552e+00 5.766021137116595502e-03
1.356000000000000000e+04 2.496521044594739003e+00 5.761700079766983625e-03
1.359000000000000000e+04 2.496509839591236180e+00 5.717888589835468625e-03
1.362000000000000000e+04 2.496374525445211212e+00 5.718259748610876256e-03
1.365000000000000000e+04 2.496148710697990047e+00 5.765844187585271972e-03
1.368000000000000000e+04 2.496317175745512706e+00 5.808424578441748025e-03
1.371000000000000000e+04 2.495990375552390006e+00 5.777332875611490906e-03
1.374000000000000000e+04 2.496056393413255581e+00 5.788541875824611098e-03
1.377000000000000000e+04 2.495988117090534253e+00 5.704750844435838714e-03
1.380000000000000000e+04 2.496236870409010322e+00 5.674018094452435747e-03
1.383000000000000000e+04 2.495856310272197121e+00 5.688175064799655400e-03
1.386000000000000000e+04 2.495844201018068365e+00 5.608309148550793752e-03
1.389000000000000000e+04 2.495765877762043949e+00 5.474323755842439541e-03
1.392000000000000000e+04 2.495786740427782924e+00 5.434071602428821625e-03
1.395000000000000000e+04 2.495481545331343476e+00 5.448773425852598482e-03
1.398000000000000000e+04 2.495275691269509100e+00 5.373822926639979479e-03
1.401000000000000000e+04 2.495356808448321306e+00 5.303390808663956818e-03
1.404000000000000000e+04 2.495586382216339771e+00 5.319038382211827183e-03
1.407000000000000000e+04 2.495724472138066030e+00 5.312193658077436070e-03
1.410000000000000000e+04 2.495353432402498406e+00 5.328565452286702399e-03
1.413000000000000000e+04 2.495445955536439886e+00 5.425615717296512937e-03
1.416000000000000000e+04 2.495483394130521670e+00 5.519433964839621197e-03
1.419000000000000000e+04 2.495546084795709607e+00 5.559678632133825509e-03
1.422000000000000000e+04 2.495915859958435234e+00 5.555239765723087378e-03
1.425000000000000000e+04 2.496379559392273073e+00 5.591052319890175981e-03
1.428000000000000000e+04 2.496489798714681907e+00 5.551302774370259034e-03
1.431000000000000000e+04 2.496977728703134947e+00 5.535820884478168981e-03
1.434000000000000000e+04 2.497280571347809452e+00 5.550118305369193192e-03
1.437000000000000000e+04 2.496861126358945970e+00 5.580991638966266606e-03
1.440000000000000000e+04 2.496788748220576615e+00 5.552592762447257531e-03
1.443000000000000000e+04 2.497091529130319731e+00 5.592573851953053232e-03
1.446000000000000000e+04 2.496707585123176365e+00 5.548304576308629721e-03
1.449000000000000000e+04 2.496477479031297797e+00 5.556375893030158185e-03
1.452000000000000000e+04 2.496557051039325792e+00 5.533290393090701219e-03
1.455000000000000000e+04 2.497001645525331437e+00 5.596522742917312346e-03
1.458000000000000000e+04 2.497022341307260529e+00 5.534223247647056948e-03
1.461000000000000000e+04 2.497286350497512242e+00 5.632957414657982498e-03
1.464000000000000000e+04 2.496919524822772907e+00 5.707567165534046735e-03
1.467000000000000000e+04 2.497034238707251941e+00 5.651290613516623575e-03
1.470000000000000000e+04 2.497211589270518228e+00 5.660988119896645174e-03
1.473000000000000000e+04 2.497061801738361453e+00 5.610982603472705436e-03
1.476000000000000000e+04 2.497151480411170077e+00 5.596901501342106330e-03
1.479000000000000000e+04 2.496797786634742611e+00 5.630365388044720511e-03
1.482000000000000000e+04 2.496653770345496071e+00 5.555952281202278763e-03
1.485000000000000000e+04 2.496262008417410527e+00 5.506442645161250225e-03
1.488000000000000000e+04 2.496084478188764333e+00 5.541139314580687501e-03
1.491000000000000000e+04 2.495900875245156580e+00 5.578069899273059400e-03
1.494000000000000000e+04 2.496477139488400887e+00 5.584464393831642566e-03
1.497000000000000000e+04 2.496568809764281305e+00 5.639638730946256416e-03
1.500000000000000000e+04 2.496701420707691188e+00 5.631483947535457710e-03
