# # n, sigma
3.000000000000000000e+01 1.605066135206533628e+00 8.521354034784819897e-02
6.000000000000000000e+01 3.010304489088662994e+00 1.624223245469782750e-01
9.000000000000000000e+01 3.787972016355023452e+00 1.505819065552536085e-01
1.200000000000000000e+02 2.603948673294949501e+00 9.914095849644365133e-02
1.500000000000000000e+02 2.574206488561944006e+00 5.554028729950033494e-02
1.800000000000000000e+02 2.577555857077754808e+00 4.282952850661257693e-02
2.100000000000000000e+02 2.582413931238657145e+00 4.491092463195699852e-02
2.400000000000000000e+02 2.574375899485078278e+00 4.559114547034343046e-02
2.700000000000000000e+02 2.554322275015127097e+00 4.068061083092010255e-02
3.000000000000000000e+02 2.532821200317197707e+00 4.217633543174870853e-02
3.300000000000000000e+02 2.522504458032882368e+00 4.587982284846929548e-02
3.600000000000000000e+02 2.514261300638218621e+00 4.708580455534562559e-02
3.900000000000000000e+02 2.505445513174656025e+00 4.559032157914705979e-02
4.200000000000000000e+02 2.519751622189958962e+00 4.595466681669396064e-02
4.500000000000000000e+02 2.511027418448634307e+00 4.214266910496032581e-02
4.800000000000000000e+02 2.504875656491316160e+00 3.650372542833705408e-02
5.100000000000000000e+02 2.505497901368602953e+00 3.692020030664078245e-02
5.400000000000000000e+02 2.500686213706062144e+00 3.478698600122099444e-02
5.700000000000000000e+02 2.515367125554763827e+00 3.585693050814825478e-02
6.000000000000000000e+02 2.512706956498401478e+00 3.679351735009521451e-02
6.300000000000000000e+02 2.511044468103907246e+00 3.751627539730133937e-02
6.600000000000000000e+02 2.506065165916637749e+00 3.689014747586348564e-02
6.900000000000000000e+02 2.508971529482385776e+00 3.404584159512278468e-02
7.200000000000000000e+02 2.512293842954185674e+00 3.453683787125230720e-02
7.500000000000000000e+02 2.508091279515495930e+00 3.311273275321530152e-02
7.800000000000000000e+02 2.507084921278174061e+00 3.221471962436719960e-02
8.100000000000000000e+02 2.499511316967169439e+00 3.180568231516183592e-02
8.400000000000000000e+02 2.502522972001067547e+00 3.070914514368073764e-02
8.700000000000000000e+02 2.512205302782209326e+00 3.103701152512044689e-02
9.000000000000000000e+02 2.503650698841320743e+00 3.147470039575794160e-02
9.300000000000000000e+02 2.503914677746222228e+00 3.203515533009785449e-02
9.600000000000000000e+02 2.497786908198527556e+00 3.093916432718310863e-02
9.900000000000000000e+02 2.500677986575807754e+00 2.907006297857066268e-02
1.020000000000000000e+03 2.505632693946409084e+00 2.718232263630944445e-02
1.050000000000000000e+03 2.503885255371269380e+00 2.832281609347157489e-02
1.080000000000000000e+03 2.505208139234736731e+00 2.657167538065859785e-02
1.110000000000000000e+03 2.508416858913306235e+00 2.752986961075426162e-02
1.140000000000000000e+03 2.508963587833205278e+00 2.810773216342504766e-02
1.170000000000000000e+03 2.512412815536823718e+00 2.815662642018748954e-02
1.200000000000000000e+03 2.509416489164039366e+00 2.720801742939825060e-02
1.230000000000000000e+03 2.502108040068763639e+00 2.684915685244487413e-02
1.260000000000000000e+03 2.499158484644109279e+00 2.563731986059631512e-02
1.290000000000000000e+03 2.503549982038461685e+00 2.493292413355681358e-02
1.320000000000000000e+03 2.500250460506570516e+00 2.459017647028463940e-02
1.350000000000000000e+03 2.499120602151281734e+00 2.421232041748545491e-02
1.380000000000000000e+03 2.498040853800055583e+00 2.436458252302585101e-02
1.410000000000000000e+03 2.498725333109479863e+00 2.576360672348302835e-02
1.440000000000000000e+03 2.504145309292754362e+00 2.597372765629700486e-02
1.470000000000000000e+03 2.504634414160321843e+00 2.478499062516865623e-02
1.500000000000000000e+03 2.510954460586373393e+00 2.588108188231604337e-02
1.530000000000000000e+03 2.509540754263122508e+00 2.636200528208557797e-02
1.560000000000000000e+03 2.509748015436622737e+00 2.620205784677397121e-02
1.590000000000000000e+03 2.506049085517574770e+00 2.541160214599900644e-02
1.620000000000000000e+03 2.503353948180545796e+00 2.462573767435309938e-02
1.650000000000000000e+03 2.494963425080244157e+00 2.504875808708686979e-02
1.680000000000000000e+03 2.497992841560998212e+00 2.509577988830136164e-02
1.710000000000000000e+03 2.496542369727956956e+00 2.459626496744992188e-02
1.740000000000000000e+03 2.496506955701657482e+00 2.381759298807466924e-02
1.770000000000000000e+03 2.499472050686517122e+00 2.262678266652917020e-02
1.800000000000000000e+03 2.495559142212999237e+00 2.149919964989039853e-02
1.830000000000000000e+03 2.497534848566578702e+00 2.056750041560861594e-02
1.860000000000000000e+03 2.495875873451195659e+00 1.945056723182914810e-02
1.890000000000000000e+03 2.494681804689749871e+00 1.876413811052745143e-02
1.920000000000000000e+03 2.494370151455027607e+00 1.774122548156410739e-02
1.950000000000000000e+03 2.489479220005601068e+00 1.747433627920039548e-02
1.980000000000000000e+03 2.491001484833796908e+00 1.693217924395241589e-02
2.010000000000000000e+03 2.491990947884888286e+00 1.612972757732852869e-02
2.040000000000000000e+03 2.490198159921548360e+00 1.599667798295381291e-02
2.070000000000000000e+03 2.489130949002713589e+00 1.578556921649713202e-02
2.100000000000000000e+03 2.488592825543848086e+00 1.493000943669892111e-02
2.130000000000000000e+03 2.490312428069091144e+00 1.478544902667391046e-02
2.160000000000000000e+03 2.492502751090060364e+00 1.521186929645954207e-02
2.190000000000000000e+03 2.494078654879135382e+00 1.485697686564717811e-02
2.220000000000000000e+03 2.493018268376008706e+00 1.488927037299377781e-02
2.250000000000000000e+03 2.493184705829418757e+00 1.545087860802468911e-02
2.280000000000000000e+03 2.491350999151025647e+00 1.510712904023631814e-02
2.310000000000000000e+03 2.488238869035416467e+00 1.498896224324881669e-02
2.340000000000000000e+03 2.491313530621641625e+00 1.503610235508429614e-02
2.370000000000000000e+03 2.490595957269662986e+00 1.510180081612651562e-02
2.400000000000000000e+03 2.488261064048216120e+00 1.502102927792160238e-02
2.430000000000000000e+03 2.486284803553733713e+00 1.491301090658775190e-02
2.460000000000000000e+03 2.486630971123611200e+00 1.455653545478170600e-02
2.490000000000000000e+03 2.485396335914410226e+00 1.436598800942619214e-02
2.520000000000000000e+03 2.485046662124306582e+00 1.467866145442238597e-02
2.550000000000000000e+03 2.484912726022505680e+00 1.477979050081377858e-02
2.580000000000000000e+03 2.482127754460572433e+00 1.549156939806905532e-02
2.610000000000000000e+03 2.480789965728874780e+00 1.526292648976456529e-02
2.640000000000000000e+03 2.477650452697920169e+00 1.435465861562002128e-02
2.670000000000000000e+03 2.477417429238061963e+00 1.454517862981838730e-02
2.700000000000000000e+03 2.476964807470495078e+00 1.437956716607319968e-02
2.730000000000000000e+03 2.478563487578648861e+00 1.364127067998941942e-02
2.760000000000000000e+03 2.478625858102582402e+00 1.348947282142139506e-02
2.790000000000000000e+03 2.477064022674980492e+00 1.342212696474781933e-02
2.820000000000000000e+03 2.478052903002241347e+00 1.376907061602312445e-02
2.850000000000000000e+03 2.478374866605307147e+00 1.371088537246231524e-02
2.880000000000000000e+03 2.477922018602247700e+00 1.425878538561884887e-02
2.910000000000000000e+03 2.478358329477582167e+00 1.404839917711197747e-02
2.940000000000000000e+03 2.479660466872848357e+00 1.466798361739364912e-02
2.970000000000000000e+03 2.481003999080908073e+00 1.411260147262691049e-02
3.000000000000000000e+03 2.480452055991589244e+00 1.410496404975144016e-02
3.030000000000000000e+03 2.480373124857534695e+00 1.444367189097992867e-02
3.060000000000000000e+03 2.479001536780891080e+00 1.428698635637236543e-02
3.090000000000000000e+03 2.478800156235320351e+00 1.427703540120285781e-02
3.120000000000000000e+03 2.480123586834725113e+00 1.429189051824159180e-02
3.150000000000000000e+03 2.479758624859962790e+00 1.465822573266419189e-02
3.180000000000000000e+03 2.479458401160234970e+00 1.433759754573386488e-02
3.210000000000000000e+03 2.481403510784032207e+00 1.421835143600639825e-02
3.240000000000000000e+03 2.483077404007309585e+00 1.389689095707794843e-02
3.270000000000000000e+03 2.484730967445438754e+00 1.408504226613144748e-02
3.300000000000000000e+03 2.484633286802796270e+00 1.435391193384871755e-02
3.330000000000000000e+03 2.487024957170329120e+00 1.417779922561860327e-02
3.360000000000000000e+03 2.487909456916415074e+00 1.407220068132871392e-02
3.390000000000000000e+03 2.488404812810094402e+00 1.402237010674550928e-02
3.420000000000000000e+03 2.489073672433791184e+00 1.427223228915904842e-02
3.450000000000000000e+03 2.491102438855772316e+00 1.410273150632402120e-02
3.480000000000000000e+03 2.492274786122691044e+00 1.455559268473193175e-02
3.510000000000000000e+03 2.492407198692137449e+00 1.459796818048613061e-02
3.540000000000000000e+03 2.491920834847058064e+00 1.442656933829582731e-02
3.570000000000000000e+03 2.490618335384537474e+00 1.447892496164674206e-02
3.600000000000000000e+03 2.489504093462111101e+00 1.406455420335774205e-02
3.630000000000000000e+03 2.489330453576953150e+00 1.385670733608261596e-02
3.660000000000000000e+03 2.490908874985554355e+00 1.352329797102150115e-02
3.690000000000000000e+03 2.492130436446837738e+00 1.346421450899805937e-02
3.720000000000000000e+03 2.490547324802740548e+00 1.378257665226984355e-02
3.750000000000000000e+03 2.490029442083081523e+00 1.387215668451161239e-02
3.780000000000000000e+03 2.491340775472319358e+00 1.391220678090555364e-02
3.810000000000000000e+03 2.490289565260067395e+00 1.333410598685498029e-02
3.840000000000000000e+03 2.487447289795805094e+00 1.282822628291619901e-02
3.870000000000000000e+03 2.488035830355845412e+00 1.297381277462638510e-02
3.900000000000000000e+03 2.487321824778826240e+00 1.286484353055558812e-02
3.930000000000000000e+03 2.487909450059009764e+00 1.283444934429198506e-02
3.960000000000000000e+03 2.489341338238068690e+00 1.283763428159722525e-02
3.990000000000000000e+03 2.489013397952770656e+00 1.255104960197796909e-02
4.020000000000000000e+03 2.490246536023695167e+00 1.236886400259168406e-02
4.050000000000000000e+03 2.491420138080771451e+00 1.220182556727957696e-02
4.080000000000000000e+03 2.489064456902587708e+00 1.201104459357943931e-02
4.110000000000000000e+03 2.489085925400976063e+00 1.213425405774864151e-02
4.140000000000000000e+03 2.490249613630336700e+00 1.187235610591660245e-02
4.170000000000000000e+03 2.490107446508093680e+00 1.207947153599419655e-02
4.200000000000000000e+03 2.490497497039925623e+00 1.176260726721543512e-02
4.230000000000000000e+03 2.489358706912272456e+00 1.185826377302058934e-02
4.260000000000000000e+03 2.488435377033347162e+00 1.162787117316028788e-02
4.290000000000000000e+03 2.489631725094549441e+00 1.155319284416043459e-02
4.320000000000000000e+03 2.490849440491763822e+00 1.156163353368021285e-02
4.350000000000000000e+03 2.489385348599056247e+00 1.148215941328805008e-02
4.380000000000000000e+03 2.488317239535227543e+00 1.125252269151826717e-02
4.410000000000000000e+03 2.490826396522984876e+00 1.144768994768236882e-02
4.440000000000000000e+03 2.491242668522817283e+00 1.158985870358234145e-02
4.470000000000000000e+03 2.490696348358039103e+00 1.166194889772571679e-02
4.500000000000000000e+03 2.489996558707414209e+00 1.112177635932249699e-02
4.530000000000000000e+03 2.491328930288901677e+00 1.104395028293783144e-02
4.560000000000000000e+03 2.491397066438173269e+00 1.089015797661327042e-02
4.590000000000000000e+03 2.492163601974300313e+00 1.086786591785069561e-02
4.620000000000000000e+03 2.490673929263155895e+00 1.087160764268682231e-02
4.650000000000000000e+03 2.491719380784047200e+00 1.068428237663765837e-02
4.680000000000000000e+03 2.491384207444842236e+00 1.074466357245556190e-02
4.710000000000000000e+03 2.492234341338664727e+00 1.068762103737727794e-02
4.740000000000000000e+03 2.493301243844441739e+00 1.032106557604230146e-02
4.770000000000000000e+03 2.492969296399136336e+00 1.014336870902710595e-02
4.800000000000000000e+03 2.494401616667790034e+00 1.005587334541057504e-02
4.830000000000000000e+03 2.493848441127285209e+00 9.896988069010227013e-03
4.860000000000000000e+03 2.492909156729249620e+00 9.956367440793874313e-03
4.890000000000000000e+03 2.491556420937967697e+00 9.717458037090424480e-03
4.920000000000000000e+03 2.490480631618225527e+00 9.683356830954501990e-03
4.950000000000000000e+03 2.491433243414818310e+00 9.450845794853232965e-03
4.980000000000000000e+03 2.492626024978679133e+00 9.331655529079382200e-03
5.010000000000000000e+03 2.493207863924985723e+00 9.399939055297523022e-03
5.040000000000000000e+03 2.492979111907349665e+00 9.511574003147435508e-03
5.070000000000000000e+03 2.493157567797002372e+00 9.495230677412758169e-03
5.100000000000000000e+03 2.493371828262996637e+00 9.645888361973688901e-03
5.130000000000000000e+03 2.493086051865372355e+00 9.411499458578985802e-03
5.160000000000000000e+03 2.493652945622041539e+00 9.317377850263408243e-03
5.190000000000000000e+03 2.493981644393682195e+00 9.312608520684488578e-03
5.220000000000000000e+03 2.493775216846790599e+00 9.123212985977522185e-03
5.250000000000000000e+03 2.494742573115878326e+00 9.146553820360250192e-03
5.280000000000000000e+03 2.494311144076589493e+00 9.415867107912560471e-03
5.310000000000000000e+03 2.495687439195908741e+00 9.163834497868471318e-03
5.340000000000000000e+03 2.496545139421621151e+00 9.359088151199991545e-03
5.370000000000000000e+03 2.496456575948080570e+00 9.214928104690399413e-03
5.400000000000000000e+03 2.496896417838971871e+00 9.459736090501663294e-03
5.430000000000000000e+03 2.497907902433816218e+00 9.547297651065208418e-03
5.460000000000000000e+03 2.497748016564997009e+00 9.447254237167274082e-03
5.490000000000000000e+03 2.498608480774480611e+00 9.466785280688122181e-03
5.520000000000000000e+03 2.499610504673473343e+00 9.463464142594704698e-03
5.550000000000000000e+03 2.499563986857171738e+00 9.077453422190309706e-03
5.580000000000000000e+03 2.501213234646579409e+00 9.161582947350777398e-03
5.610000000000000000e+03 2.501627588728072116e+00 9.060597308785353285e-03
5.640000000000000000e+03 2.501617337562338950e+00 9.178109617499903908e-03
5.670000000000000000e+03 2.501586486412306520e+00 9.179823552571691678e-03
5.700000000000000000e+03 2.501476952011627120e+00 9.164618869167811752e-03
5.730000000000000000e+03 2.502089590881866776e+00 8.894901729322583425e-03
5.760000000000000000e+03 2.501706378600391911e+00 8.797591619943735675e-03
5.790000000000000000e+03 2.501725254065981563e+00 8.916920338808620103e-03
5.820000000000000000e+03 2.500523271096986022e+00 8.825625526536866328e-03
5.850000000000000000e+03 2.500012191378080395e+00 8.702146834477272885e-03
5.880000000000000000e+03 2.501850839143005878e+00 8.751030633595224817e-03
5.910000000000000000e+03 2.501266625717859515e+00 8.640755524510910363e-03
5.940000000000000000e+03 2.501834792896624915e+00 8.724318794145665898e-03
5.970000000000000000e+03 2.501896267756839709e+00 8.918756011432467726e-03
6.000000000000000000e+03 2.502792319373706054e+00 9.023623196188707354e-03
6.030000000000000000e+03 2.503028379868836417e+00 9.103586905653656552e-03
6.060000000000000000e+03 2.503785030947530466e+00 9.161449894759393642e-03
6.090000000000000000e+03 2.503900085408024889e+00 9.238208747510587640e-03
6.120000000000000000e+03 2.503292942182115510e+00 9.045525028202161533e-03
6.150000000000000000e+03 2.504358850623639832e+00 9.071931443192378722e-03
6.180000000000000000e+03 2.503794961981304912e+00 8.941448289303812955e-03
6.210000000000000000e+03 2.503777559481183079e+00 8.706813800407950735e-03
6.240000000000000000e+03 2.503673203272837267e+00 8.475893313019422851e-03
6.270000000000000000e+03 2.503778350313005330e+00 8.430865586885813445e-03
6.300000000000000000e+03 2.504343162208777507e+00 8.274749312799213261e-03
6.330000000000000000e+03 2.504449044194543283e+00 8.195102244239289499e-03
6.360000000000000000e+03 2.504180133967008004e+00 8.075181792964706770e-03
6.390000000000000000e+03 2.503030814035374974e+00 8.143396378306645353e-03
6.420000000000000000e+03 2.503543423403256085e+00 8.178033529272106528e-03
6.450000000000000000e+03 2.503658082565103360e+00 8.123278253355445400e-03
6.480000000000000000e+03 2.504384603155284772e+00 8.164141323515613363e-03
6.510000000000000000e+03 2.504589705819769030e+00 8.214771974024334331e-03
6.540000000000000000e+03 2.503344259738941702e+00 8.089707213710859574e-03
6.570000000000000000e+03 2.503657190553808309e+00 7.832492035635197844e-03
6.600000000000000000e+03 2.503161211686280918e+00 7.750195181785923641e-03
6.630000000000000000e+03 2.503434872399162625e+00 7.544446458353859866e-03
6.660000000000000000e+03 2.502601347171216961e+00 7.704892806831449385e-03
6.690000000000000000e+03 2.501371836363340595e+00 7.650062041320781006e-03
6.720000000000000000e+03 2.501347377739161271e+00 7.648566240970461338e-03
6.750000000000000000e+03 2.501240708743182939e+00 7.651081319616271498e-03
6.780000000000000000e+03 2.502309222507918651e+00 7.501663099099008941e-03
6.810000000000000000e+03 2.502527094376302941e+00 7.455975125750750193e-03
6.840000000000000000e+03 2.502201260319601772e+00 7.258077698280438611e-03
6.870000000000000000e+03 2.502809745489407600e+00 7.370852059076372920e-03
6.900000000000000000e+03 2.502504039631540778e+00 7.099819030585085081e-03
6.930000000000000000e+03 2.502948443227732689e+00 7.244201748978338143e-03
6.960000000000000000e+03 2.502997008271387269e+00 7.088271008752551790e-03
6.990000000000000000e+03 2.503515924504673862e+00 7.089517675560705508e-03
7.020000000000000000e+03 2.502908898367201207e+00 6.926300757963911939e-03
7.050000000000000000e+03 2.502417977244645098e+00 6.887140029807583413e-03
7.080000000000000000e+03 2.503514487499887586e+00 6.992908827474859403e-03
7.110000000000000000e+03 2.504378147104069807e+00 6.972233454743200116e-03
7.140000000000000000e+03 2.506190141911813107e+00 6.960452773711868664e-03
7.170000000000000000e+03 2.505372502901100251e+00 6.862262892950184330e-03
7.200000000000000000e+03 2.504882752594666862e+00 6.911710996162299080e-03
7.230000000000000000e+03 2.504412805982819901e+00 6.954068164283641260e-03
7.260000000000000000e+03 2.504769681087029465e+00 6.999981068597762625e-03
7.290000000000000000e+03 2.503957678559538547e+00 7.051527454625114606e-03
7.320000000000000000e+03 2.502502746825620683e+00 7.017206969070592659e-03
7.350000000000000000e+03 2.502468070739942263e+00 7.001003547476679009e-03
7.380000000000000000e+03 2.501712282470081483e+00 7.069529548587460792e-03
7.410000000000000000e+03 2.501576317191881227e+00 7.245812355375490232e-03
7.440000000000000000e+03 2.500552662461834164e+00 7.198475994502335704e-03
7.470000000000000000e+03 2.501246887439161348e+00 7.295696827413236836e-03
7.500000000000000000e+03 2.500961988994060636e+00 7.481584724350117538e-03
7.530000000000000000e+03 2.500448642002637722e+00 7.314150687843722250e-03
7.560000000000000000e+03 2.500680579380351265e+00 7.353159207040629169e-03
7.590000000000000000e+03 2.499672670805151320e+00 7.463370048728132193e-03
7.620000000000000000e+03 2.500511855493873448e+00 7.289709072154847321e-03
7.650000000000000000e+03 2.499375576073113780e+00 7.155453909458322007e-03
7.680000000000000000e+03 2.499338043648270613e+00 7.032992515373091488e-03
7.710000000000000000e+03 2.498715290620188156e+00 7.042554655963872111e-03
7.740000000000000000e+03 2.498259841637795020e+00 6.947688359324379753e-03
7.770000000000000000e+03 2.498613626139070565e+00 6.992006257913322906e-03
7.800000000000000000e+03 2.500156145308298328e+00 7.060501090911534654e-03
7.830000000000000000e+03 2.499962982282307955e+00 7.064961849131050874e-03
7.860000000000000000e+03 2.499659313170453867e+00 7.101043742285856504e-03
7.890000000000000000e+03 2.499760709322553787e+00 7.214842917456547322e-03
7.920000000000000000e+03 2.500520116929681791e+00 7.125959103398709152e-03
7.950000000000000000e+03 2.501746029589898779e+00 7.183215291210618726e-03
7.980000000000000000e+03 2.501218078214464846e+00 7.224170987407861448e-03
8.010000000000000000e+03 2.501142621636544661e+00 7.416977312878443584e-03
8.040000000000000000e+03 2.501817023883750046e+00 7.419493258118274245e-03
8.070000000000000000e+03 2.501031736803834615e+00 7.470265468736604457e-03
8.100000000000000000e+03 2.500806040462588697e+00 7.617812458187528564e-03
8.130000000000000000e+03 2.500672579811261897e+00 7.638648654892776779e-03
8.160000000000000000e+03 2.501529197602764043e+00 7.723490587175935868e-03
8.190000000000000000e+03 2.500669907582925511e+00 7.724243523598412452e-03
8.220000000000000000e+03 2.500891755946498929e+00 7.746014740486635401e-03
8.250000000000000000e+03 2.501628751960065955e+00 7.701160733583855417e-03
8.280000000000000000e+03 2.501847319660548852e+00 7.580630314417759717e-03
8.310000000000000000e+03 2.501668754171384901e+00 7.635224498272597145e-03
8.340000000000000000e+03 2.502824006245067512e+00 7.592337196935083042e-03
8.370000000000000000e+03 2.502166676137953516e+00 7.514612813816131179e-03
8.400000000000000000e+03 2.502257978528021010e+00 7.382835117174173928e-03
8.430000000000000000e+03 2.502890764252269307e+00 7.425219956247613474e-03
8.460000000000000000e+03 2.502869932380080265e+00 7.361034242135561408e-03
8.490000000000000000e+03 2.502793102485153742e+00 7.432138770499921269e-03
8.520000000000000000e+03 2.502056883610169979e+00 7.484421287172097516e-03
8.550000000000000000e+03 2.501726988291058884e+00 7.564498927078694424e-03
8.580000000000000000e+03 2.503071336176485140e+00 7.584953455791837613e-03
8.610000000000000000e+03 2.502576568078582309e+00 7.442969465195172114e-03
8.640000000000000000e+03 2.503178910171550697e+00 7.434817299723899160e-03
8.670000000000000000e+03 2.502417693470803783e+00 7.477105291808275843e-03
8.700000000000000000e+03 2.502494304873612574e+00 7.539855287173429822e-03
8.730000000000000000e+03 2.502845938419192784e+00 7.393050608425825315e-03
8.760000000000000000e+03 2.503611923452845112e+00 7.551819126227815940e-03
8.790000000000000000e+03 2.503577714643728580e+00 7.583771705023384727e-03
8.820000000000000000e+03 2.503226722481965982e+00 7.396251720747182810e-03
8.850000000000000000e+03 2.503110998062801240e+00 7.322125531422016276e-03
8.880000000000000000e+03 2.503673865260559683e+00 7.435680578772549051e-03
8.910000000000000000e+03 2.503582994205661993e+00 7.327353436726804017e-03
8.940000000000000000e+03 2.502916446186151056e+00 7.218237588207100826e-03
8.970000000000000000e+03 2.502292882156069265e+00 7.103802042358163191e-03
9.000000000000000000e+03 2.501931164581950195e+00 7.081696371452008212e-03
9.030000000000000000e+03 2.501904219266080087e+00 7.127590379958076774e-03
9.060000000000000000e+03 2.502746469907922044e+00 7.111265627256476221e-03
9.090000000000000000e+03 2.502427624266450934e+00 6.969734595725254715e-03
9.120000000000000000e+03 2.503036486868695842e+00 7.079801213517513715e-03
9.150000000000000000e+03 2.502878645913711342e+00 7.020924624371516730e-03
9.180000000000000000e+03 2.502700206160059615e+00 6.945790823768068813e-03
9.210000000000000000e+03 2.503267021576336848e+00 6.960594751722884097e-03
9.240000000000000000e+03 2.503731013491683921e+00 6.947079069072885533e-03
9.270000000000000000e+03 2.503720638740424942e+00 6.915919545271786463e-03
9.300000000000000000e+03 2.503165192128190775e+00 6.858418046793441324e-03
9.330000000000000000e+03 2.503998514458328550e+00 6.891478200582370518e-03
9.360000000000000000e+03 2.503873296894205236e+00 7.011828479000422991e-03
9.390000000000000000e+03 2.502535790396397175e+00 7.044428552365669845e-03
9.420000000000000000e+03 2.502496533244793930e+00 7.099542605946322117e-03
9.450000000000000000e+03 2.502788005669107640e+00 7.123595625984214044e-03
9.480000000000000000e+03 2.502490569016286415e+00 7.058087324197242184e-03
9.510000000000000000e+03 2.502484823416605497e+00 7.062800835791028554e-03
9.540000000000000000e+03 2.502701837870948243e+00 7.150743237078446488e-03
9.570000000000000000e+03 2.502694023517973765e+00 7.219822673197169756e-03
9.600000000000000000e+03 2.503071595555724116e+00 7.207091884745393806e-03
9.630000000000000000e+03 2.502801230107106090e+00 7.241663179074845844e-03
9.660000000000000000e+03 2.502634548344226051e+00 7.300945238497959754e-03
9.690000000000000000e+03 2.503921714067838256e+00 7.376774068040168990e-03
9.720000000000000000e+03 2.504738679404375112e+00 7.356246758306410165e-03
9.750000000000000000e+03 2.504817482948311191e+00 7.265268806423778522e-03
9.780000000000000000e+03 2.504371638309695225e+00 7.405581190834389579e-03
9.810000000000000000e+03 2.503855561344115355e+00 7.357934717755799242e-03
9.840000000000000000e+03 2.503655440721856529e+00 7.511121388020593030e-03
9.870000000000000000e+03 2.503826139865486411e+00 7.730460185914706135e-03
9.900000000000000000e+03 2.504001165306376731e+00 7.854654825547988453e-03
9.930000000000000000e+03 2.504096494372571424e+00 7.894384536121231560e-03
9.960000000000000000e+03 2.504194790869743947e+00 7.999999048923048597e-03
9.990000000000000000e+03 2.504762491895192511e+00 8.021235974319496434e-03
1.002000000000000000e+04 2.505221689947437103e+00 8.012475206672357853e-03
1.005000000000000000e+04 2.505731127793674684e+00 8.000121647703467911e-03
1.008000000000000000e+04 2.505542448550082568e+00 8.010339960942771537e-03
1.011000000000000000e+04 2.505162154325020651e+00 8.086181034246164509e-03
1.014000000000000000e+04 2.505283358949360384e+00 8.117624466058445676e-03
1.017000000000000000e+04 2.505990670964029388e+00 8.064760108775874403e-03
1.020000000000000000e+04 2.505838230471793437e+00 7.985050658484321370e-03
1.023000000000000000e+04 2.506644588057382439e+00 7.971004699619331502e-03
1.026000000000000000e+04 2.507352279922925309e+00 7.978325228881373576e-03
1.029000000000000000e+04 2.506780461259221493e+00 8.115888053003139993e-03
1.032000000000000000e+04 2.506650164877021858e+00 8.085508473183159253e-03
1.035000000000000000e+04 2.507077700315026636e+00 8.202469590270884681e-03
1.038000000000000000e+04 2.507119573183019590e+00 8.228877572443171751e-03
1.041000000000000000e+04 2.505884738197022621e+00 8.281812046271616254e-03
1.044000000000000000e+04 2.505501431749262320e+00 8.263905526937974366e-03
1.047000000000000000e+04 2.505479379938222007e+00 8.297328551099139929e-03
1.050000000000000000e+04 2.505265687393678942e+00 8.191095479402539167e-03
1.053000000000000000e+04 2.505037901112880494e+00 8.218931115185105010e-03
1.056000000000000000e+04 2.505041378961826215e+00 8.316350227182266186e-03
1.059000000000000000e+04 2.505030466147351920e+00 8.278798338125293796e-03
1.062000000000000000e+04 2.504560731611803259e+00 8.248709845231129781e-03
1.065000000000000000e+04 2.504755597606797224e+00 8.374083688597201008e-03
1.068000000000000000e+04 2.505228634684748545e+00 8.302259229664352841e-03
1.071000000000000000e+04 2.505812010059717210e+00 8.205413929374986634e-03
1.074000000000000000e+04 2.505517950521578996e+00 8.150969144530735566e-03
1.077000000000000000e+04 2.505406166428041370e+00 8.059466347346822684e-03
1.080000000000000000e+04 2.504846616406520177e+00 8.083613794976803046e-03
1.083000000000000000e+04 2.504401229580737631e+00 8.124096806758117698e-03
1.086000000000000000e+04 2.505054663404154169e+00 8.146147823673715455e-03
1.089000000000000000e+04 2.504652692067933728e+00 8.033713166095147670e-03
1.092000000000000000e+04 2.504163079854710983e+00 7.999421553578002497e-03
1.095000000000000000e+04 2.504002770599924155e+00 8.057070091666241815e-03
1.098000000000000000e+04 2.504244399410446409e+00 8.015680272213934407e-03
1.101000000000000000e+04 2.504583309649341061e+00 7.951571423772292591e-03
1.104000000000000000e+04 2.505680292480913174e+00 7.941437045920133123e-03
1.107000000000000000e+04 2.505883980476351525e+00 7.946315068046480579e-03
1.110000000000000000e+04 2.505440793854798898e+00 7.892979010656357361e-03
1.113000000000000000e+04 2.505600132705581018e+00 7.849214514821128627e-03
1.116000000000000000e+04 2.506067768041607025e+00 7.846986695383889598e-03
1.119000000000000000e+04 2.506312724157376159e+00 7.902110830555610782e-03
1.122000000000000000e+04 2.507087268559526461e+00 7.879614681265191892e-03
1.125000000000000000e+04 2.507686631334303584e+00 7.885752404745366775e-03
1.128000000000000000e+04 2.508957775387563593e+00 7.833618148059081146e-03
1.131000000000000000e+04 2.508568741582314132e+00 7.722936922600149613e-03
1.134000000000000000e+04 2.508730721186517520e+00 7.879851554361241156e-03
1.137000000000000000e+04 2.507846918979101503e+00 7.824816465134677365e-03
1.140000000000000000e+04 2.507147282428974222e+00 7.749510661694475507e-03
1.143000000000000000e+04 2.506841680080248214e+00 7.821825071159095241e-03
1.146000000000000000e+04 2.505979982559748631e+00 7.832849186846692000e-03
1.149000000000000000e+04 2.505264220174326706e+00 7.780548815777957317e-03
1.152000000000000000e+04 2.505205405402171515e+00 7.774075456924676129e-03
1.155000000000000000e+04 2.505511658053334756e+00 7.755588150113307960e-03
1.158000000000000000e+04 2.504688669340496610e+00 7.757041864585516137e-03
1.161000000000000000e+04 2.505106452716156618e+00 7.770175770120799422e-03
1.164000000000000000e+04 2.505477215314694917e+00 7.712981404610622614e-03
1.167000000000000000e+04 2.505228400592028670e+00 7.742096639122697001e-03
1.170000000000000000e+04 2.505214121627696411e+00 7.695098473190416580e-03
1.173000000000000000e+04 2.504767028515164196e+00 7.691451669501306147e-03
1.176000000000000000e+04 2.504669176371716155e+00 7.608350669674214355e-03
1.179000000000000000e+04 2.504275698644629511e+00 7.604455421981196062e-03
1.182000000000000000e+04 2.505215927614751870e+00 7.557055855588144626e-03
1.185000000000000000e+04 2.505191611437918464e+00 7.582697488777587203e-03
1.188000000000000000e+04 2.504457115964279890e+00 7.451164343782097112e-03
1.191000000000000000e+04 2.504670486999188928e+00 7.475444829120722959e-03
1.194000000000000000e+04 2.504649377805745480e+00 7.493299266989327488e-03
1.197000000000000000e+04 2.504002379258366329e+00 7.371976714133637344e-03
1.200000000000000000e+04 2.503842446132999999e+00 7.418601884245647551e-03
1.203000000000000000e+04 2.503851990200199218e+00 7.389365769311104573e-03
1.206000000000000000e+04 2.504151802133167237e+00 7.319281288758363972e-03
1.209000000000000000e+04 2.504320562229639169e+00 7.226820526451647152e-03
1.212000000000000000e+04 2.504365865666292379e+00 7.179575593184962627e-03
1.215000000000000000e+04 2.504417467210086290e+00 7.044287053029213604e-03
1.218000000000000000e+04 2.504580759342933227e+00 7.035313907559876713e-03
1.221000000000000000e+04 2.504047293746617608e+00 7.026081142916401796e-03
1.224000000000000000e+04 2.504023440289857572e+00 7.005243554769329840e-03
1.227000000000000000e+04 2.503333549034262973e+00 6.994927360755355886e-03
1.230000000000000000e+04 2.503124969851391324e+00 6.988399664736796163e-03
1.233000000000000000e+04 2.503779446791143393e+00 6.892557573815156526e-03
1.236000000000000000e+04 2.503325171992329512e+00 6.944079677566486995e-03
1.239000000000000000e+04 2.503408928041447545e+00 7.013483277838725161e-03
1.242000000000000000e+04 2.503583947422706402e+00 7.030201976528514113e-03
1.245000000000000000e+04 2.503580203591721176e+00 6.979211148392693888e-03
1.248000000000000000e+04 2.502854985030350310e+00 6.940278792160568290e-03
1.251000000000000000e+04 2.503027142730318122e+00 7.057917057592707870e-03
1.254000000000000000e+04 2.502987019449219197e+00 6.948156392149358596e-03
1.257000000000000000e+04 2.503096053278412114e+00 6.955096412601649916e-03
1.260000000000000000e+04 2.502720228384637480e+00 6.979893905872181122e-03
1.263000000000000000e+04 2.502872954491786039e+00 7.017755092595408424e-03
1.266000000000000000e+04 2.502678397083916373e+00 7.116307888364386061e-03
1.269000000000000000e+04 2.502497120076034420e+00 7.237511084476693293e-03
1.272000000000000000e+04 2.503217107484907444e+00 7.148312239463600407e-03
1.275000000000000000e+04 2.503047618066910562e+00 7.145879094226457312e-03
1.278000000000000000e+04 2.503113693065279755e+00 7.046338526245481300e-03
1.281000000000000000e+04 2.503068551874946479e+00 7.028825522270945071e-03
1.284000000000000000e+04 2.503000017037849467e+00 6.993881324251852334e-03
1.287000000000000000e+04 2.503349784211563733e+00 6.943544400873264549e-03
1.290000000000000000e+04 2.503212630446502107e+00 6.950597349958124310e-03
1.293000000000000000e+04 2.503014002715690633e+00 6.969521816573670016e-03
1.296000000000000000e+04 2.503046112260453260e+00 6.972818995563785475e-03
1.299000000000000000e+04 2.503437300851583558e+00 7.029074387044951383e-03
1.302000000000000000e+04 2.503330820601619155e+00 7.030719499667802304e-03
1.305000000000000000e+04 2.503161215582124122e+00 7.022366643615358429e-03
1.308000000000000000e+04 2.503730648084794286e+00 6.971319426239985274e-03
1.311000000000000000e+04 2.503456017778046938e+00 6.920023529331889058e-03
1.314000000000000000e+04 2.503166758034057526e+00 6.989931837400837483e-03
1.317000000000000000e+04 2.503129278837885607e+00 6.988810691442556670e-03
1.320000000000000000e+04 2.503140294517543385e+00 6.949235210606244037e-03
1.323000000000000000e+04 2.503285832756586338e+00 6.965161055925958404e-03
1.326000000000000000e+04 2.503475047090052641e+00 6.898386182614586054e-03
1.329000000000000000e+04 2.503274939907466745e+00 6.805995340965221782e-03
1.332000000000000000e+04 2.502823505058375808e+00 6.791359356850433168e-03
1.335000000000000000e+04 2.503536595745380566e+00 6.743231138741424303e-03
1.338000000000000000e+04 2.503326176926447211e+00 6.793912208714491044e-03
1.341000000000000000e+04 2.503805096513999739e+00 6.706550219530499173e-03
1.344000000000000000e+04 2.503830953850876284e+00 6.608097183191052881e-03
1.347000000000000000e+04 2.503576576826544109e+00 6.607874618567007204e-03
1.350000000000000000e+04 2.503344039161531587e+00 6.498735298124671926e-03
1.353000000000000000e+04 2.503344301707212782e+00 6.459116969482806524e-03
1.356000000000000000e+04 2.503267357476204324e+00 6.401149428784173173e-03
1.359000000000000000e+04 2.503495097235809652e+00 6.401952775526432819e-03
1.362000000000000000e+04 2.503791562104267232e+00 6.459329145304881607e-03
1.365000000000000000e+04 2.503556525408959565e+00 6.382226967210296621e-03
1.368000000000000000e+04 2.503637987529811149e+00 6.330355261769733677e-03
1.371000000000000000e+04 2.503374378302235748e+00 6.408883783886262092e-03
1.374000000000000000e+04 2.503833274463086678e+00 6.362648661222895276e-03
1.377000000000000000e+04 2.503546948973694786e+00 6.337757035380631870e-03
1.380000000000000000e+04 2.503081858684292449e+00 6.313637582966181820e-03
1.383000000000000000e+04 2.502959028659333285e+00 6.223289402550498915e-03
1.386000000000000000e+04 2.502851777595186622e+00 6.194499677609958607e-03
1.389000000000000000e+04 2.503189643221489735e+00 6.250303392853005791e-03
1.392000000000000000e+04 2.503978104367921009e+00 6.243401968161975922e-03
1.395000000000000000e+04 2.503894199641936158e+00 6.271850970331966507e-03
1.398000000000000000e+04 2.504164068202853866e+00 6.230368587312689818e-03
1.401000000000000000e+04 2.503939639299026521e+00 6.218932775761818431e-03
1.404000000000000000e+04 2.504258611034585247e+00 6.185730834204093351e-03
1.407000000000000000e+04 2.504571855694098126e+00 6.262981255311776858e-03
1.410000000000000000e+04 2.504589809902580733e+00 6.282559801595777663e-03
1.413000000000000000e+04 2.504807132465461272e+00 6.275343129966706734e-03
1.416000000000000000e+04 2.504522196759570107e+00 6.132864370153545859e-03
1.419000000000000000e+04 2.504616216096662296e+00 6.154854218657845703e-03
1.422000000000000000e+04 2.504788387705962460e+00 6.125610902984500623e-03
1.425000000000000000e+04 2.505143335359920176e+00 6.104914795156303128e-03
1.428000000000000000e+04 2.505174712380108470e+00 6.183859525183534565e-03
1.431000000000000000e+04 2.504865486853174339e+00 6.164068268811585816e-03
1.434000000000000000e+04 2.504288213099981508e+00 6.254608539400295306e-03
1.437000000000000000e+04 2.504606668296005978e+00 6.220017460477608728e-03
1.440000000000000000e+04 2.504623537489953922e+00 6.207328157218375275e-03
1.443000000000000000e+04 2.504882055323082835e+00 6.158211974424577725e-03
1.446000000000000000e+04 2.505153852500425771e+00 6.087032597371061504e-03
1.449000000000000000e+04 2.504981809200447440e+00 6.024413559409858010e-03
1.452000000000000000e+04 2.504802233255029709e+00 6.004399751508939821e-03
1.455000000000000000e+04 2.505273047446088253e+00 6.037365903718914205e-03
1.458000000000000000e+04 2.504809664628830923e+00 6.072471500323734991e-03
1.461000000000000000e+04 2.505162456145994199e+00 6.156946603909364303e-03
1.464000000000000000e+04 2.504757383567174145e+00 6.044105426601640435e-03
1.467000000000000000e+04 2.505193546387482151e+00 6.044377880099479489e-03
1.470000000000000000e+04 2.504909929132070445e+00 6.013999495429114307e-03
1.473000000000000000e+04 2.505000488986019125e+00 6.083300324323669302e-03
1.476000000000000000e+04 2.504853156958656513e+00 6.061436572323491458e-03
1.479000000000000000e+04 2.504859530759361075e+00 6.128697088457151984e-03
1.482000000000000000e+04 2.505014207761901535e+00 6.110132107274321260e-03
1.485000000000000000e+04 2.504732492554960555e+00 6.074352446280210580e-03
1.488000000000000000e+04 2.505020911369177927e+00 6.048506557724330629e-03
1.491000000000000000e+04 2.505084704866699319e+00 6.123781543362947534e-03
1.494000000000000000e+04 2.505374557447173967e+00 6.118815295854103907e-03
1.497000000000000000e+04 2.505284163944393239e+00 6.163088599308664053e-03
1.500000000000000000e+04 2.505128061053244259e+00 6.065342487490936116e-03
