# # n, sigma
3.000000000000000000e+01 2.567392633308958061e+00 7.207895463624611199e-02
6.000000000000000000e+01 2.520485656785808271e+00 7.973792560389818262e-02
9.000000000000000000e+01 2.552546234079862142e+00 5.462100036556349902e-02
1.200000000000000000e+02 2.583551363043036453e+00 5.521997462469287188e-02
1.500000000000000000e+02 3.457823806759842800e+00 1.444924980046250196e-01
1.800000000000000000e+02 2.659260207483629124e+00 4.206537364549212121e-02
2.100000000000000000e+02 3.458589082999486752e+00 1.113264698714906548e-01
2.400000000000000000e+02 3.462043317823002120e+00 9.305287276524153162e-02
2.700000000000000000e+02 3.464596811905832130e+00 1.662254849789337185e-01
3.000000000000000000e+02 3.466792325073102532e+00 1.861664682419579275e-01
3.300000000000000000e+02 3.470125271914905607e+00 2.910744884591625059e-01
3.600000000000000000e+02 2.543465193311646555e+00 4.043920058795879430e-02
3.900000000000000000e+02 2.556299884881624518e+00 3.883729899378469269e-02
4.200000000000000000e+02 2.542586020102968192e+00 3.264315733949686715e-02
4.500000000000000000e+02 2.529398972565926496e+00 3.287973421115070877e-02
4.800000000000000000e+02 2.527555236331664013e+00 3.125762055138422979e-02
5.100000000000000000e+02 2.537282860207134672e+00 3.375270631861741755e-02
5.400000000000000000e+02 2.532123951275692786e+00 3.594745369746198821e-02
5.700000000000000000e+02 2.529891359587848942e+00 3.192038263372312668e-02
6.000000000000000000e+02 2.523727748928177306e+00 2.808368383407540414e-02
6.300000000000000000e+02 2.515549625341594542e+00 2.638700669048961445e-02
6.600000000000000000e+02 2.532221178855506238e+00 2.822066522219499052e-02
6.900000000000000000e+02 2.527310734694784955e+00 2.679594832238149996e-02
7.200000000000000000e+02 2.528050086353901715e+00 2.645155784958529502e-02
7.500000000000000000e+02 2.520222684510997624e+00 2.669860717109311110e-02
7.800000000000000000e+02 2.511988580082180178e+00 2.541327446824496322e-02
8.100000000000000000e+02 2.510390959264660271e+00 2.430816572278126156e-02
8.400000000000000000e+02 2.509037576078784859e+00 2.324248117665634120e-02
8.700000000000000000e+02 2.502682695607831409e+00 2.232594294601196461e-02
9.000000000000000000e+02 2.504789199036503433e+00 2.117707298518467507e-02
9.300000000000000000e+02 2.500911307558989716e+00 2.140358251809266338e-02
9.600000000000000000e+02 2.500221015160306148e+00 1.989777085646857874e-02
9.900000000000000000e+02 2.496392471550475278e+00 1.951645653969277111e-02
1.020000000000000000e+03 2.493323521448362001e+00 1.916051040839253372e-02
1.050000000000000000e+03 2.494074852894230254e+00 1.890637998847793239e-02
1.080000000000000000e+03 2.492783488749389598e+00 1.850823372027034577e-02
1.110000000000000000e+03 2.495708608980672150e+00 1.804106751785773330e-02
1.140000000000000000e+03 2.500848770789965148e+00 1.964722208765195405e-02
1.170000000000000000e+03 2.498006943174094108e+00 1.869810073981475335e-02
1.200000000000000000e+03 2.500220934525497540e+00 1.878228720890072825e-02
1.230000000000000000e+03 2.496400129844357885e+00 1.728720658224001949e-02
1.260000000000000000e+03 2.495167942012157081e+00 1.601850169889030770e-02
1.290000000000000000e+03 2.494114110967351028e+00 1.630293480633732139e-02
1.320000000000000000e+03 2.496444770290822124e+00 1.680316525442280759e-02
1.350000000000000000e+03 2.497827092827645146e+00 1.657218230732836889e-02
1.380000000000000000e+03 2.502758104772136782e+00 1.626638821760267514e-02
1.410000000000000000e+03 2.503317336937607163e+00 1.646869193693718120e-02
1.440000000000000000e+03 2.503029535738784617e+00 1.615109937429721684e-02
1.470000000000000000e+03 2.503245918181887131e+00 1.647806986637268337e-02
1.500000000000000000e+03 2.504494997642495502e+00 1.610358152697011561e-02
1.530000000000000000e+03 2.505773618537402214e+00 1.635950772520633478e-02
1.560000000000000000e+03 2.503405847359452707e+00 1.707095630230598057e-02
1.590000000000000000e+03 2.501281789986643744e+00 1.695227639090976512e-02
1.620000000000000000e+03 2.500881236465880786e+00 1.660107552280037924e-02
1.650000000000000000e+03 2.504218127735801325e+00 1.699107311633888534e-02
1.680000000000000000e+03 2.502864264921412119e+00 1.635529386968185422e-02
1.710000000000000000e+03 2.503506194671907270e+00 1.689609974200535769e-02
1.740000000000000000e+03 2.502361520704789122e+00 1.677811053235861091e-02
1.770000000000000000e+03 2.506516371472317317e+00 1.631432597228230780e-02
1.800000000000000000e+03 2.509822138464495200e+00 1.675351380036358903e-02
1.830000000000000000e+03 2.509618178941580791e+00 1.636646846021112822e-02
1.860000000000000000e+03 2.507030663254028457e+00 1.575479200805424487e-02
1.890000000000000000e+03 2.508730770431216062e+00 1.456349648095773414e-02
1.920000000000000000e+03 2.510508873837586030e+00 1.450410755053609980e-02
1.950000000000000000e+03 2.507487011887736816e+00 1.490419302685904064e-02
1.980000000000000000e+03 2.505022299438611544e+00 1.497138980841319737e-02
2.010000000000000000e+03 2.507244927034807613e+00 1.444507839294352849e-02
2.040000000000000000e+03 2.505346763178396774e+00 1.479109974919618625e-02
2.070000000000000000e+03 2.505082327264827491e+00 1.491873331323690863e-02
2.100000000000000000e+03 2.507506670011996341e+00 1.415585807811517959e-02
2.130000000000000000e+03 2.506619327177102452e+00 1.414886860069161645e-02
2.160000000000000000e+03 2.505794529233716705e+00 1.371021520194175801e-02
2.190000000000000000e+03 2.506364688391781836e+00 1.423872081965756216e-02
2.220000000000000000e+03 2.508809001072030309e+00 1.428119311373579267e-02
2.250000000000000000e+03 2.507879525631365070e+00 1.471755401290893855e-02
2.280000000000000000e+03 2.506812391779062121e+00 1.443815865648282078e-02
2.310000000000000000e+03 2.508022033942566953e+00 1.427523557625351609e-02
2.340000000000000000e+03 2.506068045158929003e+00 1.410626596529746153e-02
2.370000000000000000e+03 2.506124110822393281e+00 1.384308493629483883e-02
2.400000000000000000e+03 2.508144055341098522e+00 1.409964802078392428e-02
2.430000000000000000e+03 2.509299989811517584e+00 1.370989901281715814e-02
2.460000000000000000e+03 2.508931202298922969e+00 1.374877574507449643e-02
2.490000000000000000e+03 2.510219135046852568e+00 1.347249714399899496e-02
2.520000000000000000e+03 2.509276773239017544e+00 1.352420381336173934e-02
2.550000000000000000e+03 2.508922750033176996e+00 1.356419721663825947e-02
2.580000000000000000e+03 2.508581533457908463e+00 1.365271167088505204e-02
2.610000000000000000e+03 2.507808641729357024e+00 1.313008549743651526e-02
2.640000000000000000e+03 2.510374865626093577e+00 1.295392073313757914e-02
2.670000000000000000e+03 2.508283611485893960e+00 1.280966620327424546e-02
2.700000000000000000e+03 2.507912803427673865e+00 1.222213508988035519e-02
2.730000000000000000e+03 2.507385544439971525e+00 1.214682513957679455e-02
2.760000000000000000e+03 2.508801397244780684e+00 1.245916102103118532e-02
2.790000000000000000e+03 2.509186138711176906e+00 1.266642119393963234e-02
2.820000000000000000e+03 2.506685164773124530e+00 1.279728852712377907e-02
2.850000000000000000e+03 2.507725792104959606e+00 1.267066104753688215e-02
2.880000000000000000e+03 2.505837401122407826e+00 1.267223192881461458e-02
2.910000000000000000e+03 2.505917604129903609e+00 1.250967313226208043e-02
2.940000000000000000e+03 2.505189320709956924e+00 1.273563816944948447e-02
2.970000000000000000e+03 2.505860763356752230e+00 1.292767914385049149e-02
3.000000000000000000e+03 2.506735002558744707e+00 1.281115367631825708e-02
3.030000000000000000e+03 2.506048794685503012e+00 1.271145152308337037e-02
3.060000000000000000e+03 2.505465058668359113e+00 1.240066314157379883e-02
3.090000000000000000e+03 2.507413929235273287e+00 1.213006187062995976e-02
3.120000000000000000e+03 2.506145956092266314e+00 1.236283628775015041e-02
3.150000000000000000e+03 2.505927544289954678e+00 1.239610483353267845e-02
3.180000000000000000e+03 2.508231326191165067e+00 1.182908191211140894e-02
3.210000000000000000e+03 2.508389592028069881e+00 1.167620615656043623e-02
3.240000000000000000e+03 2.508624928314526326e+00 1.171468137214277429e-02
3.270000000000000000e+03 2.508394683330842589e+00 1.143663151821613586e-02
3.300000000000000000e+03 2.507246314376965213e+00 1.135316990788872230e-02
3.330000000000000000e+03 2.506758548919092444e+00 1.161804778765041825e-02
3.360000000000000000e+03 2.508235205949144397e+00 1.196980842251912404e-02
3.390000000000000000e+03 2.508155143719975388e+00 1.182620992462529892e-02
3.420000000000000000e+03 2.507445674608205000e+00 1.198054696880129603e-02
3.450000000000000000e+03 2.508549258258354619e+00 1.206785989218822804e-02
3.480000000000000000e+03 2.507880270609910589e+00 1.183102411807274157e-02
3.510000000000000000e+03 2.509125082514546357e+00 1.169986620292510875e-02
3.540000000000000000e+03 2.507451661005522858e+00 1.164003073347220571e-02
3.570000000000000000e+03 2.509093602341923468e+00 1.224587761647223140e-02
3.600000000000000000e+03 2.510006391310994900e+00 1.212763903559227127e-02
3.630000000000000000e+03 2.509617862091686025e+00 1.206680135152177202e-02
3.660000000000000000e+03 2.511683542539450364e+00 1.225115546855917205e-02
3.690000000000000000e+03 2.510724466320993109e+00 1.186499441815136273e-02
3.720000000000000000e+03 2.509872952122850442e+00 1.154126897774622809e-02
3.750000000000000000e+03 2.510167544157772657e+00 1.121389577785376207e-02
3.780000000000000000e+03 2.509341357890582991e+00 1.128940887217957760e-02
3.810000000000000000e+03 2.510174765760988524e+00 1.126680628917122937e-02
3.840000000000000000e+03 2.511511266963681432e+00 1.119919952137849936e-02
3.870000000000000000e+03 2.512852495067968484e+00 1.134118831483430130e-02
3.900000000000000000e+03 2.515472502846732628e+00 1.143069309517267054e-02
3.930000000000000000e+03 2.514389738958146658e+00 1.138413399374835731e-02
3.960000000000000000e+03 2.514540161498608484e+00 1.179111074465966774e-02
3.990000000000000000e+03 2.513528909544744394e+00 1.177312155311305980e-02
4.020000000000000000e+03 2.512370522513494908e+00 1.168929677709939358e-02
4.050000000000000000e+03 2.511263350317504361e+00 1.170874149298821790e-02
4.080000000000000000e+03 2.510081796317996439e+00 1.196126972300642390e-02
4.110000000000000000e+03 2.509844738488216986e+00 1.184630178314161238e-02
4.140000000000000000e+03 2.509678180194015784e+00 1.187397408705044566e-02
4.170000000000000000e+03 2.509833170986969453e+00 1.189986859738727601e-02
4.200000000000000000e+03 2.508247071614191803e+00 1.188886065738191909e-02
4.230000000000000000e+03 2.507554783796220654e+00 1.173482148633459878e-02
4.260000000000000000e+03 2.508862169342096937e+00 1.154167303883842609e-02
4.290000000000000000e+03 2.509790079985266598e+00 1.180906387330253951e-02
4.320000000000000000e+03 2.510214636076880002e+00 1.158622707382768978e-02
4.350000000000000000e+03 2.508778380787010320e+00 1.183224021303648163e-02
4.380000000000000000e+03 2.507853626799473989e+00 1.156261344027369013e-02
4.410000000000000000e+03 2.507630258542150603e+00 1.132992731436469752e-02
4.440000000000000000e+03 2.508160031222135267e+00 1.151032617903892386e-02
4.470000000000000000e+03 2.507268049114893760e+00 1.153660984709534848e-02
4.500000000000000000e+03 2.507167634222203123e+00 1.155383033556288234e-02
4.530000000000000000e+03 2.508417958982862128e+00 1.165368931903139858e-02
4.560000000000000000e+03 2.508363378408998035e+00 1.148486414308840138e-02
4.590000000000000000e+03 2.508681269999122332e+00 1.151642976589585012e-02
4.620000000000000000e+03 2.510279857507927037e+00 1.141342317816685867e-02
4.650000000000000000e+03 2.508433670377733460e+00 1.107369940180526376e-02
4.680000000000000000e+03 2.507258907470869325e+00 1.108172927386423708e-02
4.710000000000000000e+03 2.507065030660437177e+00 1.090727549877949093e-02
4.740000000000000000e+03 2.508626836659836545e+00 1.084849221299166722e-02
4.770000000000000000e+03 2.509303614547678141e+00 1.096446440521867648e-02
4.800000000000000000e+03 2.509597028342675618e+00 1.081928156734778164e-02
4.830000000000000000e+03 2.511657560893389984e+00 1.081459988802823541e-02
4.860000000000000000e+03 2.511778222370205871e+00 1.091553579824766293e-02
4.890000000000000000e+03 2.511446757586866863e+00 1.089946219548667411e-02
4.920000000000000000e+03 2.511022799747144152e+00 1.088848401814228838e-02
4.950000000000000000e+03 2.511381276027000009e+00 1.073480079532782711e-02
4.980000000000000000e+03 2.510768945355032145e+00 1.071126387761825449e-02
5.010000000000000000e+03 2.510727332327372441e+00 1.067645189904013921e-02
5.040000000000000000e+03 2.508927846490134339e+00 1.075606922074079028e-02
5.070000000000000000e+03 2.507517803499444309e+00 1.077205284991003195e-02
5.100000000000000000e+03 2.507971216971716100e+00 1.057514267049761494e-02
5.130000000000000000e+03 2.507180226058159267e+00 1.049353896005206059e-02
5.160000000000000000e+03 2.507704452071044532e+00 1.037433780565435483e-02
5.190000000000000000e+03 2.507569049954413654e+00 1.024983875443651916e-02
5.220000000000000000e+03 2.507533828719647584e+00 1.030159359679637052e-02
5.250000000000000000e+03 2.507981175232929072e+00 1.048673099642141900e-02
5.280000000000000000e+03 2.508690297047071915e+00 1.048610758431926977e-02
5.310000000000000000e+03 2.509813404024805017e+00 1.038021573282550507e-02
5.340000000000000000e+03 2.509682621946684122e+00 1.028385363332747285e-02
5.370000000000000000e+03 2.509002239434814818e+00 1.028544963587773101e-02
5.400000000000000000e+03 2.508846354852746874e+00 1.027346003717143422e-02
5.430000000000000000e+03 2.508505730810290046e+00 1.011514942725121394e-02
5.460000000000000000e+03 2.507383626761082951e+00 1.005760722803443127e-02
5.490000000000000000e+03 2.506834430616073472e+00 1.001420520637806913e-02
5.520000000000000000e+03 2.505405659514245098e+00 9.742699443364163589e-03
5.550000000000000000e+03 2.505897571010751168e+00 9.745381340036387077e-03
5.580000000000000000e+03 2.505420250991118980e+00 9.511599583129840343e-03
5.610000000000000000e+03 2.504606969383916582e+00 9.448494818016262356e-03
5.640000000000000000e+03 2.503877751052875578e+00 9.246795398528795396e-03
5.670000000000000000e+03 2.501930643844169744e+00 9.152259733017666793e-03
5.700000000000000000e+03 2.501913638438930221e+00 9.339824529822998017e-03
5.730000000000000000e+03 2.500651524396640735e+00 9.293832327419815353e-03
5.760000000000000000e+03 2.501104490791099533e+00 9.245039323907531040e-03
5.790000000000000000e+03 2.500718954464402621e+00 9.206513779033732858e-03
5.820000000000000000e+03 2.499032970589820213e+00 9.492006561480838267e-03
5.850000000000000000e+03 2.499276883031965379e+00 9.596875450092462803e-03
5.880000000000000000e+03 2.499261289719516554e+00 9.467275213952030394e-03
5.910000000000000000e+03 2.499462783512574671e+00 9.393736977216397832e-03
5.940000000000000000e+03 2.499161454668037852e+00 9.003911281360594404e-03
5.970000000000000000e+03 2.498677125862117876e+00 8.950104316002946425e-03
6.000000000000000000e+03 2.498828487484491490e+00 8.959262271655695289e-03
6.030000000000000000e+03 2.499373833584878302e+00 8.860927507553687660e-03
6.060000000000000000e+03 2.498173475230663243e+00 8.891617196855491206e-03
6.090000000000000000e+03 2.499576444128350339e+00 8.949770353592340424e-03
6.120000000000000000e+03 2.500723068502931579e+00 9.073020359761194142e-03
6.150000000000000000e+03 2.501591973638217059e+00 9.097082274409269004e-03
6.180000000000000000e+03 2.500482507865715576e+00 9.121989859814452761e-03
6.210000000000000000e+03 2.500329728497997284e+00 9.229152003799156317e-03
6.240000000000000000e+03 2.501182382318312136e+00 9.245672397766781236e-03
6.270000000000000000e+03 2.501604628364716643e+00 9.189766231909701766e-03
6.300000000000000000e+03 2.501159041288798068e+00 9.049086811277973208e-03
6.330000000000000000e+03 2.500784251386000800e+00 8.935258369407240650e-03
6.360000000000000000e+03 2.500767363694482270e+00 9.056262030916219924e-03
6.390000000000000000e+03 2.500613972181429112e+00 9.095539802187344036e-03
6.420000000000000000e+03 2.501088572333203697e+00 9.054057825554040831e-03
6.450000000000000000e+03 2.501170955221458936e+00 9.106158156512517837e-03
6.480000000000000000e+03 2.501057984778313426e+00 9.120012227222714860e-03
6.510000000000000000e+03 2.501444130623834639e+00 9.014129278854270469e-03
6.540000000000000000e+03 2.501994114672025926e+00 9.026608459275073035e-03
6.570000000000000000e+03 2.501827538303643461e+00 9.045360733154537633e-03
6.600000000000000000e+03 2.501458812548709609e+00 9.006136495952445434e-03
6.630000000000000000e+03 2.501909855794774540e+00 9.025759053249628183e-03
6.660000000000000000e+03 2.502511567516738200e+00 9.186245916974726186e-03
6.690000000000000000e+03 2.503256485418494659e+00 9.306138847614204776e-03
6.720000000000000000e+03 2.502705581010916447e+00 9.446138077706682859e-03
6.750000000000000000e+03 2.502345242501809786e+00 9.228373817717022351e-03
6.780000000000000000e+03 2.502583474308435640e+00 9.394030461577631413e-03
6.810000000000000000e+03 2.503063313975366633e+00 9.281060150230486736e-03
6.840000000000000000e+03 2.502654754669087378e+00 9.288588183438167833e-03
6.870000000000000000e+03 2.501900286803432572e+00 9.270383134419607485e-03
6.900000000000000000e+03 2.502918288439601735e+00 9.278135869436527836e-03
6.930000000000000000e+03 2.502527271994117619e+00 9.229900263227393958e-03
6.960000000000000000e+03 2.501921852667290391e+00 9.168342451981240093e-03
6.990000000000000000e+03 2.502326801744032991e+00 9.173246578736785409e-03
7.020000000000000000e+03 2.502744325320549024e+00 9.175001851669030775e-03
7.050000000000000000e+03 2.503263068256643464e+00 9.243890011904230472e-03
7.080000000000000000e+03 2.502362786652115645e+00 9.214752666139259737e-03
7.110000000000000000e+03 2.501758231374270114e+00 9.136773083723834232e-03
7.140000000000000000e+03 2.502259523660644192e+00 9.101396472515182676e-03
7.170000000000000000e+03 2.502471026688573463e+00 9.257230246334008719e-03
7.200000000000000000e+03 2.502497815487342514e+00 9.438208709616266803e-03
7.230000000000000000e+03 2.502570253707267156e+00 9.376185951539635702e-03
7.260000000000000000e+03 2.503285135302593112e+00 9.554098949740236560e-03
7.290000000000000000e+03 2.503650526180801084e+00 9.381356570740288781e-03
7.320000000000000000e+03 2.502775334646691441e+00 9.356370680588430369e-03
7.350000000000000000e+03 2.502656882905320401e+00 9.250369264010033926e-03
7.380000000000000000e+03 2.502894793292252285e+00 9.098276284115722895e-03
7.410000000000000000e+03 2.501971749634007924e+00 9.061410384200477633e-03
7.440000000000000000e+03 2.501223027369466667e+00 9.214512814611618835e-03
7.470000000000000000e+03 2.501465196291806858e+00 9.213614001038199219e-03
7.500000000000000000e+03 2.501945008987337182e+00 9.318191202996239583e-03
7.530000000000000000e+03 2.501570760436304663e+00 9.332030883369247382e-03
7.560000000000000000e+03 2.501053893925840210e+00 9.439573416119069471e-03
7.590000000000000000e+03 2.501590000118131041e+00 9.442134371170442936e-03
7.620000000000000000e+03 2.501350646484393536e+00 9.388120191447550320e-03
7.650000000000000000e+03 2.500816855906745850e+00 9.423948836203547078e-03
7.680000000000000000e+03 2.500551487424314878e+00 9.424989993558507972e-03
7.710000000000000000e+03 2.499338819113470667e+00 9.348201828734621285e-03
7.740000000000000000e+03 2.499523792910137487e+00 9.461744559134161944e-03
7.770000000000000000e+03 2.499898870091363356e+00 9.426359694290979349e-03
7.800000000000000000e+03 2.499371430263532812e+00 9.427986386871933105e-03
7.830000000000000000e+03 2.498446521998746395e+00 9.459637876760835715e-03
7.860000000000000000e+03 2.498049275590573881e+00 9.472313296582357198e-03
7.890000000000000000e+03 2.498159805959842217e+00 9.413456243505851501e-03
7.920000000000000000e+03 2.498080783217658141e+00 9.409437050508515435e-03
7.950000000000000000e+03 2.498594215248273631e+00 9.433962731018340209e-03
7.980000000000000000e+03 2.498341143614223547e+00 9.346850750510105749e-03
8.010000000000000000e+03 2.497335514645721233e+00 9.158821183493632764e-03
8.040000000000000000e+03 2.496875314030372550e+00 8.980637016180684912e-03
8.070000000000000000e+03 2.496921733055977644e+00 8.864283648743689556e-03
8.100000000000000000e+03 2.497216728224334936e+00 8.639555363844359306e-03
8.130000000000000000e+03 2.497235485985925596e+00 8.726485324517429393e-03
8.160000000000000000e+03 2.497087141406565181e+00 8.732713694795278189e-03
8.190000000000000000e+03 2.496989444931215552e+00 8.629732480154587299e-03
8.220000000000000000e+03 2.496597097009730870e+00 8.567848892264088440e-03
8.250000000000000000e+03 2.497009573036583774e+00 8.588813426475949003e-03
8.280000000000000000e+03 2.496966878638188003e+00 8.549526298603981819e-03
8.310000000000000000e+03 2.497542712737573556e+00 8.654490663715290119e-03
8.340000000000000000e+03 2.497477386373797348e+00 8.435752800625256551e-03
8.370000000000000000e+03 2.498109749774031219e+00 8.428097163999835259e-03
8.400000000000000000e+03 2.497492887481094215e+00 8.392704884585896682e-03
8.430000000000000000e+03 2.497689889797431118e+00 8.399983438479247458e-03
8.460000000000000000e+03 2.497562748013867573e+00 8.379087647731753991e-03
8.490000000000000000e+03 2.497815699141258339e+00 8.572445733108403562e-03
8.520000000000000000e+03 2.498766578816831618e+00 8.587819729955908227e-03
8.550000000000000000e+03 2.498875196265228471e+00 8.550797206732163244e-03
8.580000000000000000e+03 2.498815185871911648e+00 8.547076045797380450e-03
8.610000000000000000e+03 2.498771170004418174e+00 8.462808033037619998e-03
8.640000000000000000e+03 2.499380567246194396e+00 8.563854869930241642e-03
8.670000000000000000e+03 2.499495186737038743e+00 8.557293038306837407e-03
8.700000000000000000e+03 2.500066248189169116e+00 8.431317430796914439e-03
8.730000000000000000e+03 2.500060535228118219e+00 8.365002202530728154e-03
8.760000000000000000e+03 2.500511652407882313e+00 8.419947656730982638e-03
8.790000000000000000e+03 2.500474296790325290e+00 8.403590296136341856e-03
8.820000000000000000e+03 2.499962600697886117e+00 8.476642062481949680e-03
8.850000000000000000e+03 2.500488677450796171e+00 8.533318354485525808e-03
8.880000000000000000e+03 2.500662925959607819e+00 8.425157612325193113e-03
8.910000000000000000e+03 2.500374694271803033e+00 8.507653766567171288e-03
8.940000000000000000e+03 2.500230512323527332e+00 8.454907802462654706e-03
8.970000000000000000e+03 2.500393366951795482e+00 8.330238997149739741e-03
9.000000000000000000e+03 2.500546948280771176e+00 8.498443400420656324e-03
9.030000000000000000e+03 2.500891154482166812e+00 8.545350605679909173e-03
9.060000000000000000e+03 2.500195726437075550e+00 8.501265019819948671e-03
9.090000000000000000e+03 2.499610283235754071e+00 8.448404825200187332e-03
9.120000000000000000e+03 2.499960940718024549e+00 8.433948572415694844e-03
9.150000000000000000e+03 2.500276557535119792e+00 8.356566835708244961e-03
9.180000000000000000e+03 2.500353514345567962e+00 8.307267867594364530e-03
9.210000000000000000e+03 2.500885472691851685e+00 8.331138623983137814e-03
9.240000000000000000e+03 2.500992592595860931e+00 8.356033326908599707e-03
9.270000000000000000e+03 2.501011423838854331e+00 8.388403688759413224e-03
9.300000000000000000e+03 2.501379769514409546e+00 8.428071263621604234e-03
9.330000000000000000e+03 2.500862349610250668e+00 8.325670961052685642e-03
9.360000000000000000e+03 2.500766258824078658e+00 8.173619371128457850e-03
9.390000000000000000e+03 2.500947380039538981e+00 8.162248576404006542e-03
9.420000000000000000e+03 2.500773034883324364e+00 8.228338172572454562e-03
9.450000000000000000e+03 2.500806087873548300e+00 8.305157095410397108e-03
9.480000000000000000e+03 2.499933810920442756e+00 8.388067305772168789e-03
9.510000000000000000e+03 2.499811706474294848e+00 8.535466192454380790e-03
9.540000000000000000e+03 2.499275854440321964e+00 8.383580374118003789e-03
9.570000000000000000e+03 2.499566548524218224e+00 8.293113783415236723e-03
9.600000000000000000e+03 2.499320872753289624e+00 8.228826797799591863e-03
9.630000000000000000e+03 2.499519878449338872e+00 8.207572756687497167e-03
9.660000000000000000e+03 2.499895022730700855e+00 8.071847829491890156e-03
9.690000000000000000e+03 2.499854390259070414e+00 8.137652739892973705e-03
9.720000000000000000e+03 2.500316326126195587e+00 8.250768848361339849e-03
9.750000000000000000e+03 2.499808315089131483e+00 8.347532937029325181e-03
9.780000000000000000e+03 2.499326766103054265e+00 8.328514076917394732e-03
9.810000000000000000e+03 2.499149229782748005e+00 8.337242818036390279e-03
9.840000000000000000e+03 2.498928454657528331e+00 8.419722196650214485e-03
9.870000000000000000e+03 2.498484602103546948e+00 8.359551826241434433e-03
9.900000000000000000e+03 2.497639633312256358e+00 8.300528194830278372e-03
9.930000000000000000e+03 2.498008218534001124e+00 8.252893526115613609e-03
9.960000000000000000e+03 2.497709144576828688e+00 8.162018995938930335e-03
9.990000000000000000e+03 2.498070400366180888e+00 8.090039181520698036e-03
1.002000000000000000e+04 2.498169886843629950e+00 8.071932878855858293e-03
1.005000000000000000e+04 2.498146862680821645e+00 8.038581659408671268e-03
1.008000000000000000e+04 2.497648211975707522e+00 7.980086735245811233e-03
1.011000000000000000e+04 2.497801083367324093e+00 8.026860904781416700e-03
1.014000000000000000e+04 2.497623583596416452e+00 7.905764245935245280e-03
1.017000000000000000e+04 2.497890852757225666e+00 7.956330307958560735e-03
1.020000000000000000e+04 2.497466496749989329e+00 8.011251935964873797e-03
1.023000000000000000e+04 2.497735483314708294e+00 8.070850019135140593e-03
1.026000000000000000e+04 2.497732864008019416e+00 8.122175349511378747e-03
1.029000000000000000e+04 2.497460571104062943e+00 8.065833617465708455e-03
1.032000000000000000e+04 2.497214752529117732e+00 7.994533575706546519e-03
1.035000000000000000e+04 2.497291938407097067e+00 7.986433517337753613e-03
1.038000000000000000e+04 2.496635685956782424e+00 7.845252953428433901e-03
1.041000000000000000e+04 2.496448068973482926e+00 8.029530174167605686e-03
1.044000000000000000e+04 2.496597408366947324e+00 8.122910595749998491e-03
1.047000000000000000e+04 2.496664401014776491e+00 8.213853188581593176e-03
1.050000000000000000e+04 2.497099160053498412e+00 8.126713035613897934e-03
1.053000000000000000e+04 2.497119241580221694e+00 8.002903433937731681e-03
1.056000000000000000e+04 2.496954279266872412e+00 7.981459924973960049e-03
1.059000000000000000e+04 2.497242069186856650e+00 7.972509819928546085e-03
1.062000000000000000e+04 2.497571142956736434e+00 8.014921105310775229e-03
1.065000000000000000e+04 2.498028189173649771e+00 8.116430669503254050e-03
1.068000000000000000e+04 2.498774181651824300e+00 8.178883870953886776e-03
1.071000000000000000e+04 2.498880164783181090e+00 8.149370146138538301e-03
1.074000000000000000e+04 2.498902451744993591e+00 8.264134224691363842e-03
1.077000000000000000e+04 2.498932965600904055e+00 8.303362162115414738e-03
1.080000000000000000e+04 2.499504366380230547e+00 8.369333468673922222e-03
1.083000000000000000e+04 2.499669378831943511e+00 8.414242777974688739e-03
1.086000000000000000e+04 2.499890830435272715e+00 8.319925526167301286e-03
1.089000000000000000e+04 2.500357187327818753e+00 8.333257326503756487e-03
1.092000000000000000e+04 2.500647761157974269e+00 8.258814136860121932e-03
1.095000000000000000e+04 2.500583735378422379e+00 8.257607668669175727e-03
1.098000000000000000e+04 2.500624635563010401e+00 8.298826040657288766e-03
1.101000000000000000e+04 2.500742733972433740e+00 8.334945418286823435e-03
1.104000000000000000e+04 2.500265476995480185e+00 8.206104818704236872e-03
1.107000000000000000e+04 2.500575057896718967e+00 8.016214218170399086e-03
1.110000000000000000e+04 2.500797819391233912e+00 8.035706367112638998e-03
1.113000000000000000e+04 2.501070246663882113e+00 8.208591477188137420e-03
1.116000000000000000e+04 2.501428224530291899e+00 8.240904225338453043e-03
1.119000000000000000e+04 2.501350376967480305e+00 8.192517664270289671e-03
1.122000000000000000e+04 2.501962285016898324e+00 8.108100876455604303e-03
1.125000000000000000e+04 2.501819883142713863e+00 8.113981122240945809e-03
1.128000000000000000e+04 2.501671564328285413e+00 8.199159148976946365e-03
1.131000000000000000e+04 2.502020892468197033e+00 8.275228767536103175e-03
1.134000000000000000e+04 2.502323266400352964e+00 8.240149943062135759e-03
1.137000000000000000e+04 2.501907539182143481e+00 8.188184156186554402e-03
1.140000000000000000e+04 2.502501604500062538e+00 8.158068699192893777e-03
1.143000000000000000e+04 2.502037753719451363e+00 8.242612848894581221e-03
1.146000000000000000e+04 2.502278444715495986e+00 8.270985842653646308e-03
1.149000000000000000e+04 2.502188142520880731e+00 8.248626894909329155e-03
1.152000000000000000e+04 2.502203468609248471e+00 8.227920871991084920e-03
1.155000000000000000e+04 2.502568845850374757e+00 8.200899386619029535e-03
1.158000000000000000e+04 2.502779412485234278e+00 8.270115626431252115e-03
1.161000000000000000e+04 2.503118136559737472e+00 8.222250934167774777e-03
1.164000000000000000e+04 2.502695725350309264e+00 8.176851309258078085e-03
1.167000000000000000e+04 2.502873241665255932e+00 8.191943786945429101e-03
1.170000000000000000e+04 2.502619059332228613e+00 8.199274444914248991e-03
1.173000000000000000e+04 2.502359612814121448e+00 8.067276439595068641e-03
1.176000000000000000e+04 2.502710096797543748e+00 8.132908506995949888e-03
1.179000000000000000e+04 2.502974136476307621e+00 8.115679006957695479e-03
1.182000000000000000e+04 2.502904427348926042e+00 8.068085481089094790e-03
1.185000000000000000e+04 2.502550953724091976e+00 7.962593064027431375e-03
1.188000000000000000e+04 2.502308381479758648e+00 7.903870370916790677e-03
1.191000000000000000e+04 2.502200832914170281e+00 7.882965319595449522e-03
1.194000000000000000e+04 2.502317281993287956e+00 7.822719885536481496e-03
1.197000000000000000e+04 2.502544896041821065e+00 7.804808302262191723e-03
1.200000000000000000e+04 2.502740404287864706e+00 7.777301917655926426e-03
1.203000000000000000e+04 2.502866601099573263e+00 7.789488354554693558e-03
1.206000000000000000e+04 2.502656628406210615e+00 7.726141669487575359e-03
1.209000000000000000e+04 2.502935372339405440e+00 7.833459687795267870e-03
1.212000000000000000e+04 2.502491745410646118e+00 7.858978075238208863e-03
1.215000000000000000e+04 2.503072304340848930e+00 7.769595941881422482e-03
1.218000000000000000e+04 2.503299134249133306e+00 7.836963202848132998e-03
1.221000000000000000e+04 2.503185952460993846e+00 7.818675061574544699e-03
1.224000000000000000e+04 2.503349124069083054e+00 7.819062382804052233e-03
1.227000000000000000e+04 2.503107154880193530e+00 7.721584843908487449e-03
1.230000000000000000e+04 2.502923841351966772e+00 7.732315851694564722e-03
1.233000000000000000e+04 2.503299677432777592e+00 7.774175815874665926e-03
1.236000000000000000e+04 2.503154170568690606e+00 7.817166231508118623e-03
1.239000000000000000e+04 2.503259625337098893e+00 7.743793287362434746e-03
1.242000000000000000e+04 2.503269781354221735e+00 7.751682611305207166e-03
1.245000000000000000e+04 2.503641705199005418e+00 7.646535533242897198e-03
1.248000000000000000e+04 2.503872854198372355e+00 7.561771453990718400e-03
1.251000000000000000e+04 2.503878897377763479e+00 7.528758986161212564e-03
1.254000000000000000e+04 2.504260497971796173e+00 7.526513324131486708e-03
1.257000000000000000e+04 2.504292290448022928e+00 7.630631305423669561e-03
1.260000000000000000e+04 2.504477358205330795e+00 7.632058888545954420e-03
1.263000000000000000e+04 2.504431058689474909e+00 7.547266210565372821e-03
1.266000000000000000e+04 2.504993333679402578e+00 7.551363608423533082e-03
1.269000000000000000e+04 2.504613443238778547e+00 7.724860865287153620e-03
1.272000000000000000e+04 2.504497012867450412e+00 7.633996705666480642e-03
1.275000000000000000e+04 2.504588110317419680e+00 7.545005397014152917e-03
1.278000000000000000e+04 2.504514923981935759e+00 7.547451957412827130e-03
1.281000000000000000e+04 2.504660323384923171e+00 7.583800388591140952e-03
1.284000000000000000e+04 2.504404273227190281e+00 7.504536552715049963e-03
1.287000000000000000e+04 2.504360405100555020e+00 7.436397084680928041e-03
1.290000000000000000e+04 2.503927664023901656e+00 7.400857435817481331e-03
1.293000000000000000e+04 2.503587437866508392e+00 7.368485726348921253e-03
1.296000000000000000e+04 2.503437779650771411e+00 7.264416282179586223e-03
1.299000000000000000e+04 2.503339287725359519e+00 7.300719851127070517e-03
1.302000000000000000e+04 2.503377797519974024e+00 7.353538597189357602e-03
1.305000000000000000e+04 2.502963104564712271e+00 7.318247509318857001e-03
1.308000000000000000e+04 2.503124699057955649e+00 7.402990288533793997e-03
1.311000000000000000e+04 2.503118307380307606e+00 7.408092513058234588e-03
1.314000000000000000e+04 2.503638423688415049e+00 7.454677665137709498e-03
1.317000000000000000e+04 2.503929554836979765e+00 7.435026636196766237e-03
1.320000000000000000e+04 2.503997561216840140e+00 7.379700616022531051e-03
1.323000000000000000e+04 2.504100148197464293e+00 7.391213257875776932e-03
1.326000000000000000e+04 2.503769294772110410e+00 7.467634958952173649e-03
1.329000000000000000e+04 2.503829006564608939e+00 7.419404411731363516e-03
1.332000000000000000e+04 2.503898356732073616e+00 7.415046666939979596e-03
1.335000000000000000e+04 2.503914524157820676e+00 7.358049204637346317e-03
1.338000000000000000e+04 2.503780951583154835e+00 7.327759773015918299e-03
1.341000000000000000e+04 2.503244799848058033e+00 7.250931705351436503e-03
1.344000000000000000e+04 2.503647132533437514e+00 7.162871343248953908e-03
1.347000000000000000e+04 2.503660460943192057e+00 7.194062722654159803e-03
1.350000000000000000e+04 2.503358935833248644e+00 7.163782611485486861e-03
1.353000000000000000e+04 2.502468767289513174e+00 7.120440029617657735e-03
1.356000000000000000e+04 2.502547460309551663e+00 7.043843871627959198e-03
1.359000000000000000e+04 2.502717642306842016e+00 7.022991314907681658e-03
1.362000000000000000e+04 2.502718415768662830e+00 6.964379492081262599e-03
1.365000000000000000e+04 2.502776905372150029e+00 6.969356081430793000e-03
1.368000000000000000e+04 2.502988815887121632e+00 6.974261709439080227e-03
1.371000000000000000e+04 2.503050770341928022e+00 7.013334232394187635e-03
1.374000000000000000e+04 2.502815491829824879e+00 7.021845104034903605e-03
1.377000000000000000e+04 2.503163234593523967e+00 7.037377472068812034e-03
1.380000000000000000e+04 2.503086760356864726e+00 6.890029949053287119e-03
1.383000000000000000e+04 2.502641987330600060e+00 6.869984538428206521e-03
1.386000000000000000e+04 2.502526350997269500e+00 6.812729796827908350e-03
1.389000000000000000e+04 2.502203748419282725e+00 6.828300463145555582e-03
1.392000000000000000e+04 2.501640655835909666e+00 6.756559229303193276e-03
1.395000000000000000e+04 2.501462852735427678e+00 6.773861178273713445e-03
1.398000000000000000e+04 2.501527969097091741e+00 6.686025587355374361e-03
1.401000000000000000e+04 2.501085918616907211e+00 6.625170281873306484e-03
1.404000000000000000e+04 2.501329811017490634e+00 6.634137068811219763e-03
1.407000000000000000e+04 2.501116430405183610e+00 6.645116751819656400e-03
1.410000000000000000e+04 2.501055329139346028e+00 6.601959710940726554e-03
1.413000000000000000e+04 2.501227601562080238e+00 6.597138857093594669e-03
1.416000000000000000e+04 2.501116841265571100e+00 6.600677380995483533e-03
1.419000000000000000e+04 2.501064673399914007e+00 6.743515714714444151e-03
1.422000000000000000e+04 2.501102679012789487e+00 6.767519543652245236e-03
1.425000000000000000e+04 2.500845005483049110e+00 6.772629850981040471e-03
1.428000000000000000e+04 2.501283909459549815e+00 6.823697353306682617e-03
1.431000000000000000e+04 2.501235680073369494e+00 6.841661799841788037e-03
1.434000000000000000e+04 2.501193644959912810e+00 6.723093687943727456e-03
1.437000000000000000e+04 2.501408422949510602e+00 6.661935727944291556e-03
1.440000000000000000e+04 2.501420383975639261e+00 6.633828534150544576e-03
1.443000000000000000e+04 2.502010022848110804e+00 6.622835258162662782e-03
1.446000000000000000e+04 2.501371349706570157e+00 6.611341376992250531e-03
1.449000000000000000e+04 2.501416344090431121e+00 6.573311044805210841e-03
1.452000000000000000e+04 2.501199056665273091e+00 6.593379889959245094e-03
1.455000000000000000e+04 2.500923260476104026e+00 6.612105999689530007e-03
1.458000000000000000e+04 2.501360993915932251e+00 6.576322606462388018e-03
1.461000000000000000e+04 2.501232096265941784e+00 6.513531876506814533e-03
1.464000000000000000e+04 2.501336411398307646e+00 6.545917068322324416e-03
1.467000000000000000e+04 2.500680452155971789e+00 6.590109190032380701e-03
1.470000000000000000e+04 2.500889351096831081e+00 6.567574339932416051e-03
1.473000000000000000e+04 2.501461309143534706e+00 6.574852162916116315e-03
1.476000000000000000e+04 2.501251763522689409e+00 6.592609595234048825e-03
1.479000000000000000e+04 2.501067169195334117e+00 6.597704900975844521e-03
1.482000000000000000e+04 2.501029945619872130e+00 6.666044535679808980e-03
1.485000000000000000e+04 2.500650220439765370e+00 6.585463033704687212e-03
1.488000000000000000e+04 2.500583416127100556e+00 6.539374929437146745e-03
1.491000000000000000e+04 2.500971765520373591e+00 6.508972210260995268e-03
1.494000000000000000e+04 2.500913687710327959e+00 6.431474001491679568e-03
1.497000000000000000e+04 2.500678776400900194e+00 6.393588619957494591e-03
1.500000000000000000e+04 2.500308882962657631e+00 6.435948991936468223e-03
