# # n, sigma
3.000000000000000000e+01 2.577417938090335259e+00 6.991797804200461375e-02
6.000000000000000000e+01 2.527542325543250978e+00 1.860656005370902311e-01
9.000000000000000000e+01 2.524675457108796373e+00 1.131819694213862804e-01
1.200000000000000000e+02 2.490576125296633414e+00 8.405077097105029260e-02
1.500000000000000000e+02 2.131592039424362373e+00 1.928883690379929183e-01
1.800000000000000000e+02 2.123553065090036274e+00 1.855035251607924929e-01
2.100000000000000000e+02 2.522438773317867255e+00 6.586340527459245975e-02
2.400000000000000000e+02 2.503265703982544554e+00 5.255084826763725681e-02
2.700000000000000000e+02 2.479286454199582046e+00 7.077535295215907352e-02
3.000000000000000000e+02 2.492990886855547483e+00 5.391786047577375868e-02
3.300000000000000000e+02 2.489516302259222602e+00 4.993430494100768724e-02
3.600000000000000000e+02 2.513639410269090213e+00 4.454272135017368212e-02
3.900000000000000000e+02 2.500164731203729396e+00 3.894267155227916499e-02
4.200000000000000000e+02 2.514127152166463652e+00 4.127960590448269407e-02
4.500000000000000000e+02 2.537634870386068275e+00 4.113622787902097150e-02
4.800000000000000000e+02 2.529080876460413574e+00 4.101955680310889057e-02
5.100000000000000000e+02 2.529394022963421751e+00 3.805576786482998269e-02
5.400000000000000000e+02 2.530999300176865585e+00 3.707729311454853460e-02
5.700000000000000000e+02 2.530393267146274106e+00 3.479184616644136196e-02
6.000000000000000000e+02 2.517642139832010351e+00 3.738028493364515398e-02
6.300000000000000000e+02 2.511191626652831133e+00 3.583373093697135581e-02
6.600000000000000000e+02 2.508047180144480137e+00 3.411604735353236661e-02
6.900000000000000000e+02 2.506168858077978179e+00 3.314256488012542329e-02
7.200000000000000000e+02 2.499495437361510586e+00 3.147100899694595805e-02
7.500000000000000000e+02 2.499681515801966292e+00 2.650398815885198975e-02
7.800000000000000000e+02 2.503385861986924255e+00 2.590263670110538874e-02
8.100000000000000000e+02 2.509167438224034985e+00 2.759378619062496235e-02
8.400000000000000000e+02 2.518098870336916040e+00 2.615010946320102045e-02
8.700000000000000000e+02 2.520768683327134330e+00 2.585142263493761181e-02
9.000000000000000000e+02 2.525254674352397366e+00 2.566744421021937075e-02
9.300000000000000000e+02 2.523229273097840064e+00 2.463172343021597863e-02
9.600000000000000000e+02 2.520432841420613190e+00 2.489710330124989338e-02
9.900000000000000000e+02 2.520932762554912276e+00 2.587240785720750641e-02
1.020000000000000000e+03 2.514903336000896328e+00 2.654931672759392597e-02
1.050000000000000000e+03 2.508219373749005054e+00 2.532071202588618425e-02
1.080000000000000000e+03 2.508874430387767251e+00 2.416190919737567014e-02
1.110000000000000000e+03 2.509263583512149953e+00 2.234443769754860393e-02
1.140000000000000000e+03 2.504400921900135302e+00 2.171405054829115416e-02
1.170000000000000000e+03 2.501334617315798869e+00 2.097537810238264688e-02
1.200000000000000000e+03 2.501571898295595453e+00 2.119753976657299047e-02
1.230000000000000000e+03 2.503619381564881063e+00 2.206867228356508212e-02
1.260000000000000000e+03 2.505011664095251334e+00 2.150137714108947551e-02
1.290000000000000000e+03 2.510595618583304489e+00 2.194199435496465081e-02
1.320000000000000000e+03 2.517142857450020532e+00 2.170315135028592565e-02
1.350000000000000000e+03 2.515084280201611122e+00 2.046488717336644031e-02
1.380000000000000000e+03 2.511292539762211007e+00 2.023397039651575122e-02
1.410000000000000000e+03 2.512853442835584428e+00 1.941966484664780709e-02
1.440000000000000000e+03 2.509014176654781991e+00 1.869664960527396211e-02
1.470000000000000000e+03 2.505553299983544591e+00 1.742991039822368651e-02
1.500000000000000000e+03 2.503194220541977266e+00 1.730700031594943622e-02
1.530000000000000000e+03 2.499372892334418950e+00 1.731237400174553270e-02
1.560000000000000000e+03 2.500960659798377339e+00 1.773750472944855827e-02
1.590000000000000000e+03 2.503610342456302540e+00 1.794940314118728675e-02
1.620000000000000000e+03 2.503613635199117837e+00 1.816331959818413139e-02
1.650000000000000000e+03 2.504103495882949559e+00 1.749093334804557517e-02
1.680000000000000000e+03 2.503635688251289348e+00 1.701629808416631542e-02
1.710000000000000000e+03 2.503707503523812328e+00 1.711278758639122113e-02
1.740000000000000000e+03 2.506840841550146415e+00 1.842113343479828691e-02
1.770000000000000000e+03 2.506521928468871341e+00 1.815215260325376070e-02
1.800000000000000000e+03 2.507264217542947371e+00 1.879994168251420891e-02
1.830000000000000000e+03 2.511239295341864519e+00 1.842770302464571616e-02
1.860000000000000000e+03 2.513459988993061778e+00 1.790006544582279854e-02
1.890000000000000000e+03 2.515893417011155542e+00 1.792985653100893570e-02
1.920000000000000000e+03 2.515216206916941477e+00 1.684347772464963103e-02
1.950000000000000000e+03 2.510095567868431132e+00 1.639444221686303660e-02
1.980000000000000000e+03 2.508307564735206441e+00 1.659204845397300662e-02
2.010000000000000000e+03 2.511306923318546769e+00 1.744593938119587059e-02
2.040000000000000000e+03 2.512420527165213802e+00 1.661620248653052773e-02
2.070000000000000000e+03 2.510380753121048247e+00 1.680554632861844255e-02
2.100000000000000000e+03 2.509353059098023753e+00 1.660610568679864174e-02
2.130000000000000000e+03 2.509196723379328198e+00 1.693864880645909454e-02
2.160000000000000000e+03 2.508488535455887458e+00 1.620810637758044945e-02
2.190000000000000000e+03 2.507740713034347646e+00 1.585050401091187347e-02
2.220000000000000000e+03 2.508440320833966286e+00 1.566806177666110050e-02
2.250000000000000000e+03 2.504791668180415876e+00 1.587321697067388751e-02
2.280000000000000000e+03 2.504339406298733195e+00 1.531987349246639353e-02
2.310000000000000000e+03 2.504238070939388106e+00 1.432999533569958434e-02
2.340000000000000000e+03 2.503632002154852376e+00 1.413225823653921874e-02
2.370000000000000000e+03 2.505050202172097507e+00 1.386970158976173588e-02
2.400000000000000000e+03 2.505952614188346583e+00 1.421169216784462334e-02
2.430000000000000000e+03 2.506465240717052900e+00 1.331920662926411834e-02
2.460000000000000000e+03 2.504881144965172890e+00 1.296329585978436665e-02
2.490000000000000000e+03 2.508085452144865890e+00 1.329824458863466605e-02
2.520000000000000000e+03 2.509694256761631159e+00 1.349800682843148303e-02
2.550000000000000000e+03 2.509463323449589112e+00 1.353021417162949408e-02
2.580000000000000000e+03 2.510092758031058580e+00 1.263490095753976548e-02
2.610000000000000000e+03 2.510605565115611171e+00 1.363910932067828596e-02
2.640000000000000000e+03 2.510198906427838050e+00 1.277030349422714553e-02
2.670000000000000000e+03 2.509230658442466400e+00 1.248744355478284204e-02
2.700000000000000000e+03 2.509927568830197853e+00 1.292491189644407942e-02
2.730000000000000000e+03 2.509651512893738445e+00 1.336202727660637697e-02
2.760000000000000000e+03 2.508828159689100890e+00 1.299932699308007159e-02
2.790000000000000000e+03 2.508559794179899605e+00 1.254429058758240595e-02
2.820000000000000000e+03 2.509404691367016493e+00 1.228291392717193592e-02
2.850000000000000000e+03 2.506374381327427958e+00 1.233122829049245958e-02
2.880000000000000000e+03 2.506550340301323399e+00 1.243034993022336734e-02
2.910000000000000000e+03 2.507185033613062330e+00 1.232422509160653254e-02
2.940000000000000000e+03 2.507352015439033632e+00 1.280969251595559348e-02
2.970000000000000000e+03 2.508831792344844214e+00 1.275315477523916198e-02
3.000000000000000000e+03 2.506636972820539988e+00 1.306601576928668323e-02
3.030000000000000000e+03 2.506798210464631804e+00 1.279430912509769806e-02
3.060000000000000000e+03 2.509663135168469950e+00 1.248596002370468486e-02
3.090000000000000000e+03 2.510982850665986366e+00 1.212088474514749076e-02
3.120000000000000000e+03 2.510188336605539305e+00 1.219103559401421046e-02
3.150000000000000000e+03 2.510335929561255064e+00 1.195925893379323063e-02
3.180000000000000000e+03 2.509313205175387473e+00 1.199391120775369392e-02
3.210000000000000000e+03 2.511160651557328816e+00 1.187705278058181005e-02
3.240000000000000000e+03 2.509159985710923024e+00 1.177195371658426928e-02
3.270000000000000000e+03 2.508684970673945802e+00 1.138085977484848237e-02
3.300000000000000000e+03 2.508560035426152801e+00 1.119727780673632905e-02
3.330000000000000000e+03 2.510386488431296304e+00 1.091399310838417867e-02
3.360000000000000000e+03 2.510998564904416419e+00 1.059735276013334081e-02
3.390000000000000000e+03 2.512308907085960996e+00 1.041036091600951174e-02
3.420000000000000000e+03 2.511350326416936785e+00 1.041338098413036560e-02
3.450000000000000000e+03 2.512462601972734078e+00 1.024957429406527475e-02
3.480000000000000000e+03 2.511873473130105339e+00 9.917837414995722342e-03
3.510000000000000000e+03 2.510359082631781646e+00 9.524153851385675981e-03
3.540000000000000000e+03 2.509297460552509129e+00 9.194935860120715537e-03
3.570000000000000000e+03 2.508603623692976736e+00 8.935755306529404376e-03
3.600000000000000000e+03 2.509813083065938866e+00 9.028774832134090628e-03
3.630000000000000000e+03 2.509576241532672114e+00 9.093512612278920049e-03
3.660000000000000000e+03 2.509155311299830160e+00 9.184682355099027876e-03
3.690000000000000000e+03 2.509818982335091597e+00 9.053118550955984584e-03
3.720000000000000000e+03 2.509651449218260666e+00 8.917529057297269787e-03
3.750000000000000000e+03 2.510277494996499215e+00 9.231384419320816381e-03
3.780000000000000000e+03 2.513074290776127206e+00 9.397884596377362870e-03
3.810000000000000000e+03 2.513542743967280391e+00 9.850407697075888591e-03
3.840000000000000000e+03 2.515175528106922354e+00 1.000452813200730130e-02
3.870000000000000000e+03 2.515603450247552164e+00 1.014139415115402308e-02
3.900000000000000000e+03 2.514232466814394051e+00 1.029082139837218628e-02
3.930000000000000000e+03 2.514788547915818739e+00 1.022230001183638617e-02
3.960000000000000000e+03 2.515294806996481558e+00 1.024921243395670277e-02
3.990000000000000000e+03 2.516720960535386631e+00 1.038029927390935608e-02
4.020000000000000000e+03 2.517135431329306616e+00 1.022822214423108229e-02
4.050000000000000000e+03 2.516345975849095140e+00 9.997472058852060681e-03
4.080000000000000000e+03 2.515084127895164556e+00 1.000361678505072571e-02
4.110000000000000000e+03 2.516440378107900777e+00 9.716927925525154983e-03
4.140000000000000000e+03 2.516631611494251519e+00 9.803362475476999280e-03
4.170000000000000000e+03 2.515630293001195561e+00 9.928966949607152467e-03
4.200000000000000000e+03 2.515219683964925679e+00 1.001633052788458364e-02
4.230000000000000000e+03 2.516058568060937972e+00 1.007873746214860144e-02
4.260000000000000000e+03 2.515293673751027637e+00 1.025616019403899522e-02
4.290000000000000000e+03 2.514925120392626390e+00 1.023325073120915502e-02
4.320000000000000000e+03 2.515773470092786734e+00 9.984222695103612752e-03
4.350000000000000000e+03 2.517327018994505838e+00 1.001414436554191878e-02
4.380000000000000000e+03 2.517495978000428014e+00 9.605117088740774967e-03
4.410000000000000000e+03 2.515012443418989996e+00 9.851780019643858674e-03
4.440000000000000000e+03 2.515209128232772429e+00 9.906856428756589603e-03
4.470000000000000000e+03 2.516581945973952905e+00 9.610148188602708752e-03
4.500000000000000000e+03 2.518340705446394434e+00 9.677749071213215259e-03
4.530000000000000000e+03 2.517339278322951568e+00 9.742845387813834843e-03
4.560000000000000000e+03 2.515817117566713446e+00 9.362367279981898688e-03
4.590000000000000000e+03 2.515327305249862366e+00 9.602554000309706378e-03
4.620000000000000000e+03 2.515516892745104371e+00 9.823016897852424739e-03
4.650000000000000000e+03 2.517022710178303146e+00 9.874096346002182376e-03
4.680000000000000000e+03 2.517004005582375470e+00 9.558968220644824612e-03
4.710000000000000000e+03 2.515630854369788505e+00 9.455462875782767035e-03
4.740000000000000000e+03 2.515803635834414020e+00 9.254369743461105316e-03
4.770000000000000000e+03 2.516108744289629495e+00 9.167263939849259330e-03
4.800000000000000000e+03 2.516144778101396806e+00 9.197193210169273686e-03
4.830000000000000000e+03 2.515860769769151961e+00 9.115814745346359146e-03
4.860000000000000000e+03 2.516312395710527117e+00 8.943411014619592064e-03
4.890000000000000000e+03 2.518043487382450429e+00 8.479926140181292399e-03
4.920000000000000000e+03 2.517427109571544808e+00 8.821928860801317093e-03
4.950000000000000000e+03 2.516407820959948971e+00 8.857773989155562355e-03
4.980000000000000000e+03 2.517091690098894219e+00 8.930057800149144784e-03
5.010000000000000000e+03 2.518175343014321665e+00 9.009281164571272468e-03
5.040000000000000000e+03 2.518841323020565071e+00 9.305821604722574678e-03
5.070000000000000000e+03 2.518538184550293213e+00 9.388285856165877463e-03
5.100000000000000000e+03 2.520268955015171120e+00 9.310199706104388406e-03
5.130000000000000000e+03 2.519491847328145351e+00 9.351644226723972164e-03
5.160000000000000000e+03 2.518676954761946973e+00 8.965345865233594405e-03
5.190000000000000000e+03 2.519447395923618327e+00 9.065255340802828160e-03
5.220000000000000000e+03 2.518665911930751289e+00 8.962965475219525011e-03
5.250000000000000000e+03 2.518052771278315838e+00 8.848912533446282383e-03
5.280000000000000000e+03 2.515798438514849078e+00 8.739678923313870529e-03
5.310000000000000000e+03 2.514821286514038690e+00 8.700037047515384731e-03
5.340000000000000000e+03 2.516092174440762275e+00 8.812908275611975456e-03
5.370000000000000000e+03 2.516859253546822828e+00 8.909626565688949160e-03
5.400000000000000000e+03 2.516119975007508724e+00 9.072838408985978501e-03
5.430000000000000000e+03 2.516597172923551895e+00 8.915577535291397196e-03
5.460000000000000000e+03 2.516307910760747113e+00 8.922034261889047468e-03
5.490000000000000000e+03 2.515433693734557163e+00 8.793814437998608360e-03
5.520000000000000000e+03 2.513905280694365363e+00 8.798790178117209260e-03
5.550000000000000000e+03 2.513625253009973637e+00 8.802073236300684417e-03
5.580000000000000000e+03 2.513300243891903207e+00 8.965866162149605662e-03
5.610000000000000000e+03 2.512517145414602915e+00 9.151341439148611909e-03
5.640000000000000000e+03 2.511662915225925108e+00 8.881576770674920115e-03
5.670000000000000000e+03 2.511678275066434374e+00 8.875945021052865716e-03
5.700000000000000000e+03 2.512254670987286609e+00 8.860667428122120243e-03
5.730000000000000000e+03 2.513558401129984521e+00 8.896824775288612180e-03
5.760000000000000000e+03 2.513675814043012213e+00 9.050791989637386667e-03
5.790000000000000000e+03 2.513750122946828647e+00 8.871822073450852733e-03
5.820000000000000000e+03 2.513459046716891354e+00 8.852565318847821149e-03
5.850000000000000000e+03 2.513116015562609107e+00 8.953639125471653248e-03
5.880000000000000000e+03 2.512763779092664240e+00 9.162829264406105456e-03
5.910000000000000000e+03 2.513567753430894225e+00 9.149827532990619655e-03
5.940000000000000000e+03 2.512514664679240006e+00 9.036144156840121913e-03
5.970000000000000000e+03 2.512201171661256449e+00 8.776055334878875985e-03
6.000000000000000000e+03 2.512126969385415354e+00 9.010283007952406970e-03
6.030000000000000000e+03 2.512124103869571634e+00 8.994524235646197269e-03
6.060000000000000000e+03 2.511055538295846379e+00 8.842014782196374115e-03
6.090000000000000000e+03 2.509622963736923396e+00 8.812546342856667630e-03
6.120000000000000000e+03 2.509600946067894078e+00 8.862919245013841166e-03
6.150000000000000000e+03 2.509132595833357016e+00 8.566977127736878292e-03
6.180000000000000000e+03 2.509783446343148761e+00 8.340673543365033360e-03
6.210000000000000000e+03 2.509918127782499564e+00 8.333014864040123870e-03
6.240000000000000000e+03 2.508956283845620749e+00 8.312882260673129520e-03
6.270000000000000000e+03 2.509537415170397079e+00 8.407028688694532376e-03
6.300000000000000000e+03 2.509742863523990675e+00 8.528465372215443194e-03
6.330000000000000000e+03 2.509282165594652891e+00 8.282056701010981348e-03
6.360000000000000000e+03 2.508855115260262281e+00 8.458753474598916869e-03
6.390000000000000000e+03 2.508091803014746546e+00 8.381817818135997925e-03
6.420000000000000000e+03 2.508098257040165091e+00 8.333493659082398877e-03
6.450000000000000000e+03 2.507390273941170200e+00 8.536262320349284616e-03
6.480000000000000000e+03 2.507000501396587033e+00 8.596677536119813959e-03
6.510000000000000000e+03 2.507730073456066133e+00 8.557818379027878550e-03
6.540000000000000000e+03 2.507405445813495781e+00 8.318812313967581182e-03
6.570000000000000000e+03 2.506283086969081531e+00 8.263094546006500771e-03
6.600000000000000000e+03 2.505781228030836250e+00 8.052736098911536522e-03
6.630000000000000000e+03 2.505941988081570315e+00 7.960229473326706912e-03
6.660000000000000000e+03 2.505373842851172039e+00 7.914437166979560248e-03
6.690000000000000000e+03 2.505570358893367988e+00 7.736138706598053548e-03
6.720000000000000000e+03 2.505385278852344744e+00 7.874947815866936707e-03
6.750000000000000000e+03 2.505335842723541262e+00 8.035892196504305224e-03
6.780000000000000000e+03 2.505609951431987170e+00 7.897796361314957450e-03
6.810000000000000000e+03 2.506010361982486057e+00 7.982271659609754821e-03
6.840000000000000000e+03 2.505191616976476521e+00 8.152865838052782144e-03
6.870000000000000000e+03 2.505367768392851247e+00 8.041353312186099236e-03
6.900000000000000000e+03 2.505912232118548300e+00 7.959935254796230569e-03
6.930000000000000000e+03 2.506221613836493223e+00 7.992772095421665779e-03
6.960000000000000000e+03 2.506672073280669988e+00 8.200640580893875028e-03
6.990000000000000000e+03 2.506130341515168780e+00 8.087027586864825937e-03
7.020000000000000000e+03 2.506207534531477155e+00 8.041099112622830669e-03
7.050000000000000000e+03 2.506588871590766932e+00 8.124820258152015001e-03
7.080000000000000000e+03 2.506858352048056737e+00 8.091205797164262303e-03
7.110000000000000000e+03 2.507478989224645183e+00 8.105753017129752741e-03
7.140000000000000000e+03 2.508138545132933217e+00 8.389599723662807818e-03
7.170000000000000000e+03 2.508440906512062085e+00 8.454489815515532636e-03
7.200000000000000000e+03 2.509224647772685390e+00 8.283488352295165572e-03
7.230000000000000000e+03 2.509027987108150004e+00 8.230364388182941082e-03
7.260000000000000000e+03 2.508586540607192994e+00 8.113452244109153194e-03
7.290000000000000000e+03 2.508916134718052859e+00 8.174737546703416541e-03
7.320000000000000000e+03 2.509171970071510938e+00 8.170500639317441680e-03
7.350000000000000000e+03 2.509127972458843114e+00 8.157482660547743861e-03
7.380000000000000000e+03 2.509048328330395261e+00 8.262027155965877279e-03
7.410000000000000000e+03 2.509817488568964361e+00 8.247183327654623863e-03
7.440000000000000000e+03 2.509634895937784105e+00 8.154315258571579600e-03
7.470000000000000000e+03 2.510326970035389405e+00 8.058395285736943969e-03
7.500000000000000000e+03 2.509971748621886434e+00 8.123915720258126361e-03
7.530000000000000000e+03 2.510530436335505211e+00 8.128792253368400181e-03
7.560000000000000000e+03 2.510392935519784707e+00 8.133016661443531747e-03
7.590000000000000000e+03 2.510621102534495996e+00 8.166357936463303560e-03
7.620000000000000000e+03 2.510581366742766996e+00 8.271815017407185139e-03
7.650000000000000000e+03 2.511029332987776641e+00 8.396778522203029657e-03
7.680000000000000000e+03 2.510773391020314715e+00 8.349151822063393888e-03
7.710000000000000000e+03 2.511297915449608453e+00 8.139467163905731925e-03
7.740000000000000000e+03 2.511948539062165864e+00 8.063968916726985472e-03
7.770000000000000000e+03 2.512666192428314904e+00 8.018396429770348333e-03
7.800000000000000000e+03 2.512572979275971896e+00 8.241421139766315351e-03
7.830000000000000000e+03 2.513344226538849480e+00 8.117171730783249300e-03
7.860000000000000000e+03 2.513872502359659755e+00 8.292916887309435131e-03
7.890000000000000000e+03 2.513373985412315825e+00 8.288319924143723941e-03
7.920000000000000000e+03 2.512995321887540268e+00 8.389442287822549207e-03
7.950000000000000000e+03 2.513469964245070187e+00 8.505232525064108234e-03
7.980000000000000000e+03 2.513446061475914650e+00 8.502584122691012394e-03
8.010000000000000000e+03 2.512279718353272795e+00 8.349677330016664831e-03
8.040000000000000000e+03 2.511736399534683972e+00 8.368597479253682067e-03
8.070000000000000000e+03 2.511668926076388253e+00 8.275068855122236916e-03
8.100000000000000000e+03 2.511674530872700206e+00 8.291875285644654398e-03
8.130000000000000000e+03 2.511579507811119161e+00 8.237311159950673131e-03
8.160000000000000000e+03 2.511019671039841139e+00 8.355999396703702245e-03
8.190000000000000000e+03 2.511310550478168313e+00 8.407569935005236583e-03
8.220000000000000000e+03 2.510955488389723822e+00 8.576417045468383640e-03
8.250000000000000000e+03 2.509978244137653469e+00 8.564171230100734236e-03
8.280000000000000000e+03 2.509271313019951766e+00 8.428187702463557987e-03
8.310000000000000000e+03 2.509272648735433542e+00 8.384434346789565451e-03
8.340000000000000000e+03 2.509743819408416954e+00 8.329564248728058354e-03
8.370000000000000000e+03 2.509601884116413828e+00 8.306327354675561991e-03
8.400000000000000000e+03 2.509921948915638357e+00 8.469233231153276698e-03
8.430000000000000000e+03 2.510013256866798770e+00 8.595493766882381440e-03
8.460000000000000000e+03 2.511648862815169192e+00 8.624323420579728741e-03
8.490000000000000000e+03 2.511159947909489265e+00 8.669686891251356803e-03
8.520000000000000000e+03 2.510453140639433034e+00 8.550959180289231798e-03
8.550000000000000000e+03 2.509773162599794993e+00 8.668907162787025181e-03
8.580000000000000000e+03 2.509720860844492307e+00 8.788167918438725620e-03
8.610000000000000000e+03 2.509819829085949472e+00 8.669172683094311313e-03
8.640000000000000000e+03 2.510230083163620396e+00 8.695781835091630912e-03
8.670000000000000000e+03 2.510276590234681748e+00 8.861393449914253817e-03
8.700000000000000000e+03 2.509670153452538521e+00 8.849041824007601933e-03
8.730000000000000000e+03 2.510097652321102046e+00 8.907524181023954504e-03
8.760000000000000000e+03 2.510421301295803875e+00 8.767509778388731662e-03
8.790000000000000000e+03 2.510795126056225790e+00 8.815466949490707513e-03
8.820000000000000000e+03 2.511522631485411772e+00 8.817820345244364866e-03
8.850000000000000000e+03 2.512178975352294952e+00 8.818528933597033839e-03
8.880000000000000000e+03 2.511375492605337101e+00 8.756557272058493671e-03
8.910000000000000000e+03 2.512320834192377728e+00 8.869889912927184095e-03
8.940000000000000000e+03 2.511781939781301265e+00 8.846188722009420621e-03
8.970000000000000000e+03 2.512267719825493018e+00 8.717714450081660849e-03
9.000000000000000000e+03 2.512242726892600420e+00 8.699488945240124033e-03
9.030000000000000000e+03 2.512630802404945740e+00 8.634323546861496362e-03
9.060000000000000000e+03 2.513507518300085675e+00 8.557395306269076699e-03
9.090000000000000000e+03 2.513653446008791370e+00 8.515055001068120091e-03
9.120000000000000000e+03 2.513671522885905230e+00 8.566440844269338287e-03
9.150000000000000000e+03 2.513904914602075991e+00 8.650895428915733251e-03
9.180000000000000000e+03 2.514227169280644159e+00 8.482354863967410744e-03
9.210000000000000000e+03 2.514360636551507877e+00 8.627881221607786380e-03
9.240000000000000000e+03 2.514422643866800033e+00 8.502419770295267451e-03
9.270000000000000000e+03 2.514642167176453391e+00 8.348775237769003391e-03
9.300000000000000000e+03 2.514458254621659616e+00 8.351750485020615483e-03
9.330000000000000000e+03 2.514780057411117653e+00 8.312767118605240632e-03
9.360000000000000000e+03 2.514670590112152659e+00 8.300162367027710125e-03
9.390000000000000000e+03 2.515154021503073434e+00 8.281942078361522602e-03
9.420000000000000000e+03 2.514361338202666829e+00 8.160816820843928843e-03
9.450000000000000000e+03 2.513803614191865154e+00 8.248791057474244223e-03
9.480000000000000000e+03 2.513183811860809858e+00 8.165545605347599920e-03
9.510000000000000000e+03 2.512889597284676757e+00 8.165897058457551386e-03
9.540000000000000000e+03 2.512586801298648087e+00 8.192056743920518580e-03
9.570000000000000000e+03 2.512402924655435132e+00 8.245249184904938217e-03
9.600000000000000000e+03 2.512169572919010108e+00 8.172990804785248628e-03
9.630000000000000000e+03 2.512590641084105236e+00 8.173793301975242065e-03
9.660000000000000000e+03 2.512455899468974518e+00 8.219824598627941195e-03
9.690000000000000000e+03 2.511458167208162173e+00 8.139468055217844583e-03
9.720000000000000000e+03 2.511886137233942495e+00 7.951164709691644142e-03
9.750000000000000000e+03 2.512258684125680208e+00 7.860939415911483152e-03
9.780000000000000000e+03 2.512333463283993318e+00 7.799603406168731899e-03
9.810000000000000000e+03 2.511992040418985273e+00 7.779371912254311357e-03
9.840000000000000000e+03 2.511673977858819740e+00 7.782329704152535048e-03
9.870000000000000000e+03 2.511832656293480959e+00 7.687849040672274648e-03
9.900000000000000000e+03 2.510932107544670000e+00 7.800658456863871631e-03
9.930000000000000000e+03 2.510896301723446022e+00 7.763359695270737743e-03
9.960000000000000000e+03 2.511185753939766396e+00 7.669203778683289160e-03
9.990000000000000000e+03 2.510369480683712684e+00 7.677609766795590734e-03
1.002000000000000000e+04 2.510194955744004641e+00 7.642649851997719394e-03
1.005000000000000000e+04 2.509799811894748878e+00 7.546706626160306144e-03
1.008000000000000000e+04 2.509843271013081356e+00 7.560498016346433453e-03
1.011000000000000000e+04 2.509929444882520233e+00 7.426032656525072100e-03
1.014000000000000000e+04 2.509870915184657658e+00 7.408354624183913564e-03
1.017000000000000000e+04 2.510363732544149240e+00 7.310180229288999569e-03
1.020000000000000000e+04 2.510144207073925493e+00 7.276856938168988626e-03
1.023000000000000000e+04 2.509666913149325662e+00 7.315309220067196978e-03
1.026000000000000000e+04 2.510414939655906785e+00 7.291423055654626742e-03
1.029000000000000000e+04 2.510512677208649901e+00 7.344246017847029864e-03
1.032000000000000000e+04 2.510430607640407707e+00 7.408317785238218399e-03
1.035000000000000000e+04 2.510330149687749479e+00 7.331430955832840719e-03
1.038000000000000000e+04 2.509860237761844193e+00 7.212667034195676535e-03
1.041000000000000000e+04 2.508773602212914344e+00 7.220635416698800019e-03
1.044000000000000000e+04 2.508366366948602710e+00 7.193043432271273990e-03
1.047000000000000000e+04 2.507476158501283692e+00 7.136234619095320128e-03
1.050000000000000000e+04 2.507354615467421333e+00 7.252218074170345592e-03
1.053000000000000000e+04 2.507149902624658200e+00 7.399478085943501579e-03
1.056000000000000000e+04 2.507102431802068487e+00 7.259719204964835450e-03
1.059000000000000000e+04 2.506687907305527929e+00 7.168142180658696946e-03
1.062000000000000000e+04 2.506451014099923658e+00 6.989090163994068211e-03
1.065000000000000000e+04 2.506400897097492031e+00 6.987433051828597329e-03
1.068000000000000000e+04 2.506959261083736124e+00 7.041664387003595399e-03
1.071000000000000000e+04 2.507203245519885382e+00 7.160777765052380936e-03
1.074000000000000000e+04 2.507346925648261671e+00 7.141435605775665538e-03
1.077000000000000000e+04 2.507514509063348829e+00 7.145105307217617351e-03
1.080000000000000000e+04 2.507466029704611188e+00 7.247454428733435434e-03
1.083000000000000000e+04 2.507184414311707243e+00 7.223027423629250522e-03
1.086000000000000000e+04 2.506843776798927337e+00 7.268647391562752316e-03
1.089000000000000000e+04 2.507195720692985130e+00 7.256414709797785745e-03
1.092000000000000000e+04 2.507721149272490013e+00 7.195958971741293030e-03
1.095000000000000000e+04 2.508166130554575712e+00 7.325216005561684639e-03
1.098000000000000000e+04 2.508566347671451702e+00 7.387923970305398762e-03
1.101000000000000000e+04 2.508689267633593900e+00 7.362188114046164418e-03
1.104000000000000000e+04 2.508271489145633026e+00 7.245464292518648264e-03
1.107000000000000000e+04 2.507849699400688692e+00 7.171817288674692259e-03
1.110000000000000000e+04 2.508137339140723565e+00 7.148858750542368828e-03
1.113000000000000000e+04 2.507913029048903120e+00 7.030100449894022274e-03
1.116000000000000000e+04 2.508601130732126094e+00 7.057929290187946701e-03
1.119000000000000000e+04 2.508325907566951507e+00 7.093868344948551195e-03
1.122000000000000000e+04 2.508288271123583435e+00 7.047631301372520203e-03
1.125000000000000000e+04 2.507868448419300567e+00 7.024250013354632616e-03
1.128000000000000000e+04 2.507935143758953878e+00 7.010726290054967134e-03
1.131000000000000000e+04 2.507968680990671384e+00 7.017868190762091042e-03
1.134000000000000000e+04 2.508190629262363469e+00 6.914338840642186845e-03
1.137000000000000000e+04 2.507381512022220704e+00 6.966834927290499468e-03
1.140000000000000000e+04 2.506951181671319251e+00 6.812618486789285416e-03
1.143000000000000000e+04 2.507268955513796804e+00 6.658209955162659038e-03
1.146000000000000000e+04 2.507286741853010703e+00 6.749510355791256931e-03
1.149000000000000000e+04 2.507916977600805453e+00 6.738084370610268256e-03
1.152000000000000000e+04 2.508325281870111834e+00 6.744658467859311786e-03
1.155000000000000000e+04 2.508606562950624674e+00 6.696499097975920634e-03
1.158000000000000000e+04 2.508811791701683891e+00 6.708092403167369849e-03
1.161000000000000000e+04 2.508512971384039059e+00 6.772530453017719387e-03
1.164000000000000000e+04 2.509094114252542251e+00 6.837552381923191203e-03
1.167000000000000000e+04 2.508835439181468008e+00 6.832142843660665016e-03
1.170000000000000000e+04 2.508903956854271922e+00 6.854706310975263242e-03
1.173000000000000000e+04 2.508797709816287025e+00 6.794764107563273405e-03
1.176000000000000000e+04 2.508659694429375087e+00 6.820863814810204477e-03
1.179000000000000000e+04 2.508567142228298241e+00 7.022303764193096529e-03
1.182000000000000000e+04 2.508948619554758785e+00 6.949338910405144717e-03
1.185000000000000000e+04 2.509282883583188628e+00 6.990710337264288352e-03
1.188000000000000000e+04 2.509071949695079518e+00 6.999932922667512214e-03
1.191000000000000000e+04 2.508884494715746261e+00 7.098236596375115046e-03
1.194000000000000000e+04 2.509173674439017621e+00 7.130354029934583664e-03
1.197000000000000000e+04 2.508939726304128648e+00 7.131660396781609040e-03
1.200000000000000000e+04 2.508260555549499671e+00 7.102702071149291987e-03
1.203000000000000000e+04 2.507947701735862012e+00 7.086974389121473983e-03
1.206000000000000000e+04 2.507962172917361343e+00 7.026281662859982721e-03
1.209000000000000000e+04 2.507314110627398396e+00 6.949176659244491079e-03
1.212000000000000000e+04 2.508389621047034890e+00 6.869891311223532554e-03
1.215000000000000000e+04 2.508520187916457367e+00 6.931937994071673929e-03
1.218000000000000000e+04 2.508493251683812097e+00 6.939075022162735466e-03
1.221000000000000000e+04 2.508012817227087687e+00 6.931537372973508616e-03
1.224000000000000000e+04 2.508154962834489687e+00 6.944491786416876616e-03
1.227000000000000000e+04 2.508931883569794241e+00 6.849174741246004221e-03
1.230000000000000000e+04 2.508969160632928741e+00 6.777283442471197100e-03
1.233000000000000000e+04 2.508439945196170306e+00 6.672978276571293194e-03
1.236000000000000000e+04 2.508150615138095230e+00 6.775746942246750268e-03
1.239000000000000000e+04 2.508078374449789205e+00 6.784235855087448336e-03
1.242000000000000000e+04 2.508489289437002334e+00 6.810534645686506898e-03
1.245000000000000000e+04 2.508322127950658231e+00 6.807287900464307692e-03
1.248000000000000000e+04 2.508691267172890704e+00 6.674653934113579032e-03
1.251000000000000000e+04 2.508331959806169298e+00 6.696200321915438125e-03
1.254000000000000000e+04 2.508085455568020539e+00 6.824873529016005878e-03
1.257000000000000000e+04 2.508370739829745677e+00 6.949305349180113014e-03
1.260000000000000000e+04 2.507989826392845067e+00 6.943798271150602996e-03
1.263000000000000000e+04 2.507972682354695504e+00 6.925242784606089157e-03
1.266000000000000000e+04 2.507750250314319196e+00 6.974768693678853188e-03
1.269000000000000000e+04 2.507661663830414334e+00 6.926939433247065840e-03
1.272000000000000000e+04 2.507834929465739826e+00 6.954856055397919470e-03
1.275000000000000000e+04 2.507919186973987191e+00 6.950663621425402609e-03
1.278000000000000000e+04 2.508234139900196169e+00 6.912451538576959952e-03
1.281000000000000000e+04 2.508066320661586523e+00 6.952063879699641770e-03
1.284000000000000000e+04 2.507653813097556306e+00 6.924889361478761031e-03
1.287000000000000000e+04 2.507880753139690722e+00 6.816859709487092106e-03
1.290000000000000000e+04 2.507958808510123649e+00 6.732728284497904725e-03
1.293000000000000000e+04 2.507273446510111192e+00 6.743476893853440901e-03
1.296000000000000000e+04 2.507053413683342669e+00 6.774636615833724840e-03
1.299000000000000000e+04 2.506892841364618540e+00 6.760340825717159677e-03
1.302000000000000000e+04 2.506129267479036749e+00 6.775234169066545256e-03
1.305000000000000000e+04 2.506403389995356612e+00 6.785414740805593981e-03
1.308000000000000000e+04 2.506039024859134656e+00 6.666539217515253177e-03
1.311000000000000000e+04 2.506048102351027929e+00 6.605644584611145009e-03
1.314000000000000000e+04 2.505580815486135648e+00 6.525585585209149782e-03
1.317000000000000000e+04 2.505124081795029323e+00 6.545577235542960476e-03
1.320000000000000000e+04 2.504508181178004556e+00 6.557459220231707728e-03
1.323000000000000000e+04 2.504552090474593484e+00 6.546111856664623210e-03
1.326000000000000000e+04 2.504532985601093831e+00 6.632680142933262621e-03
1.329000000000000000e+04 2.504398662996901503e+00 6.627330456807046036e-03
1.332000000000000000e+04 2.504893051061344078e+00 6.597161264204050822e-03
1.335000000000000000e+04 2.505295852339633811e+00 6.575823138273475740e-03
1.338000000000000000e+04 2.505055591388633651e+00 6.499144026353730064e-03
1.341000000000000000e+04 2.504990944874572190e+00 6.418087847028381733e-03
1.344000000000000000e+04 2.504818852910906557e+00 6.441138316420756682e-03
1.347000000000000000e+04 2.504832026936731015e+00 6.339654367938419438e-03
1.350000000000000000e+04 2.504934631883165785e+00 6.332162370550083359e-03
1.353000000000000000e+04 2.504894220264580529e+00 6.206123804086682676e-03
1.356000000000000000e+04 2.505375452680630222e+00 6.267180233442318227e-03
1.359000000000000000e+04 2.505392363052118654e+00 6.296089678014252754e-03
1.362000000000000000e+04 2.505718331354572115e+00 6.298980997895205734e-03
1.365000000000000000e+04 2.505816810783826121e+00 6.342871382815047816e-03
1.368000000000000000e+04 2.505914849713079651e+00 6.254753355165975671e-03
1.371000000000000000e+04 2.505046433345985868e+00 6.236353543439804477e-03
1.374000000000000000e+04 2.505325143102434815e+00 6.182029311377404239e-03
1.377000000000000000e+04 2.505527578736104211e+00 6.239040172930537462e-03
1.380000000000000000e+04 2.505388680799084611e+00 6.219902979977839572e-03
1.383000000000000000e+04 2.504596789459157868e+00 6.174952821089443877e-03
1.386000000000000000e+04 2.505055656509210582e+00 6.127981626878756596e-03
1.389000000000000000e+04 2.505275173024257285e+00 6.105448739763649074e-03
1.392000000000000000e+04 2.505104256255503703e+00 6.083846416306907742e-03
1.395000000000000000e+04 2.505150668016846272e+00 6.092040181623805360e-03
1.398000000000000000e+04 2.505324584508827890e+00 6.053325154621925532e-03
1.401000000000000000e+04 2.504753393830145836e+00 6.042277400422828987e-03
1.404000000000000000e+04 2.504258644519308241e+00 5.974184681132623832e-03
1.407000000000000000e+04 2.504714878281350643e+00 6.023173225232180718e-03
1.410000000000000000e+04 2.504523900485610799e+00 6.019242408238760673e-03
1.413000000000000000e+04 2.504352150324634430e+00 6.107280484190268262e-03
1.416000000000000000e+04 2.504621394516840738e+00 6.008765170268252735e-03
1.419000000000000000e+04 2.504384403553509664e+00 6.065504350303208524e-03
1.422000000000000000e+04 2.503891997929360347e+00 6.073677205786841976e-03
1.425000000000000000e+04 2.503807795213239373e+00 6.056403627112819273e-03
1.428000000000000000e+04 2.503892703112484686e+00 6.057063319493477364e-03
1.431000000000000000e+04 2.503863050434310900e+00 6.014745830140470415e-03
1.434000000000000000e+04 2.503960802314212142e+00 5.974768240185372552e-03
1.437000000000000000e+04 2.504285451243499772e+00 6.013767796625880437e-03
1.440000000000000000e+04 2.504135707715511305e+00 6.023273522441581311e-03
1.443000000000000000e+04 2.504143563344572332e+00 5.898851555366111700e-03
1.446000000000000000e+04 2.504182515581720558e+00 5.828331984272922678e-03
1.449000000000000000e+04 2.504642473704548511e+00 5.794235160898351944e-03
1.452000000000000000e+04 2.504254979136959491e+00 5.779132713666285982e-03
1.455000000000000000e+04 2.504136985592397391e+00 5.676639738845242616e-03
1.458000000000000000e+04 2.504347037175082225e+00 5.698575305237497599e-03
1.461000000000000000e+04 2.504278317875626936e+00 5.727469764597419022e-03
1.464000000000000000e+04 2.504571055786856348e+00 5.628189200362218592e-03
1.467000000000000000e+04 2.504539295002129240e+00 5.634513884558289311e-03
1.470000000000000000e+04 2.504109050148753735e+00 5.603496906243817313e-03
1.473000000000000000e+04 2.503739243178334295e+00 5.491107014060218547e-03
1.476000000000000000e+04 2.504019031684401764e+00 5.476819029289060718e-03
1.479000000000000000e+04 2.503444446768004816e+00 5.430569701483352850e-03
1.482000000000000000e+04 2.503417947910981933e+00 5.489435493512381976e-03
1.485000000000000000e+04 2.503393365072636101e+00 5.484302655580247134e-03
1.488000000000000000e+04 2.503586182467957055e+00 5.435681986939703940e-03
1.491000000000000000e+04 2.502721435408099993e+00 5.381194639993098182e-03
1.494000000000000000e+04 2.502574126220543427e+00 5.295941543525875539e-03
1.497000000000000000e+04 2.502313862182082627e+00 5.244577187723951234e-03
1.500000000000000000e+04 2.501806812542821667e+00 5.247109772430622737e-03
