# # n, sigma
3.000000000000000000e+01 1.747432575923964615e+00 1.697798625057154176e-01
6.000000000000000000e+01 1.734114900442359497e+00 2.327847923348943804e-01
9.000000000000000000e+01 1.742737817330640260e+00 1.258946505172433783e+00
1.200000000000000000e+02 2.665535189882201728e+00 8.160151144013720603e-02
1.500000000000000000e+02 2.143588526888362988e+00 3.791059554143321741e-01
1.800000000000000000e+02 2.151458020432002627e+00 1.939142921576609557e-01
2.100000000000000000e+02 2.484224124159737368e+00 6.392706322370474148e-02
2.400000000000000000e+02 2.780144886923291647e+00 8.584190398733879124e-02
2.700000000000000000e+02 2.795890692724105620e+00 8.181880977441698122e-02
3.000000000000000000e+02 2.788424865673188702e+00 7.122921977280813333e-02
3.300000000000000000e+02 2.807757139351630293e+00 6.937811548767863767e-02
3.600000000000000000e+02 2.450831739645431107e+00 5.565249049687574084e-02
3.900000000000000000e+02 2.468368930099025693e+00 5.993099527464863796e-02
4.200000000000000000e+02 2.458153916404148820e+00 5.294903656567274963e-02
4.500000000000000000e+02 2.446216594298824543e+00 5.339380391766333778e-02
4.800000000000000000e+02 2.434787661850346119e+00 5.205955697572357127e-02
5.100000000000000000e+02 2.449821686198319526e+00 4.578525440151642867e-02
5.400000000000000000e+02 2.458391351509738865e+00 4.650482422756307271e-02
5.700000000000000000e+02 2.474386315145185034e+00 4.219643087151812855e-02
6.000000000000000000e+02 2.471932322613668465e+00 3.773031612000731644e-02
6.300000000000000000e+02 2.461474839442447493e+00 3.401628099479740708e-02
6.600000000000000000e+02 2.473061024445287970e+00 3.183140993082245185e-02
6.900000000000000000e+02 2.468618116488837888e+00 3.230351570329215161e-02
7.200000000000000000e+02 2.467498283833613026e+00 3.219324513944452765e-02
7.500000000000000000e+02 2.470563106480839100e+00 2.982705499263096222e-02
7.800000000000000000e+02 2.463967735008011140e+00 2.680343740073914266e-02
8.100000000000000000e+02 2.466285500072046943e+00 2.694794317900263761e-02
8.400000000000000000e+02 2.466897638209622823e+00 2.760298863307630857e-02
8.700000000000000000e+02 2.474170425132762752e+00 2.724539811186488594e-02
9.000000000000000000e+02 2.478020471456817475e+00 2.515670450060540977e-02
9.300000000000000000e+02 2.481934256487620338e+00 2.245468411311058940e-02
9.600000000000000000e+02 2.484244651864488063e+00 2.226696013703318572e-02
9.900000000000000000e+02 2.493529239304687284e+00 2.128305991273111986e-02
1.020000000000000000e+03 2.497259629506406231e+00 2.153577200909189207e-02
1.050000000000000000e+03 2.503009638417942995e+00 2.183749989639622788e-02
1.080000000000000000e+03 2.497571454626153376e+00 1.997885615979010793e-02
1.110000000000000000e+03 2.498925199025157973e+00 2.106315701616929756e-02
1.140000000000000000e+03 2.500978023358690461e+00 2.123695279063263913e-02
1.170000000000000000e+03 2.501032475289883372e+00 2.230375323311835703e-02
1.200000000000000000e+03 2.504421086577000022e+00 2.187100923178701001e-02
1.230000000000000000e+03 2.501928300816520512e+00 2.258308515270091715e-02
1.260000000000000000e+03 2.502303553832687211e+00 2.225569655838283492e-02
1.290000000000000000e+03 2.506834591013569646e+00 2.309691223319167153e-02
1.320000000000000000e+03 2.506587300631818671e+00 2.310883103371371913e-02
1.350000000000000000e+03 2.511154374061001171e+00 2.273038858829869516e-02
1.380000000000000000e+03 2.514084048506355362e+00 2.190034151435596085e-02
1.410000000000000000e+03 2.514947340135024856e+00 2.132997178227235766e-02
1.440000000000000000e+03 2.518062373731567938e+00 2.038352398490815912e-02
1.470000000000000000e+03 2.509972653042860546e+00 2.033471534330889147e-02
1.500000000000000000e+03 2.510153098390746962e+00 2.056090648244951469e-02
1.530000000000000000e+03 2.507165088630932015e+00 1.990944636148066216e-02
1.560000000000000000e+03 2.509738869135285988e+00 2.064607037702692258e-02
1.590000000000000000e+03 2.508505662105579681e+00 2.057198567590644289e-02
1.620000000000000000e+03 2.504091034341834110e+00 2.055511878354250588e-02
1.650000000000000000e+03 2.504685695979928184e+00 1.986492270619421782e-02
1.680000000000000000e+03 2.502677799540835135e+00 1.900007411363162368e-02
1.710000000000000000e+03 2.504303857511910092e+00 1.880496113721398174e-02
1.740000000000000000e+03 2.505171083688924938e+00 1.950233632887429791e-02
1.770000000000000000e+03 2.505490366289977899e+00 1.834360025541110703e-02
1.800000000000000000e+03 2.505935949933445706e+00 1.757770515441174977e-02
1.830000000000000000e+03 2.509173819220909873e+00 1.730319540269982873e-02
1.860000000000000000e+03 2.508770258635093064e+00 1.724896571302997686e-02
1.890000000000000000e+03 2.510278025551464509e+00 1.781303139494385193e-02
1.920000000000000000e+03 2.506553550433400890e+00 1.720944789200094804e-02
1.950000000000000000e+03 2.510640170339777377e+00 1.708323654031659519e-02
1.980000000000000000e+03 2.513779165510988456e+00 1.709623686495588199e-02
2.010000000000000000e+03 2.516206670316854410e+00 1.733052813778836881e-02
2.040000000000000000e+03 2.515082032011889623e+00 1.720630708267865960e-02
2.070000000000000000e+03 2.513083826200106508e+00 1.749749993004176205e-02
2.100000000000000000e+03 2.513285609089935146e+00 1.713259251853345433e-02
2.130000000000000000e+03 2.512164428790062409e+00 1.745058980480543309e-02
2.160000000000000000e+03 2.512522966930017976e+00 1.749023455879642266e-02
2.190000000000000000e+03 2.511298124946214294e+00 1.752924835886307542e-02
2.220000000000000000e+03 2.506676734929776273e+00 1.746468789053394477e-02
2.250000000000000000e+03 2.504710456218537384e+00 1.721330984919617821e-02
2.280000000000000000e+03 2.504503901833327717e+00 1.673832187027659082e-02
2.310000000000000000e+03 2.503647994548260147e+00 1.697564993612064171e-02
2.340000000000000000e+03 2.501596115863515379e+00 1.669496941287177544e-02
2.370000000000000000e+03 2.502873444194082531e+00 1.665857456970296427e-02
2.400000000000000000e+03 2.503573235980161016e+00 1.658987763860758635e-02
2.430000000000000000e+03 2.502601968140913069e+00 1.617965587541567857e-02
2.460000000000000000e+03 2.500738466283269901e+00 1.545651505643616010e-02
2.490000000000000000e+03 2.499973228319346319e+00 1.533760209813296235e-02
2.520000000000000000e+03 2.497937652988810431e+00 1.559892609003338780e-02
2.550000000000000000e+03 2.498801074497786878e+00 1.589415877530613030e-02
2.580000000000000000e+03 2.502389252322239077e+00 1.611223525954211949e-02
2.610000000000000000e+03 2.500531764715557603e+00 1.614966904401269818e-02
2.640000000000000000e+03 2.500319537835723693e+00 1.647245582954844079e-02
2.670000000000000000e+03 2.498317324078156432e+00 1.646039227076547332e-02
2.700000000000000000e+03 2.496911358450680574e+00 1.544485500512627653e-02
2.730000000000000000e+03 2.494281816313126399e+00 1.519016151289200207e-02
2.760000000000000000e+03 2.497880240446900935e+00 1.536041696762804713e-02
2.790000000000000000e+03 2.499437892681964257e+00 1.450763399405730590e-02
2.820000000000000000e+03 2.505411748072979616e+00 1.413503262064057762e-02
2.850000000000000000e+03 2.507836149200822984e+00 1.445351142247503981e-02
2.880000000000000000e+03 2.508387288157507999e+00 1.461028738896622860e-02
2.910000000000000000e+03 2.509283821358991862e+00 1.481433733148801273e-02
2.940000000000000000e+03 2.509149030664307833e+00 1.421584418989994304e-02
2.970000000000000000e+03 2.509767930141097114e+00 1.418822588261421311e-02
3.000000000000000000e+03 2.508975718085114437e+00 1.426248362801034626e-02
3.030000000000000000e+03 2.507895129737433226e+00 1.443945688841218392e-02
3.060000000000000000e+03 2.510425832816484348e+00 1.417332981850016015e-02
3.090000000000000000e+03 2.510255138274165354e+00 1.419655855635692902e-02
3.120000000000000000e+03 2.508317561652930294e+00 1.436156107144241460e-02
3.150000000000000000e+03 2.508684950554971316e+00 1.425675425513400069e-02
3.180000000000000000e+03 2.507798680109076361e+00 1.413149409341667335e-02
3.210000000000000000e+03 2.508163231295578832e+00 1.403969679482066149e-02
3.240000000000000000e+03 2.508944705884108561e+00 1.397392409622270210e-02
3.270000000000000000e+03 2.509638037937154564e+00 1.361242375153410601e-02
3.300000000000000000e+03 2.509566195657053189e+00 1.326155264890783135e-02
3.330000000000000000e+03 2.505901944294764316e+00 1.338847253516240420e-02
3.360000000000000000e+03 2.508488010089653830e+00 1.327065514655364521e-02
3.390000000000000000e+03 2.512785316393187252e+00 1.325838513258490239e-02
3.420000000000000000e+03 2.513002924967397522e+00 1.304547037841480295e-02
3.450000000000000000e+03 2.510698604965485359e+00 1.269362997141370783e-02
3.480000000000000000e+03 2.511065953576560261e+00 1.263915830186197568e-02
3.510000000000000000e+03 2.512392591976340128e+00 1.227054031494427544e-02
3.540000000000000000e+03 2.512455528550329387e+00 1.237157470573002974e-02
3.570000000000000000e+03 2.514198398755710606e+00 1.234412044581825567e-02
3.600000000000000000e+03 2.515324994039004114e+00 1.229079709573751948e-02
3.630000000000000000e+03 2.514942988114772238e+00 1.241362678110926807e-02
3.660000000000000000e+03 2.512885953191986932e+00 1.239251377982829305e-02
3.690000000000000000e+03 2.512287464589377350e+00 1.215869425585850046e-02
3.720000000000000000e+03 2.511381633698335669e+00 1.183572760873112702e-02
3.750000000000000000e+03 2.511809083867975634e+00 1.220322142635017065e-02
3.780000000000000000e+03 2.509921783781042581e+00 1.260216173867126019e-02
3.810000000000000000e+03 2.509409471466509611e+00 1.219005473186818289e-02
3.840000000000000000e+03 2.508732105077175145e+00 1.192058136750906612e-02
3.870000000000000000e+03 2.509643164883257338e+00 1.216975646129925086e-02
3.900000000000000000e+03 2.510036051253665690e+00 1.225678321508030626e-02
3.930000000000000000e+03 2.510616458201327283e+00 1.218500767571978685e-02
3.960000000000000000e+03 2.509346565834955189e+00 1.237593119939898144e-02
3.990000000000000000e+03 2.510100415026670806e+00 1.228095539458777530e-02
4.020000000000000000e+03 2.509098257795100650e+00 1.230437223192664721e-02
4.050000000000000000e+03 2.507952600559941292e+00 1.217146266560919544e-02
4.080000000000000000e+03 2.508141263778082664e+00 1.188475194417107361e-02
4.110000000000000000e+03 2.507595964679091516e+00 1.167232791884967313e-02
4.140000000000000000e+03 2.508045437042103476e+00 1.155787205423613496e-02
4.170000000000000000e+03 2.506883169030420522e+00 1.142754203004816768e-02
4.200000000000000000e+03 2.505372637265810276e+00 1.109962961257691429e-02
4.230000000000000000e+03 2.505226811190372160e+00 1.074966879869317452e-02
4.260000000000000000e+03 2.506721570694526502e+00 1.076163994026385629e-02
4.290000000000000000e+03 2.506472212673949151e+00 1.045075101519655700e-02
4.320000000000000000e+03 2.506231005075543194e+00 1.062246793188429891e-02
4.350000000000000000e+03 2.503780441997395467e+00 1.062779648673844307e-02
4.380000000000000000e+03 2.504433003458172990e+00 1.079819089550754750e-02
4.410000000000000000e+03 2.504226004568873787e+00 1.062236648010021940e-02
4.440000000000000000e+03 2.505033680745085700e+00 1.061654391777785977e-02
4.470000000000000000e+03 2.505650339704255547e+00 1.040316499789360576e-02
4.500000000000000000e+03 2.505510343144452534e+00 1.017323760291219924e-02
4.530000000000000000e+03 2.505837765122621352e+00 1.006011546780175708e-02
4.560000000000000000e+03 2.504217598677788814e+00 1.017492567630507057e-02
4.590000000000000000e+03 2.501943402504875902e+00 9.880948426627303438e-03
4.620000000000000000e+03 2.501801899923433048e+00 9.778068526070169200e-03
4.650000000000000000e+03 2.500391078115348886e+00 1.000340724707635479e-02
4.680000000000000000e+03 2.501050884879876257e+00 1.000876974577493209e-02
4.710000000000000000e+03 2.500141533652459280e+00 1.003131451435772259e-02
4.740000000000000000e+03 2.500036289090722619e+00 9.702818736461060745e-03
4.770000000000000000e+03 2.498637429421755485e+00 9.552056101296462279e-03
4.800000000000000000e+03 2.496525220529471678e+00 9.437065368180116293e-03
4.830000000000000000e+03 2.494977304503628979e+00 9.457308599888771677e-03
4.860000000000000000e+03 2.494484273611654590e+00 9.588003903186858093e-03
4.890000000000000000e+03 2.494942948372965930e+00 9.532501947495693531e-03
4.920000000000000000e+03 2.495369534990941052e+00 9.554439663819566664e-03
4.950000000000000000e+03 2.495028215364107016e+00 9.678767376412130211e-03
4.980000000000000000e+03 2.495296724810280864e+00 9.716392032565007025e-03
5.010000000000000000e+03 2.495527497416531570e+00 9.675438622229626945e-03
5.040000000000000000e+03 2.494165555227575659e+00 9.935711355330726496e-03
5.070000000000000000e+03 2.494110937866645283e+00 9.766624174855187412e-03
5.100000000000000000e+03 2.492760867580587902e+00 9.670076013088625341e-03
5.130000000000000000e+03 2.491117108201017949e+00 9.744709340948390017e-03
5.160000000000000000e+03 2.489842901836363698e+00 9.490736617317302795e-03
5.190000000000000000e+03 2.490061967831287859e+00 9.526555709628611868e-03
5.220000000000000000e+03 2.491307299220319127e+00 9.607905163262247389e-03
5.250000000000000000e+03 2.491432547532799191e+00 9.663534296134762211e-03
5.280000000000000000e+03 2.490929979851616238e+00 9.781422465577189335e-03
5.310000000000000000e+03 2.490616903396220216e+00 9.639306964295867378e-03
5.340000000000000000e+03 2.491983828473246287e+00 9.767097775787146954e-03
5.370000000000000000e+03 2.491922776126093808e+00 9.834341574786692117e-03
5.400000000000000000e+03 2.491586229981397338e+00 9.780768200945748336e-03
5.430000000000000000e+03 2.492368917389828020e+00 9.907866446976328761e-03
5.460000000000000000e+03 2.491982695047065821e+00 9.664780627028541488e-03
5.490000000000000000e+03 2.491096167815662898e+00 9.512008413984127109e-03
5.520000000000000000e+03 2.490553533345791770e+00 9.421214706225035720e-03
5.550000000000000000e+03 2.490353190801515737e+00 9.487077709430193420e-03
5.580000000000000000e+03 2.490914765300439537e+00 9.681474929900166226e-03
5.610000000000000000e+03 2.490930784638652806e+00 9.989680681023415526e-03
5.640000000000000000e+03 2.490454032617734903e+00 1.011658735767987510e-02
5.670000000000000000e+03 2.489907331069904473e+00 9.893065070373182474e-03
5.700000000000000000e+03 2.490751790883204198e+00 9.748797425577040640e-03
5.730000000000000000e+03 2.490790817723798956e+00 9.649297026661941140e-03
5.760000000000000000e+03 2.491115247863731064e+00 9.795179687810172744e-03
5.790000000000000000e+03 2.490664210016279245e+00 9.551502068044758972e-03
5.820000000000000000e+03 2.490935586786889644e+00 9.531779539586037950e-03
5.850000000000000000e+03 2.490148787116068796e+00 9.848317045399349740e-03
5.880000000000000000e+03 2.490544138154448195e+00 1.018530999999193998e-02
5.910000000000000000e+03 2.491005018282835159e+00 1.007809008480025151e-02
5.940000000000000000e+03 2.491020703577775830e+00 1.033133050036064843e-02
5.970000000000000000e+03 2.491592917029791465e+00 1.033740539996861295e-02
6.000000000000000000e+03 2.491494874728496178e+00 1.033605149108398139e-02
6.030000000000000000e+03 2.492121617605811412e+00 1.038500326971554359e-02
6.060000000000000000e+03 2.492359741263271200e+00 1.044814796418670234e-02
6.090000000000000000e+03 2.493531372752196607e+00 1.042390008375157842e-02
6.120000000000000000e+03 2.493273089696862677e+00 1.036149204420855167e-02
6.150000000000000000e+03 2.493336325181000124e+00 1.039720330088666350e-02
6.180000000000000000e+03 2.493284711599465631e+00 1.025394746004195355e-02
6.210000000000000000e+03 2.492428130805138142e+00 9.977342582018143904e-03
6.240000000000000000e+03 2.492364618817531685e+00 1.002351900671247763e-02
6.270000000000000000e+03 2.493475111921720444e+00 1.015645003957692249e-02
6.300000000000000000e+03 2.493163618679557825e+00 1.020297986678934260e-02
6.330000000000000000e+03 2.493692999180034953e+00 1.014935690627040421e-02
6.360000000000000000e+03 2.492694822919653497e+00 1.006869119840377198e-02
6.390000000000000000e+03 2.493391995907670022e+00 1.017318242531531358e-02
6.420000000000000000e+03 2.495058739613933874e+00 1.037662923953885409e-02
6.450000000000000000e+03 2.495975809286681724e+00 1.051391991862410218e-02
6.480000000000000000e+03 2.495529937624833661e+00 1.051402695237820678e-02
6.510000000000000000e+03 2.495545944579270259e+00 1.038695739476875810e-02
6.540000000000000000e+03 2.494896699706811827e+00 1.039517121971169321e-02
6.570000000000000000e+03 2.493869308181253075e+00 1.012618083554935565e-02
6.600000000000000000e+03 2.494907417680471973e+00 1.007489638034413972e-02
6.630000000000000000e+03 2.494256518862825178e+00 1.009002609339195236e-02
6.660000000000000000e+03 2.493544177541085816e+00 9.944995007608242038e-03
6.690000000000000000e+03 2.493842645000586167e+00 9.792529964706839923e-03
6.720000000000000000e+03 2.493670618707930497e+00 9.796435846451366503e-03
6.750000000000000000e+03 2.493378972118648562e+00 9.837606933917608654e-03
6.780000000000000000e+03 2.494267471586523843e+00 9.568087588337961108e-03
6.810000000000000000e+03 2.492894837062551883e+00 9.791947296788497054e-03
6.840000000000000000e+03 2.491858892512636814e+00 9.826515912174817527e-03
6.870000000000000000e+03 2.491603287696809055e+00 9.793918622890734199e-03
6.900000000000000000e+03 2.492240231613641388e+00 9.709233618410421235e-03
6.930000000000000000e+03 2.492444009985139264e+00 9.850510525923237073e-03
6.960000000000000000e+03 2.492380994680744255e+00 9.785986992730063075e-03
6.990000000000000000e+03 2.493090841972681826e+00 9.820575370439897298e-03
7.020000000000000000e+03 2.493764152537883749e+00 9.848589741155950456e-03
7.050000000000000000e+03 2.492945114449778288e+00 9.801021183372986972e-03
7.080000000000000000e+03 2.493071254525295544e+00 9.826422599178420009e-03
7.110000000000000000e+03 2.492980633969455351e+00 9.704540687665481197e-03
7.140000000000000000e+03 2.492859010813844645e+00 9.667490388107531293e-03
7.170000000000000000e+03 2.491917915776319159e+00 9.847462716735417079e-03
7.200000000000000000e+03 2.491811954491110370e+00 9.722088491459080287e-03
7.230000000000000000e+03 2.491314008874638386e+00 9.732546751104241209e-03
7.260000000000000000e+03 2.491284607366900605e+00 9.701823426286011742e-03
7.290000000000000000e+03 2.490809039990564244e+00 9.918077743330542054e-03
7.320000000000000000e+03 2.491044942395888917e+00 9.824989016649049445e-03
7.350000000000000000e+03 2.491369903854166346e+00 1.006417664545026375e-02
7.380000000000000000e+03 2.491599580525291291e+00 9.886113818783204624e-03
7.410000000000000000e+03 2.491643879819708918e+00 9.873668002475837618e-03
7.440000000000000000e+03 2.490070835939533822e+00 9.770102287714904979e-03
7.470000000000000000e+03 2.491103657283811668e+00 9.813864438597687950e-03
7.500000000000000000e+03 2.490916944808303501e+00 9.821055141103171224e-03
7.530000000000000000e+03 2.491967123394752015e+00 9.820681406516585527e-03
7.560000000000000000e+03 2.491536733522287772e+00 9.906610368396417260e-03
7.590000000000000000e+03 2.491302516395840883e+00 9.789688766783702020e-03
7.620000000000000000e+03 2.490658182275530486e+00 9.807851224447021107e-03
7.650000000000000000e+03 2.489834108776399990e+00 9.828951987950701116e-03
7.680000000000000000e+03 2.490940413936633568e+00 9.767414397433891657e-03
7.710000000000000000e+03 2.491299901516084603e+00 9.644985957775535981e-03
7.740000000000000000e+03 2.491606146332254745e+00 9.670770671521550579e-03
7.770000000000000000e+03 2.491827035006946023e+00 9.618424005379783842e-03
7.800000000000000000e+03 2.492970910628042436e+00 9.509217829610604536e-03
7.830000000000000000e+03 2.493301698305708136e+00 9.496186435164331863e-03
7.860000000000000000e+03 2.493241347980220457e+00 9.523765423109701797e-03
7.890000000000000000e+03 2.493824262231604028e+00 9.368907360964509254e-03
7.920000000000000000e+03 2.493284016232397704e+00 9.311998978978027267e-03
7.950000000000000000e+03 2.492887211813078707e+00 9.396970080474206441e-03
7.980000000000000000e+03 2.492429980040374637e+00 9.592991138187465308e-03
8.010000000000000000e+03 2.492763700942578264e+00 9.541373371380943921e-03
8.040000000000000000e+03 2.492595375730310092e+00 9.358005960841863508e-03
8.070000000000000000e+03 2.492574987134994480e+00 9.165258927769369054e-03
8.100000000000000000e+03 2.492698572261283996e+00 9.277182672303010275e-03
8.130000000000000000e+03 2.492402231001345836e+00 9.242995489284632285e-03
8.160000000000000000e+03 2.492021755384647985e+00 9.101724098676424943e-03
8.190000000000000000e+03 2.491396440851637362e+00 9.136920573978475624e-03
8.220000000000000000e+03 2.491229781037310964e+00 9.218820717367799678e-03
8.250000000000000000e+03 2.489940889065836771e+00 9.155066463598421703e-03
8.280000000000000000e+03 2.489922478068735234e+00 9.187359576231885969e-03
8.310000000000000000e+03 2.490443804102204339e+00 9.316603438777463705e-03
8.340000000000000000e+03 2.491556622552784539e+00 9.329195178425724044e-03
8.370000000000000000e+03 2.490520200149215047e+00 9.107121920522310426e-03
8.400000000000000000e+03 2.489880713431901871e+00 8.976452233280848847e-03
8.430000000000000000e+03 2.489317525873393500e+00 9.052841751518658775e-03
8.460000000000000000e+03 2.488844884358329956e+00 8.933413604058221269e-03
8.490000000000000000e+03 2.488501646647977683e+00 9.128037644026270117e-03
8.520000000000000000e+03 2.488380042472162490e+00 9.075283636993516923e-03
8.550000000000000000e+03 2.488975246818367459e+00 9.015017941574363786e-03
8.580000000000000000e+03 2.488848926949089879e+00 8.935190067599432101e-03
8.610000000000000000e+03 2.488509202867023262e+00 8.979283185101123027e-03
8.640000000000000000e+03 2.488278203154199009e+00 8.824635133568538986e-03
8.670000000000000000e+03 2.488112790746383141e+00 8.897296547249623072e-03
8.700000000000000000e+03 2.487410910952126297e+00 9.047772804509484137e-03
8.730000000000000000e+03 2.487537959337172921e+00 9.049613199039253583e-03
8.760000000000000000e+03 2.487419871332220200e+00 8.977033988600308101e-03
8.790000000000000000e+03 2.487544564959534465e+00 8.984247503993739864e-03
8.820000000000000000e+03 2.487378094271637252e+00 9.079044389175169177e-03
8.850000000000000000e+03 2.487788970789273080e+00 9.186133430398112087e-03
8.880000000000000000e+03 2.487483987656662787e+00 8.804229653996397190e-03
8.910000000000000000e+03 2.486738156172801251e+00 8.599411416365674091e-03
8.940000000000000000e+03 2.486898309036534194e+00 8.675593521792410168e-03
8.970000000000000000e+03 2.487525574463364197e+00 8.460996056673712740e-03
9.000000000000000000e+03 2.487262833238337745e+00 8.358653878439304546e-03
9.030000000000000000e+03 2.487733708817159606e+00 8.388978762194637326e-03
9.060000000000000000e+03 2.488642418815315338e+00 8.375309847890095860e-03
9.090000000000000000e+03 2.488653206157234177e+00 8.249126976019930529e-03
9.120000000000000000e+03 2.488295077247387965e+00 8.215368116105289248e-03
9.150000000000000000e+03 2.488681645592065284e+00 8.117654467399416235e-03
9.180000000000000000e+03 2.488752270270295774e+00 8.050790506433496210e-03
9.210000000000000000e+03 2.488212487391041616e+00 7.879741181319689300e-03
9.240000000000000000e+03 2.488559580782117475e+00 7.724698930332717442e-03
9.270000000000000000e+03 2.490034980104595341e+00 7.704029136924812893e-03
9.300000000000000000e+03 2.490639243172737771e+00 7.743632218940451999e-03
9.330000000000000000e+03 2.491341731082772348e+00 7.761032902182760963e-03
9.360000000000000000e+03 2.491391847141681382e+00 7.620386871341059028e-03
9.390000000000000000e+03 2.491510102817474426e+00 7.507558868719858315e-03
9.420000000000000000e+03 2.491308266721361520e+00 7.431180569412366120e-03
9.450000000000000000e+03 2.490732206251800473e+00 7.514694630018021841e-03
9.480000000000000000e+03 2.490589219337798088e+00 7.447203627567566819e-03
9.510000000000000000e+03 2.489666846825326019e+00 7.419061921908452588e-03
9.540000000000000000e+03 2.490469771822906964e+00 7.431806406362119304e-03
9.570000000000000000e+03 2.490718730074954479e+00 7.348755943920122838e-03
9.600000000000000000e+03 2.491341169442303993e+00 7.358637000375604399e-03
9.630000000000000000e+03 2.492040994134678833e+00 7.303085599175307419e-03
9.660000000000000000e+03 2.491553361034761327e+00 7.288098525049659798e-03
9.690000000000000000e+03 2.492007311391853275e+00 7.106264888979526434e-03
9.720000000000000000e+03 2.491401665379257224e+00 7.211832059008216333e-03
9.750000000000000000e+03 2.491696263698071068e+00 7.285637728822542437e-03
9.780000000000000000e+03 2.491898287255292388e+00 7.233402629964355741e-03
9.810000000000000000e+03 2.492134740607901300e+00 7.257533015230157453e-03
9.840000000000000000e+03 2.491973310733741620e+00 7.098397451840825385e-03
9.870000000000000000e+03 2.492005785437695131e+00 6.991115199245778733e-03
9.900000000000000000e+03 2.492589570961641687e+00 6.993943670931929667e-03
9.930000000000000000e+03 2.492338687945830245e+00 7.042406702889855881e-03
9.960000000000000000e+03 2.492581304829425193e+00 6.977767321052132966e-03
9.990000000000000000e+03 2.492410629144774514e+00 7.065049557545696572e-03
1.002000000000000000e+04 2.493130482964686312e+00 7.121143834641833863e-03
1.005000000000000000e+04 2.493380281449038449e+00 7.049231203670632863e-03
1.008000000000000000e+04 2.493758693833789231e+00 7.031041503776543945e-03
1.011000000000000000e+04 2.493388649056961892e+00 7.130346668383922941e-03
1.014000000000000000e+04 2.494031265368411354e+00 7.279220782569439246e-03
1.017000000000000000e+04 2.494270486654764696e+00 7.346324310887450762e-03
1.020000000000000000e+04 2.495425749219914557e+00 7.557068915158819504e-03
1.023000000000000000e+04 2.495270966502888488e+00 7.463083305015241926e-03
1.026000000000000000e+04 2.495758258018855091e+00 7.609328744003778996e-03
1.029000000000000000e+04 2.495529238513177983e+00 7.594125744382814250e-03
1.032000000000000000e+04 2.495071503936341362e+00 7.557826334213585753e-03
1.035000000000000000e+04 2.495985974089694803e+00 7.573334765090926519e-03
1.038000000000000000e+04 2.495736807392949341e+00 7.500739504147156504e-03
1.041000000000000000e+04 2.496042795007689552e+00 7.459550237517273766e-03
1.044000000000000000e+04 2.495716753211778549e+00 7.406569712964106156e-03
1.047000000000000000e+04 2.495865988045558481e+00 7.544126123085082881e-03
1.050000000000000000e+04 2.494584047692907980e+00 7.426195342495255265e-03
1.053000000000000000e+04 2.494486798985935838e+00 7.479091202594346025e-03
1.056000000000000000e+04 2.493642458331428724e+00 7.389101883377159098e-03
1.059000000000000000e+04 2.494104434168652240e+00 7.313260048227358985e-03
1.062000000000000000e+04 2.493540659089150235e+00 7.260423789910210382e-03
1.065000000000000000e+04 2.493118416668749227e+00 7.316570122626557017e-03
1.068000000000000000e+04 2.492747729535547574e+00 7.244876615795294884e-03
1.071000000000000000e+04 2.493085940258228828e+00 7.354197199987067522e-03
1.074000000000000000e+04 2.493639474860153804e+00 7.328600874195840068e-03
1.077000000000000000e+04 2.493691909654468741e+00 7.314460609008174678e-03
1.080000000000000000e+04 2.493302270432502965e+00 7.296749842563448642e-03
1.083000000000000000e+04 2.493352444672055412e+00 7.216057417951795248e-03
1.086000000000000000e+04 2.493568926493893390e+00 7.146219092359249250e-03
1.089000000000000000e+04 2.493733294968995207e+00 7.152563458693761596e-03
1.092000000000000000e+04 2.493455001789107062e+00 7.268102609469906210e-03
1.095000000000000000e+04 2.493367096527815185e+00 7.286534671219741140e-03
1.098000000000000000e+04 2.492371643018475691e+00 7.262042445121580890e-03
1.101000000000000000e+04 2.492414819342599674e+00 7.241800801425410904e-03
1.104000000000000000e+04 2.491523702135552742e+00 7.140959949625208004e-03
1.107000000000000000e+04 2.491651835228871015e+00 7.048956421518835780e-03
1.110000000000000000e+04 2.492352268272131077e+00 7.060660500642902855e-03
1.113000000000000000e+04 2.492447327747191022e+00 7.201937089001845226e-03
1.116000000000000000e+04 2.492900959054987098e+00 7.219495917457336917e-03
1.119000000000000000e+04 2.492692390663547641e+00 7.139574581179745916e-03
1.122000000000000000e+04 2.492655928217013983e+00 7.109740936407931040e-03
1.125000000000000000e+04 2.492866293343783290e+00 7.154554758543525336e-03
1.128000000000000000e+04 2.492730187514478946e+00 7.130467364971212682e-03
1.131000000000000000e+04 2.492664594504237829e+00 7.177229552235239556e-03
1.134000000000000000e+04 2.493062301506328460e+00 7.208065905742736500e-03
1.137000000000000000e+04 2.493028042993549853e+00 7.235888084400805137e-03
1.140000000000000000e+04 2.493617430439353910e+00 7.259510654788939484e-03
1.143000000000000000e+04 2.493301816317094577e+00 7.228412664446457088e-03
1.146000000000000000e+04 2.493909274511644014e+00 7.262393334931837273e-03
1.149000000000000000e+04 2.493873861911573453e+00 7.332479933433395936e-03
1.152000000000000000e+04 2.493937700382650835e+00 7.340756850734285466e-03
1.155000000000000000e+04 2.494029012853298255e+00 7.299442903273447962e-03
1.158000000000000000e+04 2.494453709106878581e+00 7.344490063269814260e-03
1.161000000000000000e+04 2.495096866638890631e+00 7.426196952900971163e-03
1.164000000000000000e+04 2.494775416324889861e+00 7.460112965833766777e-03
1.167000000000000000e+04 2.494813784897999653e+00 7.574591170315104344e-03
1.170000000000000000e+04 2.494841603071521696e+00 7.638355384813605778e-03
1.173000000000000000e+04 2.494767609204909586e+00 7.630844245045472103e-03
1.176000000000000000e+04 2.494246038190222059e+00 7.474892743892180835e-03
1.179000000000000000e+04 2.494466698838333052e+00 7.472819384197231657e-03
1.182000000000000000e+04 2.494384670230757717e+00 7.537128816640825853e-03
1.185000000000000000e+04 2.494158135462181125e+00 7.553306593517161716e-03
1.188000000000000000e+04 2.493507265816933050e+00 7.594534990667207996e-03
1.191000000000000000e+04 2.493388237298912014e+00 7.562086259519318343e-03
1.194000000000000000e+04 2.493341591071671637e+00 7.485390557660528618e-03
1.197000000000000000e+04 2.493639503468540131e+00 7.462772079458166070e-03
1.200000000000000000e+04 2.493716256605014170e+00 7.453379654365876149e-03
1.203000000000000000e+04 2.493462690654032254e+00 7.469586644955811261e-03
1.206000000000000000e+04 2.493578972770293944e+00 7.430461976723578069e-03
1.209000000000000000e+04 2.493045019669732021e+00 7.408473866890062827e-03
1.212000000000000000e+04 2.492803607019461243e+00 7.326582466112001313e-03
1.215000000000000000e+04 2.493509993982607753e+00 7.424499892298514793e-03
1.218000000000000000e+04 2.493661998638257771e+00 7.440717222343526741e-03
1.221000000000000000e+04 2.493635915360531197e+00 7.432512964375907749e-03
1.224000000000000000e+04 2.493056730139739940e+00 7.285978921847075483e-03
1.227000000000000000e+04 2.493342119587305561e+00 7.238905921352183255e-03
1.230000000000000000e+04 2.492771777547950318e+00 7.195685608254102743e-03
1.233000000000000000e+04 2.492683354926301220e+00 7.186637802553468186e-03
1.236000000000000000e+04 2.492960824830507960e+00 7.220317624095451067e-03
1.239000000000000000e+04 2.493048350676272396e+00 7.173623983904512183e-03
1.242000000000000000e+04 2.492868695608326135e+00 7.129133903447240801e-03
1.245000000000000000e+04 2.493113579899802534e+00 7.163089415136376752e-03
1.248000000000000000e+04 2.493617740307192410e+00 6.988780596757420381e-03
1.251000000000000000e+04 2.493617895943998963e+00 7.083631075965971316e-03
1.254000000000000000e+04 2.493483187947573843e+00 6.988931844149097287e-03
1.257000000000000000e+04 2.492824486959960506e+00 6.988659311235141322e-03
1.260000000000000000e+04 2.492336493834734323e+00 6.787386110624468206e-03
1.263000000000000000e+04 2.492367013697259992e+00 6.806757918309360063e-03
1.266000000000000000e+04 2.492271186202808408e+00 6.836779655954756951e-03
1.269000000000000000e+04 2.492087380136875474e+00 6.916962043665786722e-03
1.272000000000000000e+04 2.492073810061064876e+00 6.949418024258536761e-03
1.275000000000000000e+04 2.492503168588460660e+00 6.931160979560254537e-03
1.278000000000000000e+04 2.493156917133172890e+00 6.856337821514354482e-03
1.281000000000000000e+04 2.493120367776029411e+00 6.891888904021626315e-03
1.284000000000000000e+04 2.492979347333504236e+00 6.849065079889746395e-03
1.287000000000000000e+04 2.493591623617736452e+00 6.889995722507360684e-03
1.290000000000000000e+04 2.493375724906173208e+00 6.742462023445126330e-03
1.293000000000000000e+04 2.493838241521035837e+00 6.757925058087644633e-03
1.296000000000000000e+04 2.493859634883915710e+00 6.799837507689419566e-03
1.299000000000000000e+04 2.493263253428232407e+00 6.770698358847771284e-03
1.302000000000000000e+04 2.492507202000901145e+00 6.803776178257979652e-03
1.305000000000000000e+04 2.492552601850696714e+00 6.788117145367551092e-03
1.308000000000000000e+04 2.492544199334638666e+00 6.750994292770646013e-03
1.311000000000000000e+04 2.492622858911696770e+00 6.694044519974565698e-03
1.314000000000000000e+04 2.492400785640160432e+00 6.783504822301697317e-03
1.317000000000000000e+04 2.492699161438512334e+00 6.762286174009107635e-03
1.320000000000000000e+04 2.492378602343948923e+00 6.804941932999564874e-03
1.323000000000000000e+04 2.491992080889702699e+00 6.895895969843885732e-03
1.326000000000000000e+04 2.491689960172651652e+00 6.909712031109918606e-03
1.329000000000000000e+04 2.491595229283551927e+00 6.883305033765407289e-03
1.332000000000000000e+04 2.491616531222497599e+00 6.879989198068165585e-03
1.335000000000000000e+04 2.491054647057051152e+00 6.899546957213527516e-03
1.338000000000000000e+04 2.491195952996116070e+00 6.874742964937002355e-03
1.341000000000000000e+04 2.491256158750384309e+00 6.843829429375144872e-03
1.344000000000000000e+04 2.491222036595718059e+00 6.809213959463558674e-03
1.347000000000000000e+04 2.490761479785791987e+00 6.744931141424713103e-03
1.350000000000000000e+04 2.490368020361351409e+00 6.764404905337946874e-03
1.353000000000000000e+04 2.490582982369547338e+00 6.774732487795964535e-03
1.356000000000000000e+04 2.490096709095849459e+00 6.788118872250601711e-03
1.359000000000000000e+04 2.490111530438235743e+00 6.789788272093994631e-03
1.362000000000000000e+04 2.489929172004674562e+00 6.842648249462431401e-03
1.365000000000000000e+04 2.489698067624234401e+00 6.812352344007506326e-03
1.368000000000000000e+04 2.489846693095496111e+00 6.803102493210392773e-03
1.371000000000000000e+04 2.489805470605940041e+00 6.740441079745571919e-03
1.374000000000000000e+04 2.489906798035965263e+00 6.787984883338833882e-03
1.377000000000000000e+04 2.489997681711384470e+00 6.787381280931438152e-03
1.380000000000000000e+04 2.490150619844451629e+00 6.820846911496722051e-03
1.383000000000000000e+04 2.489295737418095733e+00 6.819885703103018872e-03
1.386000000000000000e+04 2.488609253991202142e+00 6.715801374018584742e-03
1.389000000000000000e+04 2.488236750403025610e+00 6.717283056714913256e-03
1.392000000000000000e+04 2.488408495382396612e+00 6.639512510075594801e-03
1.395000000000000000e+04 2.488929673242705753e+00 6.663693128927844142e-03
1.398000000000000000e+04 2.489680318364586142e+00 6.535225179788787565e-03
1.401000000000000000e+04 2.490216952138390116e+00 6.411267981112170680e-03
1.404000000000000000e+04 2.489954621020406211e+00 6.353480791209007925e-03
1.407000000000000000e+04 2.490125267477922399e+00 6.339743310469284077e-03
1.410000000000000000e+04 2.489807437119247790e+00 6.364952746934027759e-03
1.413000000000000000e+04 2.489595595981612064e+00 6.273531968441252264e-03
1.416000000000000000e+04 2.489700026974567049e+00 6.232127960972067178e-03
1.419000000000000000e+04 2.489724507087905714e+00 6.285017248076616055e-03
1.422000000000000000e+04 2.489126650769782678e+00 6.177923605283987089e-03
1.425000000000000000e+04 2.489142587083306601e+00 6.235026649648987666e-03
1.428000000000000000e+04 2.489766246397726590e+00 6.112762374870523395e-03
1.431000000000000000e+04 2.490076364545279031e+00 6.042015484932172081e-03
1.434000000000000000e+04 2.489755473194981583e+00 6.099122426012897058e-03
1.437000000000000000e+04 2.489331028937511459e+00 6.199855351827501804e-03
1.440000000000000000e+04 2.489558606373143856e+00 6.112689667419030776e-03
1.443000000000000000e+04 2.489707667233067578e+00 6.128114815151829327e-03
1.446000000000000000e+04 2.489823524335454064e+00 6.123184985647459749e-03
1.449000000000000000e+04 2.489849217029909134e+00 6.234353888087506082e-03
1.452000000000000000e+04 2.489871062172736682e+00 6.260231333072928395e-03
1.455000000000000000e+04 2.490059308133392602e+00 6.320537277021759034e-03
1.458000000000000000e+04 2.490589072846669527e+00 6.331468679871929406e-03
1.461000000000000000e+04 2.489892969793374711e+00 6.325041527915707673e-03
1.464000000000000000e+04 2.490259199063860507e+00 6.334295626040796663e-03
1.467000000000000000e+04 2.490590413716884832e+00 6.307007537911752358e-03
1.470000000000000000e+04 2.490651142272549023e+00 6.318503756542489733e-03
1.473000000000000000e+04 2.490825332396652936e+00 6.272412795812689831e-03
1.476000000000000000e+04 2.490741393301299844e+00 6.318162794269101441e-03
1.479000000000000000e+04 2.490648260730187857e+00 6.262465533957606474e-03
1.482000000000000000e+04 2.490959847549995221e+00 6.261690941554925484e-03
1.485000000000000000e+04 2.491127851527877635e+00 6.323490462914718030e-03
1.488000000000000000e+04 2.490785040795050254e+00 6.302304543329117700e-03
1.491000000000000000e+04 2.490869340642833940e+00 6.277110929979042367e-03
1.494000000000000000e+04 2.490476271670441832e+00 6.263776348833527581e-03
1.497000000000000000e+04 2.490356701079620372e+00 6.256904205528252168e-03
1.500000000000000000e+04 2.490083366429070022e+00 6.325214552635662936e-03
