# # n, sigma
3.000000000000000000e+01 2.469046021070948616e+00 5.590734743974191262e-02
6.000000000000000000e+01 2.427139618585945069e+00 5.093046408290374805e-02
9.000000000000000000e+01 2.406044742731255237e+00 4.429721095768289485e-02
1.200000000000000000e+02 2.383899847324665533e+00 4.345723115816932380e-02
1.500000000000000000e+02 2.393830527908718420e+00 4.328553333026095851e-02
1.800000000000000000e+02 2.402065417551527027e+00 5.423091308419623890e-02
2.100000000000000000e+02 2.482747731354087772e+00 5.976118751522110917e-02
2.400000000000000000e+02 2.470136362404251607e+00 5.891321115838128730e-02
2.700000000000000000e+02 2.447196181363848755e+00 5.686225849356024015e-02
3.000000000000000000e+02 2.439833434997713546e+00 5.096098777701189853e-02
3.300000000000000000e+02 2.449866235024366290e+00 4.847782988585071923e-02
3.600000000000000000e+02 2.460143472385472929e+00 3.970560200669073780e-02
3.900000000000000000e+02 2.443916657807720494e+00 4.093710772431419231e-02
4.200000000000000000e+02 2.453000929714244549e+00 4.463848733736407864e-02
4.500000000000000000e+02 2.462605133034496241e+00 5.243774142702075508e-02
4.800000000000000000e+02 2.489281246993007457e+00 4.711069411737454915e-02
5.100000000000000000e+02 2.501741136139963739e+00 5.192166368248169600e-02
5.400000000000000000e+02 2.548249376242251341e+00 5.503224421478797312e-02
5.700000000000000000e+02 2.505111965412673225e+00 5.290832677938931555e-02
6.000000000000000000e+02 2.508072456644932835e+00 4.941217495906994467e-02
6.300000000000000000e+02 2.517152388377072114e+00 4.833886947531497447e-02
6.600000000000000000e+02 2.511257991660725164e+00 4.455944764302286615e-02
6.900000000000000000e+02 2.495466623662498495e+00 3.976572664174033572e-02
7.200000000000000000e+02 2.501436791620915034e+00 3.434605693449824942e-02
7.500000000000000000e+02 2.487634178768307169e+00 3.256789528765573899e-02
7.800000000000000000e+02 2.487863742698339653e+00 2.963241494601360701e-02
8.100000000000000000e+02 2.484819782668731047e+00 2.932727081982396122e-02
8.400000000000000000e+02 2.493008241513929413e+00 2.686263884088154613e-02
8.700000000000000000e+02 2.500106697529922428e+00 2.569644915575272637e-02
9.000000000000000000e+02 2.500912666454975675e+00 2.242368042565774655e-02
9.300000000000000000e+02 2.500908192754967896e+00 2.301934883122640912e-02
9.600000000000000000e+02 2.487671315876426981e+00 2.219076691717137423e-02
9.900000000000000000e+02 2.487341770490279380e+00 2.170401331322033278e-02
1.020000000000000000e+03 2.487835367444112045e+00 2.147042335927273199e-02
1.050000000000000000e+03 2.487943319517363694e+00 2.160389148303671486e-02
1.080000000000000000e+03 2.491860799633228041e+00 2.144860831980117608e-02
1.110000000000000000e+03 2.494096607974610968e+00 2.277961407774050859e-02
1.140000000000000000e+03 2.498678032917634351e+00 2.250427053760064092e-02
1.170000000000000000e+03 2.492740800880322460e+00 2.255991250001976658e-02
1.200000000000000000e+03 2.497760536916263430e+00 2.310254419343557922e-02
1.230000000000000000e+03 2.497285789607047946e+00 2.390798506335503962e-02
1.260000000000000000e+03 2.499992102764486912e+00 2.431044633601945476e-02
1.290000000000000000e+03 2.496601868027675586e+00 2.320829861189753832e-02
1.320000000000000000e+03 2.494119410097943135e+00 2.286546465047226834e-02
1.350000000000000000e+03 2.504145385221636655e+00 2.299511786188294243e-02
1.380000000000000000e+03 2.504304100541697498e+00 2.214941605818435480e-02
1.410000000000000000e+03 2.504831428787940073e+00 2.168757847741047823e-02
1.440000000000000000e+03 2.498199555495208557e+00 2.118002576050090346e-02
1.470000000000000000e+03 2.501224132366110187e+00 2.063017963926496237e-02
1.500000000000000000e+03 2.505912155325433321e+00 1.959473702299607475e-02
1.530000000000000000e+03 2.508849106803933360e+00 1.908927595833475113e-02
1.560000000000000000e+03 2.502904388523101264e+00 1.847126953813280417e-02
1.590000000000000000e+03 2.499399031352476985e+00 1.777964286961579085e-02
1.620000000000000000e+03 2.499282216332324058e+00 1.810720121334075811e-02
1.650000000000000000e+03 2.497110573903413400e+00 1.761048469681620807e-02
1.680000000000000000e+03 2.495756879816537488e+00 1.737714549535107275e-02
1.710000000000000000e+03 2.492878861512834110e+00 1.839504656577526168e-02
1.740000000000000000e+03 2.489521626858735015e+00 1.756472102808973035e-02
1.770000000000000000e+03 2.490476619835449323e+00 1.866158720656032818e-02
1.800000000000000000e+03 2.490129323425637420e+00 1.818338359732272688e-02
1.830000000000000000e+03 2.488135906045897183e+00 1.797357171919281710e-02
1.860000000000000000e+03 2.489786022496107254e+00 1.827792473929865796e-02
1.890000000000000000e+03 2.493434036447125912e+00 1.866301636570718778e-02
1.920000000000000000e+03 2.494544116458641714e+00 1.839983424969462988e-02
1.950000000000000000e+03 2.493960118851227925e+00 1.716510733497888033e-02
1.980000000000000000e+03 2.493046588183787549e+00 1.642363255872640940e-02
2.010000000000000000e+03 2.490400150384721734e+00 1.645393874155638356e-02
2.040000000000000000e+03 2.491422110910128662e+00 1.705661316821248039e-02
2.070000000000000000e+03 2.487664211070683695e+00 1.678568893498049233e-02
2.100000000000000000e+03 2.487504383452308065e+00 1.672536456441036865e-02
2.130000000000000000e+03 2.483462690411479379e+00 1.653871380236779376e-02
2.160000000000000000e+03 2.483587203444168168e+00 1.619396680684280498e-02
2.190000000000000000e+03 2.482319304772428126e+00 1.622881217415534510e-02
2.220000000000000000e+03 2.484250548663312408e+00 1.695977038535444875e-02
2.250000000000000000e+03 2.483589413383478384e+00 1.749685743730641091e-02
2.280000000000000000e+03 2.482813079059712713e+00 1.723190499404633064e-02
2.310000000000000000e+03 2.483021684594930889e+00 1.679150380160797720e-02
2.340000000000000000e+03 2.480530240394303032e+00 1.667820984699889056e-02
2.370000000000000000e+03 2.481053349102149586e+00 1.649180900101074321e-02
2.400000000000000000e+03 2.483552469872863711e+00 1.626755357248139619e-02
2.430000000000000000e+03 2.486071205732235168e+00 1.615568879066722058e-02
2.460000000000000000e+03 2.487131747576033725e+00 1.666989078246836758e-02
2.490000000000000000e+03 2.487741179662685820e+00 1.587669180219371257e-02
2.520000000000000000e+03 2.487801444217740077e+00 1.541652096936732899e-02
2.550000000000000000e+03 2.486972650645609573e+00 1.465368809025302532e-02
2.580000000000000000e+03 2.485136104881318087e+00 1.461530483627216347e-02
2.610000000000000000e+03 2.484385474497631918e+00 1.505916253316566013e-02
2.640000000000000000e+03 2.485944521982215605e+00 1.532596165142207506e-02
2.670000000000000000e+03 2.483461892366364498e+00 1.513466744162617755e-02
2.700000000000000000e+03 2.485191381336496974e+00 1.505054268286977470e-02
2.730000000000000000e+03 2.489101592702064103e+00 1.544249960897975740e-02
2.760000000000000000e+03 2.489167006961767292e+00 1.535829570663939728e-02
2.790000000000000000e+03 2.489007606694832564e+00 1.504734885552846090e-02
2.820000000000000000e+03 2.489044070979408385e+00 1.481115607708825312e-02
2.850000000000000000e+03 2.489316072373691568e+00 1.489045920043397669e-02
2.880000000000000000e+03 2.487110108067178693e+00 1.474808929305236258e-02
2.910000000000000000e+03 2.487158759044948209e+00 1.442295545771410392e-02
2.940000000000000000e+03 2.487821761676936028e+00 1.433247891407283398e-02
2.970000000000000000e+03 2.488858606964868603e+00 1.429026995264238119e-02
3.000000000000000000e+03 2.487903541279333997e+00 1.422776540546303453e-02
3.030000000000000000e+03 2.487797445143014485e+00 1.440296775336661651e-02
3.060000000000000000e+03 2.488269881430232200e+00 1.448057824145083938e-02
3.090000000000000000e+03 2.488598585324075518e+00 1.447478451307008217e-02
3.120000000000000000e+03 2.489221925302534721e+00 1.457668823052983911e-02
3.150000000000000000e+03 2.491415343812085847e+00 1.469947579942294108e-02
3.180000000000000000e+03 2.490626388517281686e+00 1.435438603101397113e-02
3.210000000000000000e+03 2.491914019420546467e+00 1.406360661729549530e-02
3.240000000000000000e+03 2.494130729175980665e+00 1.423838569655409142e-02
3.270000000000000000e+03 2.495949667036210684e+00 1.436015868486588930e-02
3.300000000000000000e+03 2.496301802723318364e+00 1.439369068758021217e-02
3.330000000000000000e+03 2.494543124512079935e+00 1.455145942162344198e-02
3.360000000000000000e+03 2.493733375632977811e+00 1.457430202213619297e-02
3.390000000000000000e+03 2.493409437926088046e+00 1.453654008273202666e-02
3.420000000000000000e+03 2.493227559621671752e+00 1.503106527500250485e-02
3.450000000000000000e+03 2.492628357071094758e+00 1.470470165891209560e-02
3.480000000000000000e+03 2.492760427966970393e+00 1.471269039700003577e-02
3.510000000000000000e+03 2.491261837485544639e+00 1.429676617093378344e-02
3.540000000000000000e+03 2.495169398106422687e+00 1.451194430507120325e-02
3.570000000000000000e+03 2.494477152227577932e+00 1.466831157315418716e-02
3.600000000000000000e+03 2.493845117310723225e+00 1.446518243231706066e-02
3.630000000000000000e+03 2.493274110683235900e+00 1.425076573366144093e-02
3.660000000000000000e+03 2.492771407286773488e+00 1.482341078946902528e-02
3.690000000000000000e+03 2.492572448079251934e+00 1.459301474999428333e-02
3.720000000000000000e+03 2.494903829743160717e+00 1.470910251008693791e-02
3.750000000000000000e+03 2.493013994141243028e+00 1.459431938994465612e-02
3.780000000000000000e+03 2.492722157552373030e+00 1.419222866673069093e-02
3.810000000000000000e+03 2.492497765742691662e+00 1.417532080678366412e-02
3.840000000000000000e+03 2.493957008075002868e+00 1.390057858779743943e-02
3.870000000000000000e+03 2.494613869018152741e+00 1.375218630266203737e-02
3.900000000000000000e+03 2.496487211303233256e+00 1.390874675046671269e-02
3.930000000000000000e+03 2.498337634697744836e+00 1.382633067140363013e-02
3.960000000000000000e+03 2.496406490999475647e+00 1.366197979572948869e-02
3.990000000000000000e+03 2.495491649841808712e+00 1.361480042946065609e-02
4.020000000000000000e+03 2.496714011264172584e+00 1.327795242882100907e-02
4.050000000000000000e+03 2.498189302903093267e+00 1.300974437358480909e-02
4.080000000000000000e+03 2.496461463957800664e+00 1.301302080358717785e-02
4.110000000000000000e+03 2.496944473376717433e+00 1.280379198978293109e-02
4.140000000000000000e+03 2.497175303088011500e+00 1.267612095642636945e-02
4.170000000000000000e+03 2.495562706442494783e+00 1.239755562540305854e-02
4.200000000000000000e+03 2.497110167904837308e+00 1.277505211028982790e-02
4.230000000000000000e+03 2.496981286557420354e+00 1.254105708782983497e-02
4.260000000000000000e+03 2.497969398992817336e+00 1.267385098459869637e-02
4.290000000000000000e+03 2.497898720803053418e+00 1.254150709597793775e-02
4.320000000000000000e+03 2.497516897320061435e+00 1.259713761936208376e-02
4.350000000000000000e+03 2.496270088090788875e+00 1.246179979087498786e-02
4.380000000000000000e+03 2.497350522634006698e+00 1.258002824563277458e-02
4.410000000000000000e+03 2.496617583555904130e+00 1.256084852077663655e-02
4.440000000000000000e+03 2.495026792846427366e+00 1.266009258846033207e-02
4.470000000000000000e+03 2.495511030847392675e+00 1.268972985902179669e-02
4.500000000000000000e+03 2.493334565671018854e+00 1.224088897480810588e-02
4.530000000000000000e+03 2.494557444043610239e+00 1.195914428351989474e-02
4.560000000000000000e+03 2.495029848405537543e+00 1.184547025246251474e-02
4.590000000000000000e+03 2.493619072717631280e+00 1.147552719855444471e-02
4.620000000000000000e+03 2.492939962685408073e+00 1.155737983151147209e-02
4.650000000000000000e+03 2.493053841054136299e+00 1.184595635644591916e-02
4.680000000000000000e+03 2.492042939021715142e+00 1.163849406941613353e-02
4.710000000000000000e+03 2.492651783591102177e+00 1.126549554618079541e-02
4.740000000000000000e+03 2.495297142835628090e+00 1.107036846074250201e-02
4.770000000000000000e+03 2.495706264223802595e+00 1.109708468840940078e-02
4.800000000000000000e+03 2.495534048341856437e+00 1.105872585232471270e-02
4.830000000000000000e+03 2.496256431335899251e+00 1.104613941791352839e-02
4.860000000000000000e+03 2.496346659402754575e+00 1.138419591784592053e-02
4.890000000000000000e+03 2.497895176595500644e+00 1.109395531382499286e-02
4.920000000000000000e+03 2.497708357241783972e+00 1.128290480362511075e-02
4.950000000000000000e+03 2.497024930510464369e+00 1.118990631504111419e-02
4.980000000000000000e+03 2.496232848146673788e+00 1.123520711443760749e-02
5.010000000000000000e+03 2.496058118271793802e+00 1.118525863354399331e-02
5.040000000000000000e+03 2.495574940195631530e+00 1.118044228402787811e-02
5.070000000000000000e+03 2.495887060367940613e+00 1.098075296369450948e-02
5.100000000000000000e+03 2.495842306962239299e+00 1.079414592550086843e-02
5.130000000000000000e+03 2.495878824462180567e+00 1.071432259025989139e-02
5.160000000000000000e+03 2.494367762790559606e+00 1.060057647374279544e-02
5.190000000000000000e+03 2.494585461030181861e+00 1.061483226822832783e-02
5.220000000000000000e+03 2.495706681697865914e+00 1.073776369100339426e-02
5.250000000000000000e+03 2.497513098411373811e+00 1.077960208256660904e-02
5.280000000000000000e+03 2.498719415339551997e+00 1.078842288022637506e-02
5.310000000000000000e+03 2.498281226152095247e+00 1.083784827569752099e-02
5.340000000000000000e+03 2.498644828230474513e+00 1.100921812865847393e-02
5.370000000000000000e+03 2.498597477156075719e+00 1.109961315008545571e-02
5.400000000000000000e+03 2.499655733475629749e+00 1.108719107151245713e-02
5.430000000000000000e+03 2.498628955417184994e+00 1.092718901817671222e-02
5.460000000000000000e+03 2.497858891408235582e+00 1.100784665674347206e-02
5.490000000000000000e+03 2.496477519447166671e+00 1.084747559379415846e-02
5.520000000000000000e+03 2.496830128346440691e+00 1.101682063362447415e-02
5.550000000000000000e+03 2.498204414641426396e+00 1.067924988716891649e-02
5.580000000000000000e+03 2.498075811008447555e+00 1.069699652393025884e-02
5.610000000000000000e+03 2.497550620623321116e+00 1.057779116968485603e-02
5.640000000000000000e+03 2.497354176630710132e+00 1.026544303462817095e-02
5.670000000000000000e+03 2.496029481956712370e+00 1.038321551063064313e-02
5.700000000000000000e+03 2.495961770103783728e+00 1.024847089721149518e-02
5.730000000000000000e+03 2.495133574064299253e+00 1.033950510770539552e-02
5.760000000000000000e+03 2.494971904029053000e+00 1.020420964351716892e-02
5.790000000000000000e+03 2.494937311125499324e+00 1.000397608913029986e-02
5.820000000000000000e+03 2.494241989612429045e+00 9.970574296874921624e-03
5.850000000000000000e+03 2.495102879155311815e+00 1.021578553739138293e-02
5.880000000000000000e+03 2.495339700744543698e+00 1.018082510158680246e-02
5.910000000000000000e+03 2.495061256977171293e+00 1.004792334556903199e-02
5.940000000000000000e+03 2.495826659731647634e+00 1.013356706495414233e-02
5.970000000000000000e+03 2.496384602080679471e+00 1.002190286139463885e-02
6.000000000000000000e+03 2.497045670165091824e+00 1.010683635473508257e-02
6.030000000000000000e+03 2.497337399113936041e+00 1.017978749638901934e-02
6.060000000000000000e+03 2.497333753372630749e+00 1.015136703893298672e-02
6.090000000000000000e+03 2.497931390353075987e+00 1.019531156509977977e-02
6.120000000000000000e+03 2.497491384612454901e+00 1.011887817298345697e-02
6.150000000000000000e+03 2.498433381748635274e+00 9.967854794972360460e-03
6.180000000000000000e+03 2.498629690660416180e+00 9.953595657895357093e-03
6.210000000000000000e+03 2.498063685442182713e+00 9.999518482593363483e-03
6.240000000000000000e+03 2.497842326123328682e+00 1.001842730151605333e-02
6.270000000000000000e+03 2.497620916953572134e+00 9.868641161015000857e-03
6.300000000000000000e+03 2.498304419746796956e+00 9.849595653626537495e-03
6.330000000000000000e+03 2.498161409889218199e+00 9.968474875789517034e-03
6.360000000000000000e+03 2.497704435147201973e+00 1.020790468713472787e-02
6.390000000000000000e+03 2.497457829678894292e+00 1.031298980785693049e-02
6.420000000000000000e+03 2.498526895584411545e+00 1.041969314969668457e-02
6.450000000000000000e+03 2.499222433595222448e+00 1.036427827921162885e-02
6.480000000000000000e+03 2.499438722253182643e+00 1.038092101889357896e-02
6.510000000000000000e+03 2.498643511594236699e+00 1.019678735426874684e-02
6.540000000000000000e+03 2.498598086056396550e+00 1.020889819006520240e-02
6.570000000000000000e+03 2.497953383005262484e+00 1.016261616473415098e-02
6.600000000000000000e+03 2.498013193666056786e+00 1.006317840311862430e-02
6.630000000000000000e+03 2.498092545320963698e+00 1.020809449643821781e-02
6.660000000000000000e+03 2.498509750092519077e+00 1.027160909093870374e-02
6.690000000000000000e+03 2.498604730213919378e+00 1.022240599266715372e-02
6.720000000000000000e+03 2.497861169582740182e+00 1.036946150056553169e-02
6.750000000000000000e+03 2.499096284603094187e+00 1.039635506360657262e-02
6.780000000000000000e+03 2.499931337190919756e+00 1.024160375012128470e-02
6.810000000000000000e+03 2.500351524049232221e+00 1.024546735870299381e-02
6.840000000000000000e+03 2.500652018751686967e+00 1.018450794013417773e-02
6.870000000000000000e+03 2.500797208338019662e+00 9.949522461199187054e-03
6.900000000000000000e+03 2.501461483605837088e+00 9.954641781790420779e-03
6.930000000000000000e+03 2.500410837361243477e+00 9.785186535988510056e-03
6.960000000000000000e+03 2.500420247735104962e+00 9.460151552511057715e-03
6.990000000000000000e+03 2.499749111474778296e+00 9.514117026868103982e-03
7.020000000000000000e+03 2.500725565891669167e+00 9.531816281645691391e-03
7.050000000000000000e+03 2.500428211081176855e+00 9.624304758878710064e-03
7.080000000000000000e+03 2.500537783843507444e+00 9.769956316528992032e-03
7.110000000000000000e+03 2.500268412985690247e+00 1.002159419056278256e-02
7.140000000000000000e+03 2.499481566109879704e+00 9.712196280178803098e-03
7.170000000000000000e+03 2.499493346557272400e+00 9.698215960821252035e-03
7.200000000000000000e+03 2.500201271247952217e+00 9.773732336946781493e-03
7.230000000000000000e+03 2.499532116039465013e+00 9.732547713573107967e-03
7.260000000000000000e+03 2.498680953654773607e+00 9.635369683918168157e-03
7.290000000000000000e+03 2.498343176341077942e+00 9.602561298499486322e-03
7.320000000000000000e+03 2.497963588926066070e+00 9.561805921903702293e-03
7.350000000000000000e+03 2.498067101982077709e+00 9.696894054948059297e-03
7.380000000000000000e+03 2.497364975620776306e+00 9.715124679015233258e-03
7.410000000000000000e+03 2.498260466133710445e+00 9.560788488456810341e-03
7.440000000000000000e+03 2.498282612898171440e+00 9.541860797792586432e-03
7.470000000000000000e+03 2.497338307086788944e+00 9.453290465108274421e-03
7.500000000000000000e+03 2.497517904017422463e+00 9.337340024976140476e-03
7.530000000000000000e+03 2.497073972189762348e+00 9.210244034924895684e-03
7.560000000000000000e+03 2.497286811789745542e+00 9.187600855569860378e-03
7.590000000000000000e+03 2.497733380600715591e+00 8.936199232459670141e-03
7.620000000000000000e+03 2.498880409587016072e+00 8.822139092589735901e-03
7.650000000000000000e+03 2.499027629536004547e+00 8.841196042501775487e-03
7.680000000000000000e+03 2.499052553151003497e+00 8.831202311719776529e-03
7.710000000000000000e+03 2.498660546429943174e+00 8.918174726784444326e-03
7.740000000000000000e+03 2.499024725242935840e+00 9.013157173248652343e-03
7.770000000000000000e+03 2.499883396361869181e+00 9.033809150608713284e-03
7.800000000000000000e+03 2.500441307152322157e+00 9.146275523140165453e-03
7.830000000000000000e+03 2.500881475686973054e+00 9.153894188229004525e-03
7.860000000000000000e+03 2.502426417993187435e+00 9.267053402378761309e-03
7.890000000000000000e+03 2.502828095598528257e+00 9.317979725831758084e-03
7.920000000000000000e+03 2.502670129764698714e+00 9.367257012336965144e-03
7.950000000000000000e+03 2.502559325500515186e+00 9.407876734906969393e-03
7.980000000000000000e+03 2.500850171657623466e+00 9.261185338903007991e-03
8.010000000000000000e+03 2.500409540122540353e+00 9.159653172206384808e-03
8.040000000000000000e+03 2.500230539029808963e+00 9.016747202472679551e-03
8.070000000000000000e+03 2.500557858483830387e+00 9.279152521892989475e-03
8.100000000000000000e+03 2.500580702961444413e+00 9.228779152073618777e-03
8.130000000000000000e+03 2.499852497307466503e+00 9.131984820815796516e-03
8.160000000000000000e+03 2.500563152483866070e+00 9.140001178153995057e-03
8.190000000000000000e+03 2.500067414515208863e+00 9.060137828708061600e-03
8.220000000000000000e+03 2.500178565313497803e+00 8.878098731453058778e-03
8.250000000000000000e+03 2.500083358749950246e+00 9.089149718173056974e-03
8.280000000000000000e+03 2.500805044326245508e+00 9.326096345997113637e-03
8.310000000000000000e+03 2.500477158296617652e+00 9.332018756159713921e-03
8.340000000000000000e+03 2.499647129457945649e+00 9.233044215527246371e-03
8.370000000000000000e+03 2.499121813079966614e+00 9.249040491662030572e-03
8.400000000000000000e+03 2.498777891735306067e+00 9.273317254636353341e-03
8.430000000000000000e+03 2.498394122976513199e+00 9.267474480740467771e-03
8.460000000000000000e+03 2.498107839700729471e+00 9.269755045920128125e-03
8.490000000000000000e+03 2.497763004670804587e+00 9.352632299920816961e-03
8.520000000000000000e+03 2.497756107476527099e+00 9.437915884116661672e-03
8.550000000000000000e+03 2.497786506291054920e+00 9.327232421390461992e-03
8.580000000000000000e+03 2.497868405160114769e+00 9.244498120962181542e-03
8.610000000000000000e+03 2.498208304284342152e+00 9.159905376731791032e-03
8.640000000000000000e+03 2.497733216676401025e+00 9.164178246397971725e-03
8.670000000000000000e+03 2.496451072101916857e+00 9.112472873807600862e-03
8.700000000000000000e+03 2.495957204902223836e+00 9.249907237548376723e-03
8.730000000000000000e+03 2.496192377712409538e+00 9.251833912895687101e-03
8.760000000000000000e+03 2.496086160046548486e+00 9.031793452149904089e-03
8.790000000000000000e+03 2.495819052517531222e+00 8.921699288936889988e-03
8.820000000000000000e+03 2.495677196801273201e+00 8.867150947829567295e-03
8.850000000000000000e+03 2.496033595107677083e+00 9.003138511443789169e-03
8.880000000000000000e+03 2.496251496949254189e+00 8.997194027406932651e-03
8.910000000000000000e+03 2.495874548747182065e+00 8.922234213230585340e-03
8.940000000000000000e+03 2.496376395556022310e+00 8.840006886276259926e-03
8.970000000000000000e+03 2.495604675538245054e+00 8.913128293081174977e-03
9.000000000000000000e+03 2.495502592683573884e+00 8.886565850495941818e-03
9.030000000000000000e+03 2.496326905201631696e+00 8.962740733340055638e-03
9.060000000000000000e+03 2.496299360913273091e+00 8.971842156389894796e-03
9.090000000000000000e+03 2.496531702447970069e+00 9.058470828585567236e-03
9.120000000000000000e+03 2.496754668170337865e+00 9.095453404891968782e-03
9.150000000000000000e+03 2.496900824160622534e+00 8.982922065241961962e-03
9.180000000000000000e+03 2.497307038901262821e+00 8.824996270682316721e-03
9.210000000000000000e+03 2.497767619127789551e+00 8.669105445212155203e-03
9.240000000000000000e+03 2.498171003975977467e+00 8.659795838238159085e-03
9.270000000000000000e+03 2.498031370681303542e+00 8.567747126368074548e-03
9.300000000000000000e+03 2.498119942427006190e+00 8.597656220366551791e-03
9.330000000000000000e+03 2.497316241727935537e+00 8.604890815406412985e-03
9.360000000000000000e+03 2.497746004068269965e+00 8.442926335836873838e-03
9.390000000000000000e+03 2.497965262340282155e+00 8.370661184916474221e-03
9.420000000000000000e+03 2.497453275004179130e+00 8.365127726375591599e-03
9.450000000000000000e+03 2.497881012342806795e+00 8.317153992228085158e-03
9.480000000000000000e+03 2.497781207501218681e+00 8.439052451616885220e-03
9.510000000000000000e+03 2.498265599001212589e+00 8.361541969451357845e-03
9.540000000000000000e+03 2.497562727597528731e+00 8.550396926645947512e-03
9.570000000000000000e+03 2.498396533776866768e+00 8.594260786092319110e-03
9.600000000000000000e+03 2.497865279124882321e+00 8.566311026439173831e-03
9.630000000000000000e+03 2.497253353633659856e+00 8.570978729511556996e-03
9.660000000000000000e+03 2.497223498355831683e+00 8.475391454592947141e-03
9.690000000000000000e+03 2.497287267234353347e+00 8.539967488202310913e-03
9.720000000000000000e+03 2.496500034968659687e+00 8.568479580053266209e-03
9.750000000000000000e+03 2.496427254051792222e+00 8.606609708405250567e-03
9.780000000000000000e+03 2.496888994933072592e+00 8.646443206158994574e-03
9.810000000000000000e+03 2.496930328398098808e+00 8.578849167403309467e-03
9.840000000000000000e+03 2.497199344822240707e+00 8.687714104519303829e-03
9.870000000000000000e+03 2.497479817599077556e+00 8.631095563529997058e-03
9.900000000000000000e+03 2.497546429438942450e+00 8.777238563276125102e-03
9.930000000000000000e+03 2.497119215075519705e+00 8.725892752133162025e-03
9.960000000000000000e+03 2.497647360345379486e+00 8.649719981480534156e-03
9.990000000000000000e+03 2.498491975445483071e+00 8.673578014167409797e-03
1.002000000000000000e+04 2.498277782542363212e+00 8.705192403540106330e-03
1.005000000000000000e+04 2.497806320894111476e+00 8.526193155481738215e-03
1.008000000000000000e+04 2.496857016973213383e+00 8.659246629963640932e-03
1.011000000000000000e+04 2.497503681122505537e+00 8.525841792323829091e-03
1.014000000000000000e+04 2.497654636763285918e+00 8.562623672612715633e-03
1.017000000000000000e+04 2.498308907087220199e+00 8.627027568870218946e-03
1.020000000000000000e+04 2.498141411314831917e+00 8.635958797581966620e-03
1.023000000000000000e+04 2.498158506440216087e+00 8.529571838745338488e-03
1.026000000000000000e+04 2.497631941825690927e+00 8.552401265485348389e-03
1.029000000000000000e+04 2.497098768324519380e+00 8.489435856992065890e-03
1.032000000000000000e+04 2.497568602126776671e+00 8.460884864715353254e-03
1.035000000000000000e+04 2.498013542066610526e+00 8.299516176330528142e-03
1.038000000000000000e+04 2.498081417449794284e+00 8.327465184495707815e-03
1.041000000000000000e+04 2.498390377588973088e+00 8.214255892000456305e-03
1.044000000000000000e+04 2.498095385982233019e+00 8.169579978989649494e-03
1.047000000000000000e+04 2.498449315232357471e+00 8.160390312709599539e-03
1.050000000000000000e+04 2.498716503845520798e+00 8.089228894039851223e-03
1.053000000000000000e+04 2.498773038931896728e+00 8.155455672901018582e-03
1.056000000000000000e+04 2.499315642798086046e+00 8.042665416671462147e-03
1.059000000000000000e+04 2.499197413710192883e+00 8.058358633516128286e-03
1.062000000000000000e+04 2.499015638567561481e+00 8.123357147919651675e-03
1.065000000000000000e+04 2.499323402806553407e+00 8.010128214354430079e-03
1.068000000000000000e+04 2.499659244388348078e+00 8.015843881015971908e-03
1.071000000000000000e+04 2.498679055480641065e+00 7.976328350030920458e-03
1.074000000000000000e+04 2.498704720277271196e+00 7.944904104731791844e-03
1.077000000000000000e+04 2.497821188438666518e+00 7.826945637772598705e-03
1.080000000000000000e+04 2.497895465244039492e+00 7.830450351546239252e-03
1.083000000000000000e+04 2.497326257972229069e+00 7.879658601841555213e-03
1.086000000000000000e+04 2.497121217586474984e+00 7.754926993205095952e-03
1.089000000000000000e+04 2.497885687482340078e+00 7.836960276991237692e-03
1.092000000000000000e+04 2.498253612319171868e+00 7.946598825222427748e-03
1.095000000000000000e+04 2.498617703262765666e+00 7.905273260714353739e-03
1.098000000000000000e+04 2.498427940121905610e+00 7.889446876496251926e-03
1.101000000000000000e+04 2.498191582679206935e+00 7.813112996466600735e-03
1.104000000000000000e+04 2.497903965096613277e+00 7.768193528446445950e-03
1.107000000000000000e+04 2.498895226657901869e+00 7.729894260062423160e-03
1.110000000000000000e+04 2.498614549272793806e+00 7.855000682026703346e-03
1.113000000000000000e+04 2.497869464309352860e+00 7.818762229399530556e-03
1.116000000000000000e+04 2.497935730119126063e+00 7.748084400295141352e-03
1.119000000000000000e+04 2.497864840341090797e+00 7.723549092945860770e-03
1.122000000000000000e+04 2.497153083128643480e+00 7.744894342171098310e-03
1.125000000000000000e+04 2.497167493198704680e+00 7.813561790596577905e-03
1.128000000000000000e+04 2.496786485415460888e+00 7.829784842028245095e-03
1.131000000000000000e+04 2.496912302299921116e+00 7.763195285767618414e-03
1.134000000000000000e+04 2.497250814588554579e+00 7.778677469762152255e-03
1.137000000000000000e+04 2.497063974710113765e+00 7.792871490760890953e-03
1.140000000000000000e+04 2.497350951568384048e+00 7.893570833530703587e-03
1.143000000000000000e+04 2.497788148988735912e+00 7.852596233208792437e-03
1.146000000000000000e+04 2.498185299022799288e+00 7.808692535732492980e-03
1.149000000000000000e+04 2.498742957991650915e+00 7.832596012914295330e-03
1.152000000000000000e+04 2.499095680116527607e+00 7.792766266644068386e-03
1.155000000000000000e+04 2.498873287148564160e+00 7.782557024276857277e-03
1.158000000000000000e+04 2.498678314652247767e+00 7.793532657210125447e-03
1.161000000000000000e+04 2.498696910752483902e+00 7.813024263055160998e-03
1.164000000000000000e+04 2.498678032509565217e+00 7.721867114887510410e-03
1.167000000000000000e+04 2.498923894811424073e+00 7.747293144312596309e-03
1.170000000000000000e+04 2.498851262664329997e+00 7.723818890844150534e-03
1.173000000000000000e+04 2.498612204371622791e+00 7.691486742159212540e-03
1.176000000000000000e+04 2.498625668717635584e+00 7.736055093014355261e-03
1.179000000000000000e+04 2.498801489800357434e+00 7.784254464080342731e-03
1.182000000000000000e+04 2.498681307820913133e+00 7.746650262176356903e-03
1.185000000000000000e+04 2.498771506209970905e+00 7.704196258868013791e-03
1.188000000000000000e+04 2.498728889017240107e+00 7.652731510672038800e-03
1.191000000000000000e+04 2.498673925566431642e+00 7.628833723620560836e-03
1.194000000000000000e+04 2.498845081342452090e+00 7.778123248736783409e-03
1.197000000000000000e+04 2.498854268419801183e+00 7.700958808786072772e-03
1.200000000000000000e+04 2.499355708516971752e+00 7.788363462557609807e-03
1.203000000000000000e+04 2.498922695446021969e+00 7.713027867638548585e-03
1.206000000000000000e+04 2.499439955634581434e+00 7.697927707036493830e-03
1.209000000000000000e+04 2.498909275531424612e+00 7.743510453381769083e-03
1.212000000000000000e+04 2.499392785509756187e+00 7.754766900016515051e-03
1.215000000000000000e+04 2.499457238587950769e+00 7.731507487805721474e-03
1.218000000000000000e+04 2.499636689959264135e+00 7.753167488625751017e-03
1.221000000000000000e+04 2.498783701091377818e+00 7.703240130861228191e-03
1.224000000000000000e+04 2.499092131622850044e+00 7.691109251255796343e-03
1.227000000000000000e+04 2.499001212070325550e+00 7.618213058636010525e-03
1.230000000000000000e+04 2.499006962605157423e+00 7.520949928720123238e-03
1.233000000000000000e+04 2.499310932444246625e+00 7.493513336993993731e-03
1.236000000000000000e+04 2.499142368631167788e+00 7.532032471646131142e-03
1.239000000000000000e+04 2.499121774000295115e+00 7.625320338262583410e-03
1.242000000000000000e+04 2.499217452223536640e+00 7.766874453736151082e-03
1.245000000000000000e+04 2.499641967896464756e+00 7.784559169944414367e-03
1.248000000000000000e+04 2.499632470282596941e+00 7.766442683577037993e-03
1.251000000000000000e+04 2.499713107950810809e+00 7.734298661387157409e-03
1.254000000000000000e+04 2.500250295118743082e+00 7.699560178680789173e-03
1.257000000000000000e+04 2.500525305976026402e+00 7.651773413613823481e-03
1.260000000000000000e+04 2.500346342870613192e+00 7.675544147467266119e-03
1.263000000000000000e+04 2.499319622118035156e+00 7.656149166142111467e-03
1.266000000000000000e+04 2.499471258457242939e+00 7.689552929030664570e-03
1.269000000000000000e+04 2.499168562779547464e+00 7.705821384964588704e-03
1.272000000000000000e+04 2.499488872622431579e+00 7.712769323912798021e-03
1.275000000000000000e+04 2.500054032728905362e+00 7.682713515957533511e-03
1.278000000000000000e+04 2.500267484838334386e+00 7.685177170723247672e-03
1.281000000000000000e+04 2.500335265877113411e+00 7.588801009029733612e-03
1.284000000000000000e+04 2.500402599122178771e+00 7.585666092666691618e-03
1.287000000000000000e+04 2.500148811812290095e+00 7.499029948643076357e-03
1.290000000000000000e+04 2.499723445518512666e+00 7.481778457656063780e-03
1.293000000000000000e+04 2.499835245755743340e+00 7.551155188405250969e-03
1.296000000000000000e+04 2.499814809385378922e+00 7.527037240315913313e-03
1.299000000000000000e+04 2.500416447669979725e+00 7.499963629639684257e-03
1.302000000000000000e+04 2.499670083729004677e+00 7.576552704214927977e-03
1.305000000000000000e+04 2.499697845034019483e+00 7.513986602252472127e-03
1.308000000000000000e+04 2.499923321369256435e+00 7.543309288953852811e-03
1.311000000000000000e+04 2.500121275105406937e+00 7.561797046263802127e-03
1.314000000000000000e+04 2.499684901573069329e+00 7.528871515889433083e-03
1.317000000000000000e+04 2.499108230754937932e+00 7.338850250343513341e-03
1.320000000000000000e+04 2.499431138929393281e+00 7.235608341489718591e-03
1.323000000000000000e+04 2.499208657147046875e+00 7.186806387665655230e-03
1.326000000000000000e+04 2.499685480617408029e+00 7.136834911011372996e-03
1.329000000000000000e+04 2.500090206168541496e+00 7.158000865934918688e-03
1.332000000000000000e+04 2.500062366110451073e+00 7.163839266083629927e-03
1.335000000000000000e+04 2.500123951006184342e+00 7.071678896308573013e-03
1.338000000000000000e+04 2.500457930928365435e+00 7.010100060601458759e-03
1.341000000000000000e+04 2.500049934236897364e+00 7.039640316248873229e-03
1.344000000000000000e+04 2.499943472604987615e+00 6.973927010860642671e-03
1.347000000000000000e+04 2.499835145344918796e+00 6.957877883679909961e-03
1.350000000000000000e+04 2.500485191144050212e+00 6.952752207246669890e-03
1.353000000000000000e+04 2.500552734168431268e+00 6.873552937122377748e-03
1.356000000000000000e+04 2.500781894514008119e+00 6.782366389789131270e-03
1.359000000000000000e+04 2.500656466744444195e+00 6.631646066337820375e-03
1.362000000000000000e+04 2.500348524296122310e+00 6.752971799253403018e-03
1.365000000000000000e+04 2.500701944528679110e+00 6.857346550009216397e-03
1.368000000000000000e+04 2.500488391724558834e+00 6.727504611026861522e-03
1.371000000000000000e+04 2.500342094581847974e+00 6.710783548995557894e-03
1.374000000000000000e+04 2.500592789228446744e+00 6.700708680413798753e-03
1.377000000000000000e+04 2.500406982240657605e+00 6.731378954586668927e-03
1.380000000000000000e+04 2.500367167641087907e+00 6.685163675608428620e-03
1.383000000000000000e+04 2.499986170831927090e+00 6.708280449812774326e-03
1.386000000000000000e+04 2.499620404403808394e+00 6.775121468163406747e-03
1.389000000000000000e+04 2.499678044990845116e+00 6.702941102883012460e-03
1.392000000000000000e+04 2.499753707017911442e+00 6.615023268336252781e-03
1.395000000000000000e+04 2.499028407716910039e+00 6.541392545619613766e-03
1.398000000000000000e+04 2.498661649702923260e+00 6.502097919833999852e-03
1.401000000000000000e+04 2.498338984853169631e+00 6.461359590761977384e-03
1.404000000000000000e+04 2.498015347984481327e+00 6.457147683324863593e-03
1.407000000000000000e+04 2.498436173522423864e+00 6.484022544075351488e-03
1.410000000000000000e+04 2.498413097651186909e+00 6.519511774144795546e-03
1.413000000000000000e+04 2.498255716802844972e+00 6.511225646259941220e-03
1.416000000000000000e+04 2.498212363527262170e+00 6.528436162257644261e-03
1.419000000000000000e+04 2.498280449436723227e+00 6.508876493459840075e-03
1.422000000000000000e+04 2.497708444001458084e+00 6.474632460102287129e-03
1.425000000000000000e+04 2.497549108825853903e+00 6.431490682893623370e-03
1.428000000000000000e+04 2.497263826318104840e+00 6.438726096536079128e-03
1.431000000000000000e+04 2.497164076365985252e+00 6.493094965084340170e-03
1.434000000000000000e+04 2.496881904881097736e+00 6.446029609922117841e-03
1.437000000000000000e+04 2.497035930167159190e+00 6.478595221889594559e-03
1.440000000000000000e+04 2.497430157677695828e+00 6.446480193232694694e-03
1.443000000000000000e+04 2.497012936338334654e+00 6.575352500236860201e-03
1.446000000000000000e+04 2.497375761438262121e+00 6.537820987071659394e-03
1.449000000000000000e+04 2.497047629526444101e+00 6.518877498158339411e-03
1.452000000000000000e+04 2.497175165217172310e+00 6.459089513402588127e-03
1.455000000000000000e+04 2.497197086310325886e+00 6.498905153898983968e-03
1.458000000000000000e+04 2.497026450842299905e+00 6.557962321317009971e-03
1.461000000000000000e+04 2.497325356771163740e+00 6.558037743785785634e-03
1.464000000000000000e+04 2.497498231045975015e+00 6.467540120510728054e-03
1.467000000000000000e+04 2.498009244733812473e+00 6.496380010514135953e-03
1.470000000000000000e+04 2.497830128190703380e+00 6.411157225061065064e-03
1.473000000000000000e+04 2.497342176884394416e+00 6.431161481265243278e-03
1.476000000000000000e+04 2.497333004398953449e+00 6.477863915774189491e-03
1.479000000000000000e+04 2.497482655658666673e+00 6.502218083581838212e-03
1.482000000000000000e+04 2.497140367151466034e+00 6.427751867113253373e-03
1.485000000000000000e+04 2.496641266626482114e+00 6.375694943431447874e-03
1.488000000000000000e+04 2.496901024967693505e+00 6.386167911811750121e-03
1.491000000000000000e+04 2.497084359839556456e+00 6.468081867785430844e-03
1.494000000000000000e+04 2.496649238321389408e+00 6.576948398167881474e-03
1.497000000000000000e+04 2.495898319047643810e+00 6.548242237988893474e-03
1.500000000000000000e+04 2.495352550274521963e+00 6.560318969570117648e-03
