# # n, sigma
3.000000000000000000e+01 2.733486052517673848e+00 1.132172896780928029e-01
6.000000000000000000e+01 2.546015919065529154e+00 9.879246113006133478e-02
9.000000000000000000e+01 2.565250819723007503e+00 5.825098196168475295e-02
1.200000000000000000e+02 2.602760627120209946e+00 5.363718505411544518e-02
1.500000000000000000e+02 2.573073901892090731e+00 6.023727471789171867e-02
1.800000000000000000e+02 2.589651382847508287e+00 5.228627658386179183e-02
2.100000000000000000e+02 2.589160865050617932e+00 5.705876562231770172e-02
2.400000000000000000e+02 2.587284378478616809e+00 4.720364748760968315e-02
2.700000000000000000e+02 2.561782468401721413e+00 6.025138619696894515e-02
3.000000000000000000e+02 2.541651905807411183e+00 6.260337134718928220e-02
3.300000000000000000e+02 2.514211908569905507e+00 5.833708896997930743e-02
3.600000000000000000e+02 2.517871450866442373e+00 4.994232349633015433e-02
3.900000000000000000e+02 2.515245216049760035e+00 4.233240880919273558e-02
4.200000000000000000e+02 2.517270759365463739e+00 3.508290710427426629e-02
4.500000000000000000e+02 2.504788680246577304e+00 3.275055784985917567e-02
4.800000000000000000e+02 2.506095666416919610e+00 3.200590399996371821e-02
5.100000000000000000e+02 2.498970405143565721e+00 3.189473915120757258e-02
5.400000000000000000e+02 2.502369195721247053e+00 3.455214828971579083e-02
5.700000000000000000e+02 2.496306839281820178e+00 3.516975979248022216e-02
6.000000000000000000e+02 2.479398495085357368e+00 3.242294038692367791e-02
6.300000000000000000e+02 2.479702742488858025e+00 2.983756607488952800e-02
6.600000000000000000e+02 2.478363306549475897e+00 3.038035571838109197e-02
6.900000000000000000e+02 2.483413794832159738e+00 2.920443317824536825e-02
7.200000000000000000e+02 2.481905248472733305e+00 2.862540412866228581e-02
7.500000000000000000e+02 2.480615470470972195e+00 2.919247761764051305e-02
7.800000000000000000e+02 2.488378793084998986e+00 2.927680289808329284e-02
8.100000000000000000e+02 2.483517215868676242e+00 2.874578812490497653e-02
8.400000000000000000e+02 2.493246919542041695e+00 2.919539856630888608e-02
8.700000000000000000e+02 2.486222295055423359e+00 2.917095792979087360e-02
9.000000000000000000e+02 2.482006234971156466e+00 2.755239246526990093e-02
9.300000000000000000e+02 2.483256017943531457e+00 2.716253045299878502e-02
9.600000000000000000e+02 2.489082302100922739e+00 2.780353759952813170e-02
9.900000000000000000e+02 2.486901807040934109e+00 2.608769565761556372e-02
1.020000000000000000e+03 2.488947882327323224e+00 2.445185509620920183e-02
1.050000000000000000e+03 2.487281846235819938e+00 2.384263637949554995e-02
1.080000000000000000e+03 2.492338619303589464e+00 2.409896141349630178e-02
1.110000000000000000e+03 2.495243811313817339e+00 2.466808337447200239e-02
1.140000000000000000e+03 2.495521297375785874e+00 2.500075665158887905e-02
1.170000000000000000e+03 2.488892991744324323e+00 2.408833112032985474e-02
1.200000000000000000e+03 2.491779089927333768e+00 2.308740733010797644e-02
1.230000000000000000e+03 2.502143223046708886e+00 2.439212308944481780e-02
1.260000000000000000e+03 2.511881903887447365e+00 2.410488344061132229e-02
1.290000000000000000e+03 2.506149746963601821e+00 2.228871726831527927e-02
1.320000000000000000e+03 2.519014853700862311e+00 2.223420336436724917e-02
1.350000000000000000e+03 2.523062688511502394e+00 2.157647454789661176e-02
1.380000000000000000e+03 2.525984958080791376e+00 2.054905076988022133e-02
1.410000000000000000e+03 2.524974605577265052e+00 2.067471286522960458e-02
1.440000000000000000e+03 2.521554357059709872e+00 2.086749680152898481e-02
1.470000000000000000e+03 2.523685816529367631e+00 1.956881933343782021e-02
1.500000000000000000e+03 2.525610217292711290e+00 2.044486406686688365e-02
1.530000000000000000e+03 2.526684628917713837e+00 1.998572218299137643e-02
1.560000000000000000e+03 2.522517111511833665e+00 1.943651086435254846e-02
1.590000000000000000e+03 2.518449485568410751e+00 1.843807722520890771e-02
1.620000000000000000e+03 2.515250445914060329e+00 1.793243860956213187e-02
1.650000000000000000e+03 2.511082136537861054e+00 1.772890331519252904e-02
1.680000000000000000e+03 2.511777014512774908e+00 1.764653769152886922e-02
1.710000000000000000e+03 2.512207385388965708e+00 1.831637295831175724e-02
1.740000000000000000e+03 2.510540428523385881e+00 1.920574698609724823e-02
1.770000000000000000e+03 2.509595554364165260e+00 1.910858234190308119e-02
1.800000000000000000e+03 2.512093613770618461e+00 1.831140762761409094e-02
1.830000000000000000e+03 2.509219651700226095e+00 1.815584017682910639e-02
1.860000000000000000e+03 2.511668119363272833e+00 1.772094916757703531e-02
1.890000000000000000e+03 2.508382357776441474e+00 1.712997255342102801e-02
1.920000000000000000e+03 2.513859938981513942e+00 1.776832529793348145e-02
1.950000000000000000e+03 2.513084816565691160e+00 1.800935775635702576e-02
1.980000000000000000e+03 2.512874226467228134e+00 1.750481206375899615e-02
2.010000000000000000e+03 2.515104548290190589e+00 1.740309997193787567e-02
2.040000000000000000e+03 2.516104119967200958e+00 1.722700822549865646e-02
2.070000000000000000e+03 2.516794548029591905e+00 1.706847727943635804e-02
2.100000000000000000e+03 2.514861104613188569e+00 1.640334959377544657e-02
2.130000000000000000e+03 2.511703379651263113e+00 1.597708254810307343e-02
2.160000000000000000e+03 2.513109799733924010e+00 1.599683462463611858e-02
2.190000000000000000e+03 2.515554142816748939e+00 1.589523158718506024e-02
2.220000000000000000e+03 2.516024609048084670e+00 1.645196967078333544e-02
2.250000000000000000e+03 2.510060517895546184e+00 1.657640672585428479e-02
2.280000000000000000e+03 2.509050074909319861e+00 1.579202463634699766e-02
2.310000000000000000e+03 2.512692755483741713e+00 1.496256266330256782e-02
2.340000000000000000e+03 2.513806073500175042e+00 1.427946382230733252e-02
2.370000000000000000e+03 2.514297645314170548e+00 1.443062651447385783e-02
2.400000000000000000e+03 2.514233062760986570e+00 1.434103695292022508e-02
2.430000000000000000e+03 2.512507913105795687e+00 1.383975664512604974e-02
2.460000000000000000e+03 2.510281877113603954e+00 1.355903692273996430e-02
2.490000000000000000e+03 2.511176617158067170e+00 1.348150215746454772e-02
2.520000000000000000e+03 2.510541990333422735e+00 1.363564717090986686e-02
2.550000000000000000e+03 2.506836989149347161e+00 1.400356075994393587e-02
2.580000000000000000e+03 2.507644157602789026e+00 1.446684452531456916e-02
2.610000000000000000e+03 2.504395725695234720e+00 1.457007833253957593e-02
2.640000000000000000e+03 2.504409856394958389e+00 1.479263642178209673e-02
2.670000000000000000e+03 2.505358290475533156e+00 1.445053007023789846e-02
2.700000000000000000e+03 2.505338034133908653e+00 1.469668853402836955e-02
2.730000000000000000e+03 2.503655643017839161e+00 1.434865041628871803e-02
2.760000000000000000e+03 2.504055865714196472e+00 1.396845511471065185e-02
2.790000000000000000e+03 2.505102382982009157e+00 1.424072548290895510e-02
2.820000000000000000e+03 2.502152725521829879e+00 1.462133956944306444e-02
2.850000000000000000e+03 2.499217976211449255e+00 1.451913387842835440e-02
2.880000000000000000e+03 2.500246626825827878e+00 1.434471607732983219e-02
2.910000000000000000e+03 2.498682012961412902e+00 1.371363712515313513e-02
2.940000000000000000e+03 2.496478504242350294e+00 1.318259914184071596e-02
2.970000000000000000e+03 2.496164893141349150e+00 1.330006860161612146e-02
3.000000000000000000e+03 2.496189279302459152e+00 1.341537782866810205e-02
3.030000000000000000e+03 2.496531395133260833e+00 1.331355553793290257e-02
3.060000000000000000e+03 2.497867180174480062e+00 1.324822294766308389e-02
3.090000000000000000e+03 2.498783003071305853e+00 1.343511079904312344e-02
3.120000000000000000e+03 2.500891290993001004e+00 1.377386982550628941e-02
3.150000000000000000e+03 2.498949555784647725e+00 1.383556075180346692e-02
3.180000000000000000e+03 2.500250814496087326e+00 1.362163044979657588e-02
3.210000000000000000e+03 2.496371241590611856e+00 1.312767674894224461e-02
3.240000000000000000e+03 2.498001869300114919e+00 1.334666610839712816e-02
3.270000000000000000e+03 2.498727004608367608e+00 1.340832342550032918e-02
3.300000000000000000e+03 2.499152908297569198e+00 1.356540126167462071e-02
3.330000000000000000e+03 2.497693791183656753e+00 1.370813717697581292e-02
3.360000000000000000e+03 2.497502825916845026e+00 1.344936023605268309e-02
3.390000000000000000e+03 2.499450391265656712e+00 1.350203808027364977e-02
3.420000000000000000e+03 2.498999723519905292e+00 1.323179217588030948e-02
3.450000000000000000e+03 2.499008450360427958e+00 1.303347728158354632e-02
3.480000000000000000e+03 2.498091170919728654e+00 1.325515395676656223e-02
3.510000000000000000e+03 2.497717463823759587e+00 1.297761379127489526e-02
3.540000000000000000e+03 2.498585384331518444e+00 1.270780809380253618e-02
3.570000000000000000e+03 2.499813578816615145e+00 1.285412059983409051e-02
3.600000000000000000e+03 2.500285620223911209e+00 1.318675011081919118e-02
3.630000000000000000e+03 2.500157727389810347e+00 1.335845693025837326e-02
3.660000000000000000e+03 2.500818313643388802e+00 1.331609398267177488e-02
3.690000000000000000e+03 2.501091316216780047e+00 1.293567229879351473e-02
3.720000000000000000e+03 2.501680737042331515e+00 1.296982571501920957e-02
3.750000000000000000e+03 2.503124213197662318e+00 1.290572494392388386e-02
3.780000000000000000e+03 2.503936962748343209e+00 1.287346499073293779e-02
3.810000000000000000e+03 2.503237183503241869e+00 1.224475112776218441e-02
3.840000000000000000e+03 2.500937356115568555e+00 1.222430154073016542e-02
3.870000000000000000e+03 2.501713874294296591e+00 1.220970876380259723e-02
3.900000000000000000e+03 2.501654459969226973e+00 1.187293696181318178e-02
3.930000000000000000e+03 2.500346492494399886e+00 1.243569912116872754e-02
3.960000000000000000e+03 2.500990608171771434e+00 1.252357374195356941e-02
3.990000000000000000e+03 2.501552790884072230e+00 1.233708249793046170e-02
4.020000000000000000e+03 2.500586458755640340e+00 1.168035297605925574e-02
4.050000000000000000e+03 2.501413796884814911e+00 1.170024600718363485e-02
4.080000000000000000e+03 2.502963052761375540e+00 1.167867741833215206e-02
4.110000000000000000e+03 2.501743677892485529e+00 1.191123216227516976e-02
4.140000000000000000e+03 2.501954196794577090e+00 1.205836972841400206e-02
4.170000000000000000e+03 2.502019244323268943e+00 1.179951927334563222e-02
4.200000000000000000e+03 2.501031874139624467e+00 1.150932969369425872e-02
4.230000000000000000e+03 2.500781085170168172e+00 1.143891518873072811e-02
4.260000000000000000e+03 2.502183576538060006e+00 1.128376561738389690e-02
4.290000000000000000e+03 2.502691110943521924e+00 1.136649987254868821e-02
4.320000000000000000e+03 2.501765580806264655e+00 1.140457320108342193e-02
4.350000000000000000e+03 2.502070815041068652e+00 1.171188280245327035e-02
4.380000000000000000e+03 2.502100662479303850e+00 1.174474833598517821e-02
4.410000000000000000e+03 2.500986539930789121e+00 1.152278807191989968e-02
4.440000000000000000e+03 2.501667772674941226e+00 1.137215796436827873e-02
4.470000000000000000e+03 2.501383642607383884e+00 1.140834311859414280e-02
4.500000000000000000e+03 2.501562165429069839e+00 1.110707763213507511e-02
4.530000000000000000e+03 2.500415372792987867e+00 1.074277695180930053e-02
4.560000000000000000e+03 2.501142467726322760e+00 1.039808345496008070e-02
4.590000000000000000e+03 2.502253975629127325e+00 1.033517090970323578e-02
4.620000000000000000e+03 2.502280271341351447e+00 1.005638216405599882e-02
4.650000000000000000e+03 2.503203314080687303e+00 9.824488294037623387e-03
4.680000000000000000e+03 2.502066501778159591e+00 9.973593750462811033e-03
4.710000000000000000e+03 2.502467409544380406e+00 1.025281743817960979e-02
4.740000000000000000e+03 2.503433781742594455e+00 1.021109529663059672e-02
4.770000000000000000e+03 2.504297759064785911e+00 1.054345996130977292e-02
4.800000000000000000e+03 2.504319921611809274e+00 1.020182063105483719e-02
4.830000000000000000e+03 2.504144181794709212e+00 9.879254270436350904e-03
4.860000000000000000e+03 2.503641130213706933e+00 1.007206037059456619e-02
4.890000000000000000e+03 2.504551831628063052e+00 1.008437832068856919e-02
4.920000000000000000e+03 2.504168951650539654e+00 9.814058107188940519e-03
4.950000000000000000e+03 2.504500827787509376e+00 9.415420780477993731e-03
4.980000000000000000e+03 2.503827287398567858e+00 9.217871926548845338e-03
5.010000000000000000e+03 2.503414036177128210e+00 8.801051496987639250e-03
5.040000000000000000e+03 2.503036467339921689e+00 9.010559391984373362e-03
5.070000000000000000e+03 2.503723775677926255e+00 9.150392471975953360e-03
5.100000000000000000e+03 2.504699795131379858e+00 9.182799217025434252e-03
5.130000000000000000e+03 2.503800674825622075e+00 8.951977109006348937e-03
5.160000000000000000e+03 2.503923045077987464e+00 9.132372245583959131e-03
5.190000000000000000e+03 2.502634211941458187e+00 8.942300987485246599e-03
5.220000000000000000e+03 2.503397547566875492e+00 8.920924369720790656e-03
5.250000000000000000e+03 2.502498586830200988e+00 8.484651327968684500e-03
5.280000000000000000e+03 2.503886247880012128e+00 8.312742920632045993e-03
5.310000000000000000e+03 2.503761466715736184e+00 8.397781056582849513e-03
5.340000000000000000e+03 2.502628488552666397e+00 8.144547521141456622e-03
5.370000000000000000e+03 2.502880372699683331e+00 8.133030258196380369e-03
5.400000000000000000e+03 2.503416508965878862e+00 8.059461515355487854e-03
5.430000000000000000e+03 2.503211551626859155e+00 8.229782331045674970e-03
5.460000000000000000e+03 2.502547322282052455e+00 8.186612405816764970e-03
5.490000000000000000e+03 2.502228877710044319e+00 8.312048095419685007e-03
5.520000000000000000e+03 2.502885865741357740e+00 8.611285775683156368e-03
5.550000000000000000e+03 2.502983354508491409e+00 8.372121059765346915e-03
5.580000000000000000e+03 2.503594017253804260e+00 8.467890204743099697e-03
5.610000000000000000e+03 2.503290331111058808e+00 8.522588403350643896e-03
5.640000000000000000e+03 2.503757334701587123e+00 8.451968487839115265e-03
5.670000000000000000e+03 2.503924841788537581e+00 8.510168838092642407e-03
5.700000000000000000e+03 2.504539406880392782e+00 8.405305968904933783e-03
5.730000000000000000e+03 2.504737999681744043e+00 8.292110916135594575e-03
5.760000000000000000e+03 2.505095900322936053e+00 8.416894321384132266e-03
5.790000000000000000e+03 2.504541480416256682e+00 8.370221506359222519e-03
5.820000000000000000e+03 2.505523500805103332e+00 8.583758595281532761e-03
5.850000000000000000e+03 2.505448671035841901e+00 8.645332999450265968e-03
5.880000000000000000e+03 2.506184308325478227e+00 8.796157071177182832e-03
5.910000000000000000e+03 2.503987291652851166e+00 8.852520723262874078e-03
5.940000000000000000e+03 2.503081890632970374e+00 8.695001523212737837e-03
5.970000000000000000e+03 2.502556648677104700e+00 8.589036273060530330e-03
6.000000000000000000e+03 2.504191296387807686e+00 8.641751733866992816e-03
6.030000000000000000e+03 2.504184049562445669e+00 8.606453113737652996e-03
6.060000000000000000e+03 2.503439130040407079e+00 8.370909632407578724e-03
6.090000000000000000e+03 2.503128134392976989e+00 8.282561160277578452e-03
6.120000000000000000e+03 2.503603925079584069e+00 8.224144544340606516e-03
6.150000000000000000e+03 2.503114790493347730e+00 8.421388105814216901e-03
6.180000000000000000e+03 2.502675338106284286e+00 8.473890893931834353e-03
6.210000000000000000e+03 2.502440558677678784e+00 8.256219423688241146e-03
6.240000000000000000e+03 2.503075414183546954e+00 8.182520698467523820e-03
6.270000000000000000e+03 2.503742958272245467e+00 8.219553077586915293e-03
6.300000000000000000e+03 2.503852724673270469e+00 8.165824588780788360e-03
6.330000000000000000e+03 2.503905409542498628e+00 8.201746362858010342e-03
6.360000000000000000e+03 2.504073046439790673e+00 8.121474076461963551e-03
6.390000000000000000e+03 2.505489691948847408e+00 8.211326367671151899e-03
6.420000000000000000e+03 2.505746089671085919e+00 8.175531437453200170e-03
6.450000000000000000e+03 2.505151249517868273e+00 8.018856519258992996e-03
6.480000000000000000e+03 2.504378187213121887e+00 8.151424254487152701e-03
6.510000000000000000e+03 2.505364816477899659e+00 7.966005411758908181e-03
6.540000000000000000e+03 2.505318550274987732e+00 7.936071954480816704e-03
6.570000000000000000e+03 2.506417285404803685e+00 7.891259266110084783e-03
6.600000000000000000e+03 2.507244629578823769e+00 7.954297391383344934e-03
6.630000000000000000e+03 2.508263168825549005e+00 8.066812434434248585e-03
6.660000000000000000e+03 2.508952226987756440e+00 7.933439949572282379e-03
6.690000000000000000e+03 2.508866998935035397e+00 7.844641502872550312e-03
6.720000000000000000e+03 2.508784297433508392e+00 7.677802990776220679e-03
6.750000000000000000e+03 2.507771568074610880e+00 7.698582962316846690e-03
6.780000000000000000e+03 2.508498264101624464e+00 7.753017656214134315e-03
6.810000000000000000e+03 2.507920651129893486e+00 7.828701963970077782e-03
6.840000000000000000e+03 2.507721372414976280e+00 7.857324509849140937e-03
6.870000000000000000e+03 2.507954281377827499e+00 7.755408047361293800e-03
6.900000000000000000e+03 2.507952157425802575e+00 7.647677763419796423e-03
6.930000000000000000e+03 2.508017080416291122e+00 7.511442533598864865e-03
6.960000000000000000e+03 2.506809903230282188e+00 7.291611192910803577e-03
6.990000000000000000e+03 2.506348380927760022e+00 7.396388925461006708e-03
7.020000000000000000e+03 2.505802097657421790e+00 7.383087202606956369e-03
7.050000000000000000e+03 2.505575668986531390e+00 7.429875142063600314e-03
7.080000000000000000e+03 2.504812337119791010e+00 7.308842434201770315e-03
7.110000000000000000e+03 2.505305925036322545e+00 7.200567028419790558e-03
7.140000000000000000e+03 2.505062120135966186e+00 7.316018564479257261e-03
7.170000000000000000e+03 2.504977306579513563e+00 7.314773942128889768e-03
7.200000000000000000e+03 2.505400855185501818e+00 7.204752863731830013e-03
7.230000000000000000e+03 2.505464159366117105e+00 7.252287020322003251e-03
7.260000000000000000e+03 2.505611809342708884e+00 7.216335074769742418e-03
7.290000000000000000e+03 2.505980583600374345e+00 7.119717703070149208e-03
7.320000000000000000e+03 2.506477194627517502e+00 6.968367789150309820e-03
7.350000000000000000e+03 2.506145391027695180e+00 7.122945411101075375e-03
7.380000000000000000e+03 2.506543144909560983e+00 7.109898701980792851e-03
7.410000000000000000e+03 2.507701151650196802e+00 7.040144289687701694e-03
7.440000000000000000e+03 2.508783168499803651e+00 7.127423154276247078e-03
7.470000000000000000e+03 2.508303948777986125e+00 7.236777686000261597e-03
7.500000000000000000e+03 2.508308913318872069e+00 7.158391033609446882e-03
7.530000000000000000e+03 2.508019302783889071e+00 7.139095090785684342e-03
7.560000000000000000e+03 2.506868501437665042e+00 7.097734692934330215e-03
7.590000000000000000e+03 2.506427384144302994e+00 7.166684960225455994e-03
7.620000000000000000e+03 2.506537031131998550e+00 7.215122952530852833e-03
7.650000000000000000e+03 2.506515110900581877e+00 7.176434870946186463e-03
7.680000000000000000e+03 2.506180295337224972e+00 7.311640693488507398e-03
7.710000000000000000e+03 2.505797751140729890e+00 7.208626386094141997e-03
7.740000000000000000e+03 2.505193630705993435e+00 7.148669975938447101e-03
7.770000000000000000e+03 2.505301479975614143e+00 7.110953970129896273e-03
7.800000000000000000e+03 2.506307405297504509e+00 6.996426832193673381e-03
7.830000000000000000e+03 2.506691340490930120e+00 7.089084494427136222e-03
7.860000000000000000e+03 2.506998595870512769e+00 7.206807157416489536e-03
7.890000000000000000e+03 2.507053477747693382e+00 7.102359172992238519e-03
7.920000000000000000e+03 2.506739308573605385e+00 7.189536089680188466e-03
7.950000000000000000e+03 2.506295271443839123e+00 7.189366267057384005e-03
7.980000000000000000e+03 2.506360711322577206e+00 7.133728039547859549e-03
8.010000000000000000e+03 2.506928158983576793e+00 7.209324144639843966e-03
8.040000000000000000e+03 2.507223533828513151e+00 7.118639876273673804e-03
8.070000000000000000e+03 2.507196942966296138e+00 7.084938045130178934e-03
8.100000000000000000e+03 2.507008210032616091e+00 7.092468552662926050e-03
8.130000000000000000e+03 2.506190045256634580e+00 6.993880691361920900e-03
8.160000000000000000e+03 2.506036381496070664e+00 7.086818169376146725e-03
8.190000000000000000e+03 2.506091954169672231e+00 7.172412241389488664e-03
8.220000000000000000e+03 2.505330414297960218e+00 7.163315770352078962e-03
8.250000000000000000e+03 2.504618674227655717e+00 7.132029400438137309e-03
8.280000000000000000e+03 2.504224096036472780e+00 7.202461688283009859e-03
8.310000000000000000e+03 2.504206545348634183e+00 7.147061139374207180e-03
8.340000000000000000e+03 2.504986068193681525e+00 7.207360730310377606e-03
8.370000000000000000e+03 2.505048505845856699e+00 7.143160969197220704e-03
8.400000000000000000e+03 2.504394570916090412e+00 6.977533296445076125e-03
8.430000000000000000e+03 2.503707209772231934e+00 6.967624970746459298e-03
8.460000000000000000e+03 2.504177737497159661e+00 7.039271756441587043e-03
8.490000000000000000e+03 2.503752211248671422e+00 7.055104076062183871e-03
8.520000000000000000e+03 2.503563883878390683e+00 7.070733611586624279e-03
8.550000000000000000e+03 2.503544609153093070e+00 6.977680751254189059e-03
8.580000000000000000e+03 2.503748733752584776e+00 7.083446246858921512e-03
8.610000000000000000e+03 2.503567412156748606e+00 7.115958215102706833e-03
8.640000000000000000e+03 2.503701907945376171e+00 7.112121994460440105e-03
8.670000000000000000e+03 2.503689568605965921e+00 7.321431348980738177e-03
8.700000000000000000e+03 2.504475497462358646e+00 7.319548149737269832e-03
8.730000000000000000e+03 2.504906394579863971e+00 7.414071612857954865e-03
8.760000000000000000e+03 2.505359056266626361e+00 7.234327203188301719e-03
8.790000000000000000e+03 2.504585906815711915e+00 7.266944079151577661e-03
8.820000000000000000e+03 2.504243905616946542e+00 7.408952803858252431e-03
8.850000000000000000e+03 2.503390719198730352e+00 7.496969424856021053e-03
8.880000000000000000e+03 2.502592413562309215e+00 7.482620592144916156e-03
8.910000000000000000e+03 2.502779457845498268e+00 7.518372549384805606e-03
8.940000000000000000e+03 2.502139303707678231e+00 7.435144362311576875e-03
8.970000000000000000e+03 2.502503560731416776e+00 7.393803364472567585e-03
9.000000000000000000e+03 2.502140508167729482e+00 7.249513491955137182e-03
9.030000000000000000e+03 2.502305950044643623e+00 7.310443723591695045e-03
9.060000000000000000e+03 2.502545922773232956e+00 7.315334492493491027e-03
9.090000000000000000e+03 2.502064844818860045e+00 7.386051591665315948e-03
9.120000000000000000e+03 2.502724263548139483e+00 7.336063625721829691e-03
9.150000000000000000e+03 2.502816039679352400e+00 7.215793281375500016e-03
9.180000000000000000e+03 2.502802824973723084e+00 7.241470168253911523e-03
9.210000000000000000e+03 2.502772364100672942e+00 7.237958984107073675e-03
9.240000000000000000e+03 2.503081573024057871e+00 7.244316334000517991e-03
9.270000000000000000e+03 2.503936214399211213e+00 7.293270864540156613e-03
9.300000000000000000e+03 2.503570894858750506e+00 7.323559282276234823e-03
9.330000000000000000e+03 2.503270760673657946e+00 7.386017205244659739e-03
9.360000000000000000e+03 2.502653261880494195e+00 7.467734805375088845e-03
9.390000000000000000e+03 2.502125588044588511e+00 7.345691760773325092e-03
9.420000000000000000e+03 2.502242017240413841e+00 7.297234464132052768e-03
9.450000000000000000e+03 2.502168707492579802e+00 7.178356529825518847e-03
9.480000000000000000e+03 2.502249852141125164e+00 7.246375564561895709e-03
9.510000000000000000e+03 2.502600499667766432e+00 7.277114086810310134e-03
9.540000000000000000e+03 2.502799723584430147e+00 7.316356939479166759e-03
9.570000000000000000e+03 2.502858930719600750e+00 7.403920862978330755e-03
9.600000000000000000e+03 2.502900123398191568e+00 7.246112651899143040e-03
9.630000000000000000e+03 2.503763954183447549e+00 7.225706052995186507e-03
9.660000000000000000e+03 2.503629349774207036e+00 7.187963104306803984e-03
9.690000000000000000e+03 2.503897966232700778e+00 7.292516472527399776e-03
9.720000000000000000e+03 2.503859881249298702e+00 7.316815148480934096e-03
9.750000000000000000e+03 2.504135367682374991e+00 7.241023588970324845e-03
9.780000000000000000e+03 2.504601256319864522e+00 7.235929633391672763e-03
9.810000000000000000e+03 2.504731238461427090e+00 7.282032296492569994e-03
9.840000000000000000e+03 2.504741429924400631e+00 7.180107279228776195e-03
9.870000000000000000e+03 2.505121778487575668e+00 7.070261507038828885e-03
9.900000000000000000e+03 2.504521983567160159e+00 6.960378132250678862e-03
9.930000000000000000e+03 2.504684566498357245e+00 6.992931377329292784e-03
9.960000000000000000e+03 2.504795131525748619e+00 6.891415560450368100e-03
9.990000000000000000e+03 2.504683571563966371e+00 6.884703195051968330e-03
1.002000000000000000e+04 2.504948632150895360e+00 6.787874121856326409e-03
1.005000000000000000e+04 2.505086168072422570e+00 6.825564869078961684e-03
1.008000000000000000e+04 2.505340338667501943e+00 6.841038504258612971e-03
1.011000000000000000e+04 2.505317814869215898e+00 6.790968506521825009e-03
1.014000000000000000e+04 2.505353631306079798e+00 6.660183246397474548e-03
1.017000000000000000e+04 2.505044256671368430e+00 6.706440822558519706e-03
1.020000000000000000e+04 2.505492340312132082e+00 6.735452339354655767e-03
1.023000000000000000e+04 2.505403878614326452e+00 6.579589889049933769e-03
1.026000000000000000e+04 2.505800591625714002e+00 6.569534273234697158e-03
1.029000000000000000e+04 2.505898530969858484e+00 6.461492286548635618e-03
1.032000000000000000e+04 2.505873513449139001e+00 6.381789496396004721e-03
1.035000000000000000e+04 2.506196605778210351e+00 6.391952309678500949e-03
1.038000000000000000e+04 2.505946786474614552e+00 6.405046956128543703e-03
1.041000000000000000e+04 2.506177016343956954e+00 6.393560150696516418e-03
1.044000000000000000e+04 2.506054637639802518e+00 6.456136826527241954e-03
1.047000000000000000e+04 2.506131617644231202e+00 6.561173298772106886e-03
1.050000000000000000e+04 2.506280279106209985e+00 6.586706777789502407e-03
1.053000000000000000e+04 2.505480618117280400e+00 6.669919395874239487e-03
1.056000000000000000e+04 2.505505471854264421e+00 6.472129895720432798e-03
1.059000000000000000e+04 2.505111690169790517e+00 6.393484395665174728e-03
1.062000000000000000e+04 2.504659127430080012e+00 6.447675604971429657e-03
1.065000000000000000e+04 2.504439273448712644e+00 6.488216017080099263e-03
1.068000000000000000e+04 2.504670863560220173e+00 6.358383369938893324e-03
1.071000000000000000e+04 2.504830082384251533e+00 6.342970332789155466e-03
1.074000000000000000e+04 2.504885690474863758e+00 6.263205478491206714e-03
1.077000000000000000e+04 2.505715646500995319e+00 6.380812155057542789e-03
1.080000000000000000e+04 2.505874775743000882e+00 6.440334905043701257e-03
1.083000000000000000e+04 2.505529204554048928e+00 6.450167853125860461e-03
1.086000000000000000e+04 2.505709004414535812e+00 6.413766012697708768e-03
1.089000000000000000e+04 2.506101100179058960e+00 6.491042755534310281e-03
1.092000000000000000e+04 2.505582979634886520e+00 6.370847713843595141e-03
1.095000000000000000e+04 2.505400129294168554e+00 6.380486582429806090e-03
1.098000000000000000e+04 2.504454793045475469e+00 6.329317611667678416e-03
1.101000000000000000e+04 2.503740205352091852e+00 6.435271451067026832e-03
1.104000000000000000e+04 2.503782033125632189e+00 6.446899721792944717e-03
1.107000000000000000e+04 2.503451688081061555e+00 6.476540205997218663e-03
1.110000000000000000e+04 2.504003443868973111e+00 6.472480725909428127e-03
1.113000000000000000e+04 2.503668736745157553e+00 6.466627440320420715e-03
1.116000000000000000e+04 2.503752693529369466e+00 6.507530965027253506e-03
1.119000000000000000e+04 2.503280947668752532e+00 6.426252338675428333e-03
1.122000000000000000e+04 2.503425650240643119e+00 6.477471959388031095e-03
1.125000000000000000e+04 2.503085835621512434e+00 6.404135208772425598e-03
1.128000000000000000e+04 2.502796658767818538e+00 6.303657965623504604e-03
1.131000000000000000e+04 2.503599993369809873e+00 6.354416795077325042e-03
1.134000000000000000e+04 2.503381699748069789e+00 6.229890920604344573e-03
1.137000000000000000e+04 2.503426718411497109e+00 6.328292068705592549e-03
1.140000000000000000e+04 2.503264993989545495e+00 6.337703207691855987e-03
1.143000000000000000e+04 2.502651722356691977e+00 6.407827809591377065e-03
1.146000000000000000e+04 2.503863016001111497e+00 6.398871676475132407e-03
1.149000000000000000e+04 2.502987772075691453e+00 6.389633454689611081e-03
1.152000000000000000e+04 2.503404965599486776e+00 6.431643215251785055e-03
1.155000000000000000e+04 2.503306424507245609e+00 6.369991970063264286e-03
1.158000000000000000e+04 2.503323720571106303e+00 6.431729734374338862e-03
1.161000000000000000e+04 2.503323747126283028e+00 6.490864442551741616e-03
1.164000000000000000e+04 2.503421184917554498e+00 6.506781859000602963e-03
1.167000000000000000e+04 2.503211142824194102e+00 6.436643117476469229e-03
1.170000000000000000e+04 2.503113142015912729e+00 6.440547198865140092e-03
1.173000000000000000e+04 2.503167450820173556e+00 6.363974297427583103e-03
1.176000000000000000e+04 2.502877920180333948e+00 6.248712819944881973e-03
1.179000000000000000e+04 2.502677103016268223e+00 6.155410289328179518e-03
1.182000000000000000e+04 2.502785345348202295e+00 6.058049118312451228e-03
1.185000000000000000e+04 2.502588796567267515e+00 6.058447269282053044e-03
1.188000000000000000e+04 2.502388277961961283e+00 6.087614852524808433e-03
1.191000000000000000e+04 2.501537231460800648e+00 6.048298876540980119e-03
1.194000000000000000e+04 2.501339180767967907e+00 5.965463364797461178e-03
1.197000000000000000e+04 2.501851188485465283e+00 6.028896850851197392e-03
1.200000000000000000e+04 2.502147016835577720e+00 5.939914088729347785e-03
1.203000000000000000e+04 2.502326170834147767e+00 5.912666869346390464e-03
1.206000000000000000e+04 2.502550888569498255e+00 5.934270891214363762e-03
1.209000000000000000e+04 2.502424312297753417e+00 5.962986081643155759e-03
1.212000000000000000e+04 2.502192958738577389e+00 5.888601219762607669e-03
1.215000000000000000e+04 2.502618890377410477e+00 5.832303995868346608e-03
1.218000000000000000e+04 2.502181775463554469e+00 5.855631982047982895e-03
1.221000000000000000e+04 2.501981192267725973e+00 5.891753180719556948e-03
1.224000000000000000e+04 2.502537784730456849e+00 5.908514349079216181e-03
1.227000000000000000e+04 2.502324746407726064e+00 5.797146214089035979e-03
1.230000000000000000e+04 2.502200701813826367e+00 5.835757033645727274e-03
1.233000000000000000e+04 2.502071812341546853e+00 5.865004714854921836e-03
1.236000000000000000e+04 2.501634040918093937e+00 5.843866725835808636e-03
1.239000000000000000e+04 2.501621642728781847e+00 5.860835030723557382e-03
1.242000000000000000e+04 2.501672758508747041e+00 5.937082073773749039e-03
1.245000000000000000e+04 2.501617648971063090e+00 5.996358492898535598e-03
1.248000000000000000e+04 2.501688297328155564e+00 5.936751682399871513e-03
1.251000000000000000e+04 2.501796619900974683e+00 6.007946352127919824e-03
1.254000000000000000e+04 2.501692987840653970e+00 6.031505056173492446e-03
1.257000000000000000e+04 2.501866038131160153e+00 6.187417173692020579e-03
1.260000000000000000e+04 2.501749155431871596e+00 6.166196011867197853e-03
1.263000000000000000e+04 2.501846007968493435e+00 6.121120966483982982e-03
1.266000000000000000e+04 2.501371420843534032e+00 6.168972021345171287e-03
1.269000000000000000e+04 2.501496341190691641e+00 6.215635473613935133e-03
1.272000000000000000e+04 2.501380398852111497e+00 6.169568697615457863e-03
1.275000000000000000e+04 2.501179902935200428e+00 6.187426325990300936e-03
1.278000000000000000e+04 2.501774484416125155e+00 6.208759092961344678e-03
1.281000000000000000e+04 2.502094693711269358e+00 6.250442903039128001e-03
1.284000000000000000e+04 2.501909128753653455e+00 6.256541285596783214e-03
1.287000000000000000e+04 2.502310042829991144e+00 6.171396428595686719e-03
1.290000000000000000e+04 2.501989451834141232e+00 6.128926362428612114e-03
1.293000000000000000e+04 2.502041019577557535e+00 6.080846552492072052e-03
1.296000000000000000e+04 2.502658861855154626e+00 6.102759650654226813e-03
1.299000000000000000e+04 2.502190421921765662e+00 6.124447730424073533e-03
1.302000000000000000e+04 2.502249886566364712e+00 6.078402689132349386e-03
1.305000000000000000e+04 2.502708237314927864e+00 6.088886668380100349e-03
1.308000000000000000e+04 2.502621784742403932e+00 6.198735764232750356e-03
1.311000000000000000e+04 2.502546410379203667e+00 6.237104524636988626e-03
1.314000000000000000e+04 2.502744260235822971e+00 6.154855492729287801e-03
1.317000000000000000e+04 2.503048752423380652e+00 6.285405225689101073e-03
1.320000000000000000e+04 2.503581515309367678e+00 6.148550435110449429e-03
1.323000000000000000e+04 2.503089374511580534e+00 6.091949940297417335e-03
1.326000000000000000e+04 2.503586095732424965e+00 6.125587563867887324e-03
1.329000000000000000e+04 2.503489181475741621e+00 6.145493431842605214e-03
1.332000000000000000e+04 2.503755227394048433e+00 6.077517569740172737e-03
1.335000000000000000e+04 2.504032366276158772e+00 6.058029261898373145e-03
1.338000000000000000e+04 2.503747920749372469e+00 5.978679819286491712e-03
1.341000000000000000e+04 2.503473637595854839e+00 5.903140010308962314e-03
1.344000000000000000e+04 2.503758611290663350e+00 5.901301709026582527e-03
1.347000000000000000e+04 2.503789733496376346e+00 6.006617058840586602e-03
1.350000000000000000e+04 2.504100784402460089e+00 5.994681335897826882e-03
1.353000000000000000e+04 2.504408726450962686e+00 6.054485175987898808e-03
1.356000000000000000e+04 2.504023902103270416e+00 5.980139675287985887e-03
1.359000000000000000e+04 2.504123707619997585e+00 5.961060389474018804e-03
1.362000000000000000e+04 2.503867396074952456e+00 5.960347928471413856e-03
1.365000000000000000e+04 2.503778057468450502e+00 5.974895168478117774e-03
1.368000000000000000e+04 2.503938729839391808e+00 5.951361721009308312e-03
1.371000000000000000e+04 2.503759519004543854e+00 5.914342901724171410e-03
1.374000000000000000e+04 2.503817061411809597e+00 5.954957585567619872e-03
1.377000000000000000e+04 2.503552837876223958e+00 5.906871675783459744e-03
1.380000000000000000e+04 2.503568261621052837e+00 5.995606692070677354e-03
1.383000000000000000e+04 2.503749004634557185e+00 6.076207743604620723e-03
1.386000000000000000e+04 2.504256433436176987e+00 6.084572443876786786e-03
1.389000000000000000e+04 2.504394776914400378e+00 6.131609303022894641e-03
1.392000000000000000e+04 2.504136502109640894e+00 6.107823923164446868e-03
1.395000000000000000e+04 2.503943814515847688e+00 6.099746107321844628e-03
1.398000000000000000e+04 2.504182711972331887e+00 6.058380354014629605e-03
1.401000000000000000e+04 2.504122311801085132e+00 6.042283856920197850e-03
1.404000000000000000e+04 2.503862728267281401e+00 6.106279728978239799e-03
1.407000000000000000e+04 2.503979908296502632e+00 6.032696080942455581e-03
1.410000000000000000e+04 2.503654877417853530e+00 5.976125335095159620e-03
1.413000000000000000e+04 2.503282873602722614e+00 5.948985856787484226e-03
1.416000000000000000e+04 2.503250635660712486e+00 5.965365272443231420e-03
1.419000000000000000e+04 2.503473994422495075e+00 5.969100962302994855e-03
1.422000000000000000e+04 2.503013161850059287e+00 6.034784282730700465e-03
1.425000000000000000e+04 2.502943378508773353e+00 5.977636863458486716e-03
1.428000000000000000e+04 2.502962578697206730e+00 5.894286793355800642e-03
1.431000000000000000e+04 2.503120348764403591e+00 5.892518890594141204e-03
1.434000000000000000e+04 2.502758627167046779e+00 5.919767538405993658e-03
1.437000000000000000e+04 2.502564632970620817e+00 5.930408003155502629e-03
1.440000000000000000e+04 2.502449509768859492e+00 5.985220376562243490e-03
1.443000000000000000e+04 2.502810172966567936e+00 5.932467546072476595e-03
1.446000000000000000e+04 2.502553868551665506e+00 5.986303513814069527e-03
1.449000000000000000e+04 2.502149093545980030e+00 6.020109268706306388e-03
1.452000000000000000e+04 2.502089499659915894e+00 6.002250983746973412e-03
1.455000000000000000e+04 2.501893722566217448e+00 5.985134889047304986e-03
1.458000000000000000e+04 2.502036572356201916e+00 5.913159676141623022e-03
1.461000000000000000e+04 2.501892531029055622e+00 5.870669260005276224e-03
1.464000000000000000e+04 2.501841271163847136e+00 5.855350380720710651e-03
1.467000000000000000e+04 2.501831803127703147e+00 5.837134079360296011e-03
1.470000000000000000e+04 2.502149871994750363e+00 5.855577223472765297e-03
1.473000000000000000e+04 2.501915048500864103e+00 5.843391388840071116e-03
1.476000000000000000e+04 2.502079578584358366e+00 5.815704240460826263e-03
1.479000000000000000e+04 2.502416424720775634e+00 5.807724621825993694e-03
1.482000000000000000e+04 2.502517152527889088e+00 5.789043360562754793e-03
1.485000000000000000e+04 2.502723099837083076e+00 5.753698727877654649e-03
1.488000000000000000e+04 2.502343598460150975e+00 5.743857171349370239e-03
1.491000000000000000e+04 2.502130953811746217e+00 5.779643228819168581e-03
1.494000000000000000e+04 2.502157260609766176e+00 5.835168387502305369e-03
1.497000000000000000e+04 2.502272722661355697e+00 5.851296654209698321e-03
1.500000000000000000e+04 2.502641337279245093e+00 5.876793087315313781e-03
