# # n, sigma
3.000000000000000000e+01 2.346577408343426097e+00 9.138251634633860754e-02
6.000000000000000000e+01 2.526600614966677760e+00 9.890698173117792869e-02
9.000000000000000000e+01 2.497016950145618086e+00 5.118332398131672512e-02
1.200000000000000000e+02 2.533164496522481546e+00 5.801978774289260482e-02
1.500000000000000000e+02 2.522511125259704112e+00 5.277027775315625696e-02
1.800000000000000000e+02 2.347004316377304889e+00 5.176494021299495041e-02
2.100000000000000000e+02 2.332011116417084917e+00 5.064583684672094993e-02
2.400000000000000000e+02 2.345099413301752644e+00 6.239382013973202024e-02
2.700000000000000000e+02 2.507182380465958982e+00 5.476056819926070768e-02
3.000000000000000000e+02 2.528860084147919185e+00 5.097380269618560084e-02
3.300000000000000000e+02 2.511926591305442713e+00 4.438098183773479810e-02
3.600000000000000000e+02 2.516511345019586621e+00 3.549880788073015575e-02
3.900000000000000000e+02 2.513001128411194163e+00 3.431423061095203314e-02
4.200000000000000000e+02 2.510316705217228606e+00 3.142714828434977486e-02
4.500000000000000000e+02 2.498857676389380167e+00 3.241584337170502067e-02
4.800000000000000000e+02 2.508166987669660397e+00 3.114682194661888906e-02
5.100000000000000000e+02 2.524168542943960425e+00 3.291082221388489520e-02
5.400000000000000000e+02 2.515318015756367487e+00 3.607908792301439682e-02
5.700000000000000000e+02 2.519695806769688851e+00 3.183944721634422714e-02
6.000000000000000000e+02 2.522773638163064547e+00 3.163128884254080148e-02
6.300000000000000000e+02 2.520040947489452954e+00 3.262845941647792708e-02
6.600000000000000000e+02 2.519243192009274157e+00 3.201883804203887324e-02
6.900000000000000000e+02 2.514118126904847816e+00 3.275710398558195902e-02
7.200000000000000000e+02 2.510451019087049929e+00 3.126606648314531056e-02
7.500000000000000000e+02 2.507476958948170243e+00 2.940003371097283866e-02
7.800000000000000000e+02 2.498851309538315579e+00 2.735169551384798031e-02
8.100000000000000000e+02 2.503448800897588811e+00 2.581022769258053268e-02
8.400000000000000000e+02 2.495685006491415781e+00 2.576669408668140829e-02
8.700000000000000000e+02 2.501705997557944094e+00 2.336676640825743889e-02
9.000000000000000000e+02 2.499718116522539724e+00 2.295693210767838291e-02
9.300000000000000000e+02 2.501382426362249944e+00 2.410103977045677248e-02
9.600000000000000000e+02 2.506828381998859712e+00 2.176368289597448158e-02
9.900000000000000000e+02 2.507913086733817298e+00 2.233442895883073695e-02
1.020000000000000000e+03 2.514183190096306753e+00 2.437805492100653462e-02
1.050000000000000000e+03 2.514811130508573633e+00 2.414082418135414521e-02
1.080000000000000000e+03 2.510560620744989535e+00 2.492405566113782209e-02
1.110000000000000000e+03 2.511399120785358985e+00 2.479732716628786984e-02
1.140000000000000000e+03 2.506876422445939223e+00 2.496552963784706355e-02
1.170000000000000000e+03 2.505745547219464076e+00 2.410347033684352366e-02
1.200000000000000000e+03 2.504956960131649257e+00 2.342120543305829805e-02
1.230000000000000000e+03 2.503228226198241035e+00 2.293060021486899303e-02
1.260000000000000000e+03 2.502760043325447548e+00 2.239384256209245305e-02
1.290000000000000000e+03 2.493632513747482182e+00 2.134522011680210773e-02
1.320000000000000000e+03 2.490901393533534236e+00 2.163022658706003493e-02
1.350000000000000000e+03 2.487762202266150968e+00 2.095056968885809084e-02
1.380000000000000000e+03 2.486436453625360699e+00 2.072061688860620324e-02
1.410000000000000000e+03 2.485916478041054756e+00 2.023895619404044929e-02
1.440000000000000000e+03 2.488328094703620152e+00 2.038614387998155877e-02
1.470000000000000000e+03 2.480309735804692828e+00 1.957897624506992063e-02
1.500000000000000000e+03 2.478770139257034710e+00 1.957986661370155965e-02
1.530000000000000000e+03 2.480195837205217746e+00 1.905710262049543913e-02
1.560000000000000000e+03 2.482215974515600276e+00 1.837024231433697155e-02
1.590000000000000000e+03 2.483265547242891280e+00 1.773268993798876245e-02
1.620000000000000000e+03 2.480894330461115072e+00 1.719375881924679883e-02
1.650000000000000000e+03 2.477452859183653988e+00 1.755180489297035809e-02
1.680000000000000000e+03 2.481903510583288952e+00 1.708145065722082440e-02
1.710000000000000000e+03 2.483292992357181372e+00 1.663099106770746238e-02
1.740000000000000000e+03 2.479922834592208414e+00 1.570499700736963100e-02
1.770000000000000000e+03 2.477959518580190590e+00 1.564707472770586125e-02
1.800000000000000000e+03 2.482074338974051386e+00 1.577472921842841200e-02
1.830000000000000000e+03 2.484072705786092961e+00 1.582151185418003217e-02
1.860000000000000000e+03 2.482235694303076112e+00 1.611827725304154635e-02
1.890000000000000000e+03 2.476396516263340786e+00 1.493749371152761421e-02
1.920000000000000000e+03 2.474928252745583368e+00 1.511450103068304879e-02
1.950000000000000000e+03 2.472727934508711645e+00 1.516701660629127084e-02
1.980000000000000000e+03 2.473184286133968346e+00 1.469224547117189798e-02
2.010000000000000000e+03 2.471581317148743295e+00 1.468474915286797217e-02
2.040000000000000000e+03 2.471661626955948154e+00 1.423242112458401876e-02
2.070000000000000000e+03 2.471255015781310682e+00 1.424842398999867990e-02
2.100000000000000000e+03 2.470264908146754923e+00 1.429091245948359810e-02
2.130000000000000000e+03 2.469435229793119913e+00 1.378083182369281047e-02
2.160000000000000000e+03 2.470791156032591029e+00 1.360157927001335275e-02
2.190000000000000000e+03 2.467342989571152945e+00 1.333047715879498094e-02
2.220000000000000000e+03 2.464857183566455223e+00 1.302801596314751530e-02
2.250000000000000000e+03 2.465446216469783014e+00 1.294299091642942511e-02
2.280000000000000000e+03 2.464879334178725845e+00 1.254970046051944940e-02
2.310000000000000000e+03 2.466459456438544695e+00 1.256430201752390362e-02
2.340000000000000000e+03 2.465667187644598801e+00 1.274748635336823109e-02
2.370000000000000000e+03 2.465860092100108147e+00 1.229869930670550969e-02
2.400000000000000000e+03 2.465763123881639540e+00 1.243253815258483878e-02
2.430000000000000000e+03 2.467587762255600836e+00 1.233244890692725658e-02
2.460000000000000000e+03 2.466364164125483871e+00 1.265062569683606669e-02
2.490000000000000000e+03 2.463195349173278093e+00 1.293887689596037033e-02
2.520000000000000000e+03 2.465642234401725030e+00 1.263303604378759708e-02
2.550000000000000000e+03 2.468148834864949848e+00 1.235075231122404783e-02
2.580000000000000000e+03 2.469084162074491218e+00 1.250718355599510570e-02
2.610000000000000000e+03 2.468231064668895414e+00 1.260033666563738566e-02
2.640000000000000000e+03 2.467303983498762676e+00 1.285319643545383694e-02
2.670000000000000000e+03 2.471193749886810842e+00 1.281698365391614053e-02
2.700000000000000000e+03 2.472291941219440403e+00 1.253588514454012648e-02
2.730000000000000000e+03 2.470512757398902526e+00 1.276557390491549898e-02
2.760000000000000000e+03 2.469954134401587620e+00 1.273524899933225520e-02
2.790000000000000000e+03 2.468844515911304605e+00 1.280827112031657743e-02
2.820000000000000000e+03 2.464377135545329445e+00 1.262900230916582343e-02
2.850000000000000000e+03 2.464214530847480322e+00 1.245303993383463197e-02
2.880000000000000000e+03 2.463218502832250412e+00 1.224200187842326010e-02
2.910000000000000000e+03 2.465434557661889681e+00 1.173374264820322734e-02
2.940000000000000000e+03 2.467124427462898950e+00 1.186487205742518987e-02
2.970000000000000000e+03 2.463937157281592238e+00 1.151781838356807225e-02
3.000000000000000000e+03 2.462179850186755559e+00 1.139994839341849052e-02
3.030000000000000000e+03 2.463158956375533837e+00 1.129526299917504688e-02
3.060000000000000000e+03 2.465413681441221527e+00 1.144048765024223945e-02
3.090000000000000000e+03 2.466925980723901457e+00 1.148433432178997890e-02
3.120000000000000000e+03 2.468645301656705815e+00 1.118711413742617261e-02
3.150000000000000000e+03 2.470365253956037233e+00 1.156124618210877496e-02
3.180000000000000000e+03 2.471857771740363585e+00 1.178712676495680470e-02
3.210000000000000000e+03 2.473424364009522147e+00 1.175772735294230119e-02
3.240000000000000000e+03 2.472625454752381380e+00 1.155932583510986197e-02
3.270000000000000000e+03 2.473879311927884128e+00 1.154032880291864030e-02
3.300000000000000000e+03 2.475153572960558268e+00 1.147161330919342463e-02
3.330000000000000000e+03 2.474774883709077944e+00 1.123006092855199749e-02
3.360000000000000000e+03 2.475259434393604963e+00 1.108460413463191463e-02
3.390000000000000000e+03 2.477030034297521777e+00 1.121631611633507747e-02
3.420000000000000000e+03 2.477472086515081884e+00 1.114457479726996617e-02
3.450000000000000000e+03 2.476959876299198005e+00 1.101396984599426095e-02
3.480000000000000000e+03 2.477193753222485917e+00 1.086857876830140887e-02
3.510000000000000000e+03 2.476281403868906050e+00 1.045918503647821560e-02
3.540000000000000000e+03 2.475716635524579878e+00 9.956003095025825478e-03
3.570000000000000000e+03 2.476567824304904075e+00 9.907253664239204852e-03
3.600000000000000000e+03 2.475266647990842728e+00 9.494955349130897171e-03
3.630000000000000000e+03 2.477166178853940082e+00 9.457403626616456283e-03
3.660000000000000000e+03 2.477650442437831835e+00 9.615944919076250402e-03
3.690000000000000000e+03 2.477953881802986480e+00 9.460237770147320729e-03
3.720000000000000000e+03 2.477565841573070138e+00 9.074400363039875766e-03
3.750000000000000000e+03 2.476381341292292593e+00 9.030656760753026299e-03
3.780000000000000000e+03 2.475541486916770229e+00 8.802931515543897453e-03
3.810000000000000000e+03 2.476558398335431566e+00 9.225409646965398308e-03
3.840000000000000000e+03 2.479334710192169666e+00 8.904181220406525224e-03
3.870000000000000000e+03 2.479766363777143212e+00 8.809451141932890181e-03
3.900000000000000000e+03 2.479265370978024574e+00 9.003419663343968649e-03
3.930000000000000000e+03 2.479330214024498158e+00 9.040721102677803586e-03
3.960000000000000000e+03 2.477688416411894856e+00 9.037143259495891007e-03
3.990000000000000000e+03 2.477342783194649289e+00 9.243280133582002650e-03
4.020000000000000000e+03 2.477263062759518686e+00 9.643414950739179550e-03
4.050000000000000000e+03 2.478078522202680656e+00 9.423857680704285367e-03
4.080000000000000000e+03 2.478453047733253811e+00 9.780474061800801394e-03
4.110000000000000000e+03 2.479205370579124601e+00 9.537119366334044848e-03
4.140000000000000000e+03 2.479619991217781205e+00 9.527581315256699462e-03
4.170000000000000000e+03 2.480163766822597982e+00 9.435558169818314064e-03
4.200000000000000000e+03 2.480258800619212334e+00 9.294940035547464077e-03
4.230000000000000000e+03 2.482068937884702287e+00 9.589226077842096657e-03
4.260000000000000000e+03 2.480539512724696305e+00 9.690935162620590085e-03
4.290000000000000000e+03 2.480136796137012212e+00 9.475996254351982603e-03
4.320000000000000000e+03 2.478765315353959942e+00 9.646185783814915579e-03
4.350000000000000000e+03 2.477683667911913634e+00 9.643882327030560073e-03
4.380000000000000000e+03 2.478414042079322588e+00 9.590278882735541605e-03
4.410000000000000000e+03 2.476187335827753522e+00 9.620525697629649792e-03
4.440000000000000000e+03 2.474505152539213881e+00 9.160870987048557249e-03
4.470000000000000000e+03 2.474189637963951860e+00 9.104471095031749228e-03
4.500000000000000000e+03 2.473425282427002880e+00 9.255052016722933525e-03
4.530000000000000000e+03 2.474314284004552444e+00 9.189652973043966125e-03
4.560000000000000000e+03 2.475504076623888938e+00 9.207256841567517530e-03
4.590000000000000000e+03 2.475757864041699285e+00 9.432380822548065008e-03
4.620000000000000000e+03 2.473766995387336465e+00 9.724926084247898644e-03
4.650000000000000000e+03 2.474020139877003643e+00 9.943342812353693841e-03
4.680000000000000000e+03 2.475018615728744820e+00 9.910485506203213155e-03
4.710000000000000000e+03 2.474927752651425283e+00 1.005499445172578811e-02
4.740000000000000000e+03 2.476380724366652242e+00 1.031035812050153100e-02
4.770000000000000000e+03 2.477502241455658449e+00 1.018634432080313054e-02
4.800000000000000000e+03 2.477857080186158356e+00 1.014659758371245363e-02
4.830000000000000000e+03 2.477760827418435952e+00 1.023921433253759637e-02
4.860000000000000000e+03 2.477082342668628812e+00 1.007064747975295986e-02
4.890000000000000000e+03 2.478895103608849571e+00 1.011876516468810522e-02
4.920000000000000000e+03 2.479044489051508648e+00 9.977415045360123538e-03
4.950000000000000000e+03 2.480012601237437497e+00 9.888518691417602646e-03
4.980000000000000000e+03 2.480242905594077563e+00 9.961283649329150808e-03
5.010000000000000000e+03 2.479076193197462974e+00 9.727065583622093378e-03
5.040000000000000000e+03 2.479187363107156816e+00 9.661544889554587318e-03
5.070000000000000000e+03 2.478870634424062747e+00 9.661058505763540569e-03
5.100000000000000000e+03 2.478818540199016596e+00 9.520225973184387458e-03
5.130000000000000000e+03 2.479230108923196951e+00 9.326512587293899620e-03
5.160000000000000000e+03 2.479374545803753715e+00 9.399202635680030046e-03
5.190000000000000000e+03 2.480215649616617224e+00 9.281174592801109957e-03
5.220000000000000000e+03 2.481554960028790280e+00 9.326208713430303443e-03
5.250000000000000000e+03 2.481355318319856895e+00 9.132046008350516025e-03
5.280000000000000000e+03 2.481177848226649107e+00 9.034957312960088111e-03
5.310000000000000000e+03 2.481599202088849321e+00 9.119606050363202043e-03
5.340000000000000000e+03 2.480987243074255666e+00 9.157954914305542135e-03
5.370000000000000000e+03 2.481613184553390195e+00 8.880461200277819586e-03
5.400000000000000000e+03 2.481591783172749643e+00 8.728823716399242150e-03
5.430000000000000000e+03 2.483327837678406258e+00 8.661985336177286179e-03
5.460000000000000000e+03 2.483449622729587247e+00 8.624614271458193662e-03
5.490000000000000000e+03 2.483285527262249825e+00 8.523022188487822462e-03
5.520000000000000000e+03 2.483586362398138014e+00 8.486411507555862918e-03
5.550000000000000000e+03 2.484222625027152631e+00 8.484299984004305822e-03
5.580000000000000000e+03 2.484853070072265524e+00 8.373523463305066958e-03
5.610000000000000000e+03 2.484358262618445501e+00 8.589064360148447944e-03
5.640000000000000000e+03 2.482665538070468525e+00 8.527770790934153730e-03
5.670000000000000000e+03 2.482606313554980293e+00 8.341809925214991803e-03
5.700000000000000000e+03 2.481779264088093129e+00 8.306817970908587229e-03
5.730000000000000000e+03 2.482664725758400692e+00 8.310683640339572298e-03
5.760000000000000000e+03 2.483098408375596478e+00 8.342687491897831167e-03
5.790000000000000000e+03 2.483238331394914233e+00 8.418209151940527282e-03
5.820000000000000000e+03 2.483676302131098357e+00 8.600797423234865860e-03
5.850000000000000000e+03 2.483566940982190996e+00 8.691351733575377464e-03
5.880000000000000000e+03 2.482851519684806441e+00 8.507136239794290539e-03
5.910000000000000000e+03 2.482524921478037605e+00 8.526155962503381355e-03
5.940000000000000000e+03 2.480877784811125419e+00 8.349320334471013738e-03
5.970000000000000000e+03 2.479629962545106370e+00 8.040520326547773849e-03
6.000000000000000000e+03 2.480553971447418959e+00 8.115314322694319391e-03
6.030000000000000000e+03 2.480344040734950184e+00 7.942976961469968775e-03
6.060000000000000000e+03 2.481139784702574680e+00 8.054884636298758477e-03
6.090000000000000000e+03 2.481365634364236961e+00 8.225078131856255331e-03
6.120000000000000000e+03 2.481464426108845878e+00 8.335750758210429615e-03
6.150000000000000000e+03 2.482583282564578386e+00 8.209508284305956291e-03
6.180000000000000000e+03 2.482582184397849723e+00 8.168427797476607993e-03
6.210000000000000000e+03 2.482694798598997554e+00 8.314362451176551469e-03
6.240000000000000000e+03 2.482869169067888571e+00 8.382660137320790267e-03
6.270000000000000000e+03 2.482703755534811041e+00 8.524112740103390387e-03
6.300000000000000000e+03 2.484475212229702912e+00 8.500545102469558856e-03
6.330000000000000000e+03 2.485065886689382442e+00 8.299823280450360427e-03
6.360000000000000000e+03 2.486160395789604571e+00 8.283187236056231001e-03
6.390000000000000000e+03 2.486538616927889134e+00 8.493142470094399571e-03
6.420000000000000000e+03 2.486786231898338251e+00 8.201201596296968377e-03
6.450000000000000000e+03 2.485982065520785156e+00 8.087458500356525803e-03
6.480000000000000000e+03 2.485733697887389404e+00 8.173295298803255268e-03
6.510000000000000000e+03 2.486625962053757188e+00 8.170174546651224820e-03
6.540000000000000000e+03 2.486096227637208056e+00 8.183775845440844840e-03
6.570000000000000000e+03 2.485884866386452341e+00 8.127868491541467150e-03
6.600000000000000000e+03 2.486262019108916199e+00 7.951470102029820769e-03
6.630000000000000000e+03 2.485750073965906637e+00 8.066566561864128848e-03
6.660000000000000000e+03 2.485363923496742622e+00 8.281319581560290036e-03
6.690000000000000000e+03 2.485847053452864053e+00 8.112516599295170952e-03
6.720000000000000000e+03 2.485813061513523881e+00 8.059811605492087083e-03
6.750000000000000000e+03 2.485734550249409480e+00 8.042491192254176691e-03
6.780000000000000000e+03 2.485994618117242094e+00 8.126507037143791343e-03
6.810000000000000000e+03 2.486709358811373782e+00 8.225403290164445477e-03
6.840000000000000000e+03 2.486291484583832201e+00 8.362498192472608491e-03
6.870000000000000000e+03 2.487340685716408650e+00 8.262436209981217916e-03
6.900000000000000000e+03 2.487466480424657789e+00 8.145829559791725391e-03
6.930000000000000000e+03 2.487207994989551807e+00 7.917840631098691309e-03
6.960000000000000000e+03 2.486030358993352785e+00 8.045341206705688281e-03
6.990000000000000000e+03 2.485473784383331886e+00 8.010816817200150028e-03
7.020000000000000000e+03 2.485722073120389730e+00 8.080534887282142184e-03
7.050000000000000000e+03 2.486103211353209996e+00 8.012612542613119920e-03
7.080000000000000000e+03 2.485967592994837716e+00 8.130868311900751183e-03
7.110000000000000000e+03 2.486206867612016147e+00 8.320117823832465925e-03
7.140000000000000000e+03 2.486300911154794679e+00 8.362261760671235375e-03
7.170000000000000000e+03 2.485462438442616939e+00 8.438535115038227688e-03
7.200000000000000000e+03 2.485808930654617832e+00 8.272545279368907420e-03
7.230000000000000000e+03 2.485764548771062010e+00 8.408609223818867134e-03
7.260000000000000000e+03 2.485769580328225814e+00 8.511311387206458440e-03
7.290000000000000000e+03 2.486600068913503048e+00 8.535066689708751056e-03
7.320000000000000000e+03 2.486813491079670424e+00 8.633903710066030343e-03
7.350000000000000000e+03 2.486754913558505642e+00 8.642055118719023377e-03
7.380000000000000000e+03 2.487613981877155211e+00 8.586990302349883919e-03
7.410000000000000000e+03 2.487682029585100540e+00 8.842084524864665673e-03
7.440000000000000000e+03 2.486803665779765193e+00 8.876232643304747538e-03
7.470000000000000000e+03 2.486324080206788523e+00 8.904189706882593980e-03
7.500000000000000000e+03 2.486126890682276880e+00 8.873354107800764806e-03
7.530000000000000000e+03 2.486894052856246873e+00 8.842462480506055669e-03
7.560000000000000000e+03 2.486982940109809359e+00 8.566131938535396367e-03
7.590000000000000000e+03 2.488132329422869216e+00 8.561090830013278960e-03
7.620000000000000000e+03 2.487769648616450002e+00 8.515050932050578780e-03
7.650000000000000000e+03 2.486904191689185861e+00 8.330821565272964260e-03
7.680000000000000000e+03 2.486897087245946825e+00 8.299255289566079621e-03
7.710000000000000000e+03 2.486548280641125874e+00 8.265257695054220588e-03
7.740000000000000000e+03 2.486223123261171342e+00 8.310359145118344226e-03
7.770000000000000000e+03 2.486383562669661096e+00 8.128553580846423210e-03
7.800000000000000000e+03 2.486795843643176962e+00 8.199177530002403277e-03
7.830000000000000000e+03 2.486904901692410519e+00 8.118044340961206792e-03
7.860000000000000000e+03 2.486935289103567648e+00 8.031640212052063021e-03
7.890000000000000000e+03 2.486423407858236345e+00 8.307540301260903787e-03
7.920000000000000000e+03 2.486943292175255671e+00 8.210762593708509360e-03
7.950000000000000000e+03 2.487805962279034055e+00 8.176142011957059433e-03
7.980000000000000000e+03 2.488042869532725021e+00 8.250875747244342320e-03
8.010000000000000000e+03 2.487311159103448244e+00 8.333047639596647890e-03
8.040000000000000000e+03 2.486422381008097648e+00 8.289921162482893902e-03
8.070000000000000000e+03 2.486538298466930197e+00 8.337580458295419661e-03
8.100000000000000000e+03 2.487155869198651281e+00 8.324965882572111023e-03
8.130000000000000000e+03 2.487130246727236482e+00 8.286045931399725270e-03
8.160000000000000000e+03 2.486948414764117210e+00 8.335157211138298841e-03
8.190000000000000000e+03 2.487768080659661152e+00 8.353288025479571957e-03
8.220000000000000000e+03 2.488136881347843943e+00 8.198166644791903684e-03
8.250000000000000000e+03 2.487093398933509114e+00 8.272106301573231221e-03
8.280000000000000000e+03 2.487862746578377138e+00 8.123907127742871492e-03
8.310000000000000000e+03 2.487610376565858150e+00 7.933565913426874130e-03
8.340000000000000000e+03 2.487964211254739766e+00 7.914874604172020267e-03
8.370000000000000000e+03 2.487455472584351401e+00 7.838499155555803122e-03
8.400000000000000000e+03 2.488242052659179748e+00 7.915524632349629428e-03
8.430000000000000000e+03 2.487996738013799281e+00 7.852988816715252701e-03
8.460000000000000000e+03 2.487521118145260335e+00 7.848655778539312400e-03
8.490000000000000000e+03 2.487242130834527831e+00 7.690626107945026067e-03
8.520000000000000000e+03 2.486796019781406741e+00 7.860961613564254602e-03
8.550000000000000000e+03 2.485986793149470575e+00 7.915885956290074146e-03
8.580000000000000000e+03 2.487135209383358525e+00 8.131013051880261674e-03
8.610000000000000000e+03 2.486690517973864534e+00 8.038692329437630013e-03
8.640000000000000000e+03 2.486826159334963204e+00 8.078573491206105656e-03
8.670000000000000000e+03 2.486330242114357159e+00 8.174523692208885209e-03
8.700000000000000000e+03 2.487460959285031858e+00 8.218366748571161173e-03
8.730000000000000000e+03 2.487199910596251229e+00 8.049321039300826389e-03
8.760000000000000000e+03 2.487110661768207720e+00 7.963368881032880514e-03
8.790000000000000000e+03 2.487135272447465351e+00 8.140165782341996295e-03
8.820000000000000000e+03 2.486823405542113896e+00 8.201829657263275813e-03
8.850000000000000000e+03 2.487401342573056340e+00 8.128209242170761697e-03
8.880000000000000000e+03 2.486989472855885897e+00 8.279806996970997743e-03
8.910000000000000000e+03 2.486745405980506529e+00 8.209861178308328761e-03
8.940000000000000000e+03 2.486616622515004149e+00 8.171958830937412627e-03
8.970000000000000000e+03 2.486693378680320698e+00 8.270846782873649689e-03
9.000000000000000000e+03 2.487288931685450066e+00 8.132610915971272975e-03
9.030000000000000000e+03 2.487958036742328183e+00 8.042092548687694922e-03
9.060000000000000000e+03 2.488368015072121686e+00 8.068303979161571896e-03
9.090000000000000000e+03 2.489089090476090949e+00 8.039337352709429937e-03
9.120000000000000000e+03 2.489241351991359430e+00 8.015259726731891951e-03
9.150000000000000000e+03 2.489048406141300518e+00 7.976477371366462801e-03
9.180000000000000000e+03 2.489934843316423230e+00 8.181064846547871777e-03
9.210000000000000000e+03 2.488682711757567834e+00 8.197760819346523037e-03
9.240000000000000000e+03 2.488615328735061638e+00 8.250671157820506016e-03
9.270000000000000000e+03 2.489196820556200951e+00 8.324687862958641063e-03
9.300000000000000000e+03 2.489281053583304537e+00 8.214728847789086463e-03
9.330000000000000000e+03 2.488967918769173338e+00 8.134037574848033969e-03
9.360000000000000000e+03 2.489629821247805630e+00 8.245549595292273395e-03
9.390000000000000000e+03 2.489436086622642819e+00 8.019694913505142145e-03
9.420000000000000000e+03 2.490220010658324767e+00 8.028930733809200998e-03
9.450000000000000000e+03 2.489584530034195442e+00 7.993752903022647779e-03
9.480000000000000000e+03 2.489236820049170351e+00 8.005061039970473927e-03
9.510000000000000000e+03 2.488432339579193631e+00 7.946080559589358688e-03
9.540000000000000000e+03 2.489059757435634346e+00 7.918496744996566736e-03
9.570000000000000000e+03 2.488880769032480789e+00 7.895070681816570776e-03
9.600000000000000000e+03 2.489335818690666891e+00 7.865013177140615236e-03
9.630000000000000000e+03 2.488292861552711344e+00 7.908242089418137180e-03
9.660000000000000000e+03 2.488332368959069729e+00 8.116622562145153763e-03
9.690000000000000000e+03 2.488268224365199899e+00 8.206899240085654620e-03
9.720000000000000000e+03 2.488507831849929630e+00 8.229284999333869033e-03
9.750000000000000000e+03 2.488724883104341146e+00 8.140314675163295988e-03
9.780000000000000000e+03 2.488947309924735674e+00 7.937490699491647067e-03
9.810000000000000000e+03 2.488398212559383982e+00 7.927549042423036318e-03
9.840000000000000000e+03 2.488360115626884639e+00 7.807862421750387701e-03
9.870000000000000000e+03 2.487780582034948562e+00 7.737665674385866069e-03
9.900000000000000000e+03 2.487589416751771143e+00 7.693033997971095682e-03
9.930000000000000000e+03 2.487999879250881730e+00 7.832826537937263509e-03
9.960000000000000000e+03 2.487869693580978758e+00 7.863838520768277190e-03
9.990000000000000000e+03 2.488701418547963673e+00 7.675491391536813819e-03
1.002000000000000000e+04 2.488578728060557577e+00 7.571370734225147704e-03
1.005000000000000000e+04 2.488690140012023377e+00 7.645453210115497888e-03
1.008000000000000000e+04 2.488134387631754318e+00 7.785569385399441523e-03
1.011000000000000000e+04 2.487769711143072993e+00 7.886295477239716259e-03
1.014000000000000000e+04 2.486577077930736568e+00 7.952201074442671533e-03
1.017000000000000000e+04 2.486660528694312422e+00 8.017837794426954656e-03
1.020000000000000000e+04 2.487317134224358739e+00 8.132989028178553431e-03
1.023000000000000000e+04 2.487388883032883413e+00 8.202470437618566285e-03
1.026000000000000000e+04 2.487385346570174516e+00 8.223070416590353218e-03
1.029000000000000000e+04 2.487611140341938309e+00 8.284471547851817580e-03
1.032000000000000000e+04 2.487733857388371383e+00 8.225294546557458328e-03
1.035000000000000000e+04 2.487885202441903143e+00 8.165829121422215481e-03
1.038000000000000000e+04 2.487369487621818198e+00 8.225856724826787272e-03
1.041000000000000000e+04 2.488341104285635375e+00 8.307791502448426749e-03
1.044000000000000000e+04 2.488937440306340676e+00 8.395075255046373017e-03
1.047000000000000000e+04 2.489061948265711255e+00 8.255419050349781587e-03
1.050000000000000000e+04 2.488472856448131765e+00 8.266721724798748241e-03
1.053000000000000000e+04 2.489148090221365628e+00 8.302255487596915673e-03
1.056000000000000000e+04 2.488670276086400346e+00 8.259432749465410450e-03
1.059000000000000000e+04 2.489120777019934838e+00 8.216913586241606643e-03
1.062000000000000000e+04 2.489491102193207794e+00 8.246129592861700316e-03
1.065000000000000000e+04 2.489450582024561154e+00 8.202830964140137016e-03
1.068000000000000000e+04 2.489173092456745451e+00 8.421367086037198982e-03
1.071000000000000000e+04 2.489068612347494103e+00 8.459192139662414373e-03
1.074000000000000000e+04 2.489581541977938350e+00 8.414522675982338482e-03
1.077000000000000000e+04 2.489491374788004752e+00 8.329787716899603872e-03
1.080000000000000000e+04 2.489635495235993812e+00 8.430102227410207066e-03
1.083000000000000000e+04 2.489716467625456620e+00 8.340821985640413036e-03
1.086000000000000000e+04 2.489528782468379831e+00 8.234461543327570646e-03
1.089000000000000000e+04 2.489481350867108755e+00 8.130579309420869760e-03
1.092000000000000000e+04 2.488848926368892212e+00 8.238412096595783968e-03
1.095000000000000000e+04 2.488837775640885042e+00 8.242920124164016676e-03
1.098000000000000000e+04 2.488892983795920610e+00 8.322891260968905136e-03
1.101000000000000000e+04 2.488623404210021928e+00 8.275287231922969639e-03
1.104000000000000000e+04 2.489369973396714730e+00 8.350565142912221017e-03
1.107000000000000000e+04 2.489706311216024037e+00 8.409604134931223524e-03
1.110000000000000000e+04 2.489702945614310270e+00 8.290553027461114097e-03
1.113000000000000000e+04 2.489691749142330934e+00 8.342510972905677058e-03
1.116000000000000000e+04 2.488968004445573978e+00 8.373448211814273068e-03
1.119000000000000000e+04 2.489453000163489804e+00 8.317783450418007180e-03
1.122000000000000000e+04 2.489477021098325249e+00 8.161336171540431103e-03
1.125000000000000000e+04 2.489440640538752803e+00 8.185860377824981035e-03
1.128000000000000000e+04 2.490490635093454586e+00 8.077759010166742776e-03
1.131000000000000000e+04 2.490720596206409621e+00 8.000021903025646836e-03
1.134000000000000000e+04 2.490248790101058152e+00 7.914530059011257168e-03
1.137000000000000000e+04 2.490678538931736963e+00 7.907211278295139464e-03
1.140000000000000000e+04 2.490248300010518001e+00 7.784657065790358786e-03
1.143000000000000000e+04 2.490252350321376706e+00 7.706245759516039927e-03
1.146000000000000000e+04 2.490337776931409675e+00 7.750287343198995066e-03
1.149000000000000000e+04 2.490566777977962332e+00 7.786527508044243512e-03
1.152000000000000000e+04 2.490618702965002207e+00 7.844241395011660595e-03
1.155000000000000000e+04 2.490793159952823910e+00 7.893867173575864343e-03
1.158000000000000000e+04 2.490976557991163354e+00 7.798374812333673696e-03
1.161000000000000000e+04 2.491247142520328417e+00 7.841307959268179265e-03
1.164000000000000000e+04 2.490957465791381775e+00 7.773302896690191879e-03
1.167000000000000000e+04 2.491254847070644374e+00 7.844076181590463326e-03
1.170000000000000000e+04 2.491644319161256949e+00 7.883338218842543196e-03
1.173000000000000000e+04 2.491961510870560836e+00 7.877441893678392357e-03
1.176000000000000000e+04 2.491474683732751938e+00 7.982354403910331062e-03
1.179000000000000000e+04 2.491063711352599519e+00 7.889185514232645996e-03
1.182000000000000000e+04 2.491716545300599162e+00 7.787160322602321161e-03
1.185000000000000000e+04 2.490785546526074423e+00 7.725430650855477296e-03
1.188000000000000000e+04 2.490936017032471916e+00 7.772946728153610520e-03
1.191000000000000000e+04 2.490432108234522435e+00 7.716473621536951849e-03
1.194000000000000000e+04 2.490394648904291852e+00 7.733379664468774568e-03
1.197000000000000000e+04 2.490965997866290582e+00 7.725629806231079644e-03
1.200000000000000000e+04 2.491108164458921248e+00 7.701877685679975674e-03
1.203000000000000000e+04 2.491611887319832075e+00 7.726680078204489419e-03
1.206000000000000000e+04 2.491456751509651291e+00 7.690332737230894632e-03
1.209000000000000000e+04 2.491578711080207231e+00 7.639302500777355072e-03
1.212000000000000000e+04 2.491737286604696955e+00 7.492701507365215861e-03
1.215000000000000000e+04 2.491876810975157674e+00 7.367365507987148725e-03
1.218000000000000000e+04 2.492465138689258897e+00 7.300972171179133559e-03
1.221000000000000000e+04 2.493028098189041142e+00 7.251566796888777276e-03
1.224000000000000000e+04 2.493497638426457552e+00 7.235330772287846407e-03
1.227000000000000000e+04 2.494224169474092978e+00 7.225275699526669849e-03
1.230000000000000000e+04 2.493657523799359677e+00 7.201266132255108345e-03
1.233000000000000000e+04 2.493622329585365005e+00 7.226886873454675848e-03
1.236000000000000000e+04 2.493556235927022691e+00 7.191672996958555289e-03
1.239000000000000000e+04 2.494246989415841220e+00 7.190431420997791916e-03
1.242000000000000000e+04 2.494079779477718084e+00 7.238307502871603114e-03
1.245000000000000000e+04 2.494444577783557992e+00 7.130674407590331318e-03
1.248000000000000000e+04 2.494794621580297189e+00 7.126912765768217070e-03
1.251000000000000000e+04 2.494734539595305112e+00 7.099476672572760036e-03
1.254000000000000000e+04 2.494584598599485670e+00 7.180886180827518797e-03
1.257000000000000000e+04 2.494711279102004298e+00 7.226622817980335629e-03
1.260000000000000000e+04 2.494947336763227774e+00 7.248697133675008689e-03
1.263000000000000000e+04 2.494695549394023715e+00 7.219455426033404358e-03
1.266000000000000000e+04 2.495071914539277902e+00 7.169576877657355199e-03
1.269000000000000000e+04 2.495258733431615639e+00 7.178298086718818381e-03
1.272000000000000000e+04 2.495466998620346821e+00 7.228764912084435258e-03
1.275000000000000000e+04 2.495587061743358426e+00 7.212425268284078719e-03
1.278000000000000000e+04 2.496159653262243427e+00 7.214571756420836909e-03
1.281000000000000000e+04 2.496311225146225166e+00 7.177108931449452042e-03
1.284000000000000000e+04 2.496772128910959676e+00 7.223057236934560255e-03
1.287000000000000000e+04 2.496667517503015077e+00 7.287685404084285473e-03
1.290000000000000000e+04 2.496303283140447249e+00 7.233014499304883313e-03
1.293000000000000000e+04 2.496568793151639376e+00 7.170535107956278048e-03
1.296000000000000000e+04 2.497010021318088580e+00 7.210572456820972705e-03
1.299000000000000000e+04 2.497092134976016453e+00 7.137672294316428287e-03
1.302000000000000000e+04 2.496881846466708410e+00 7.122878411691266169e-03
1.305000000000000000e+04 2.497535891494127469e+00 7.173954626427273516e-03
1.308000000000000000e+04 2.497675213825119922e+00 7.115430655352929755e-03
1.311000000000000000e+04 2.497149895231985273e+00 7.093079937222975841e-03
1.314000000000000000e+04 2.497446062151027046e+00 6.959078261625963567e-03
1.317000000000000000e+04 2.496694224750567681e+00 6.945832429505049456e-03
1.320000000000000000e+04 2.497160352514019355e+00 6.946169722457873341e-03
1.323000000000000000e+04 2.496742688194351967e+00 6.917861677114819051e-03
1.326000000000000000e+04 2.496378548618861881e+00 6.775285893139924680e-03
1.329000000000000000e+04 2.496758992987367254e+00 6.798166687371076308e-03
1.332000000000000000e+04 2.496758244959635054e+00 6.805767631303209254e-03
1.335000000000000000e+04 2.496996673343832907e+00 6.707946648172177610e-03
1.338000000000000000e+04 2.497071972029289544e+00 6.653255354617457207e-03
1.341000000000000000e+04 2.496980448407864817e+00 6.604419270907318541e-03
1.344000000000000000e+04 2.497080073826189128e+00 6.672955239511573280e-03
1.347000000000000000e+04 2.497168643776789043e+00 6.640265183300118369e-03
1.350000000000000000e+04 2.497383208497413243e+00 6.670203332704428660e-03
1.353000000000000000e+04 2.497117804568490751e+00 6.568463876841713033e-03
1.356000000000000000e+04 2.497234796437959314e+00 6.618503090402507935e-03
1.359000000000000000e+04 2.497475741164381091e+00 6.592828766423896800e-03
1.362000000000000000e+04 2.496844942351197361e+00 6.565891289395602883e-03
1.365000000000000000e+04 2.496998616906952240e+00 6.514423482353764658e-03
1.368000000000000000e+04 2.496916658281671975e+00 6.443139839103659457e-03
1.371000000000000000e+04 2.495820295608842887e+00 6.426112872337735350e-03
1.374000000000000000e+04 2.496045062385740643e+00 6.413219697811468716e-03
1.377000000000000000e+04 2.495718595868280154e+00 6.484980613102556135e-03
1.380000000000000000e+04 2.495675064804556254e+00 6.336758534981504903e-03
1.383000000000000000e+04 2.495415400622944535e+00 6.249308141336180032e-03
1.386000000000000000e+04 2.494756826842875252e+00 6.254904491810413074e-03
1.389000000000000000e+04 2.494787287260482600e+00 6.229892895123452685e-03
1.392000000000000000e+04 2.495220128954773298e+00 6.299743668777567189e-03
1.395000000000000000e+04 2.494863065478831299e+00 6.334372305781745850e-03
1.398000000000000000e+04 2.494775707389967678e+00 6.379000400840764348e-03
1.401000000000000000e+04 2.494341318452537148e+00 6.295395191836194136e-03
1.404000000000000000e+04 2.494289991261017914e+00 6.343127148229300849e-03
1.407000000000000000e+04 2.494193492776574761e+00 6.336311159069095422e-03
1.410000000000000000e+04 2.494382283131992395e+00 6.323669351835559463e-03
1.413000000000000000e+04 2.494646521935379280e+00 6.292604352925513719e-03
1.416000000000000000e+04 2.494885474290466476e+00 6.278723197736023678e-03
1.419000000000000000e+04 2.494996349199591013e+00 6.250530510061577845e-03
1.422000000000000000e+04 2.494971412966640045e+00 6.262933283715832120e-03
1.425000000000000000e+04 2.495005252118108530e+00 6.216321553495334981e-03
1.428000000000000000e+04 2.495332163139028836e+00 6.240825059741052575e-03
1.431000000000000000e+04 2.495193346010121882e+00 6.259436865191449033e-03
1.434000000000000000e+04 2.495404174145048337e+00 6.224495073641696068e-03
1.437000000000000000e+04 2.495798806582184337e+00 6.175785841138208172e-03
1.440000000000000000e+04 2.496259122027717936e+00 6.292164944834061947e-03
1.443000000000000000e+04 2.496562969908021845e+00 6.232847433043509598e-03
1.446000000000000000e+04 2.497150603983691042e+00 6.290689716566134904e-03
1.449000000000000000e+04 2.497093652983584544e+00 6.189043574987379732e-03
1.452000000000000000e+04 2.496599923063221205e+00 6.022916301880561034e-03
1.455000000000000000e+04 2.495975036323792917e+00 5.938110542285948701e-03
1.458000000000000000e+04 2.495620685212010414e+00 5.855892637152465899e-03
1.461000000000000000e+04 2.495534704079115151e+00 5.788603030863658655e-03
1.464000000000000000e+04 2.495555080468463860e+00 5.826066502745878319e-03
1.467000000000000000e+04 2.495046814783631994e+00 5.813965432016092970e-03
1.470000000000000000e+04 2.495119008302615349e+00 5.725377653392129708e-03
1.473000000000000000e+04 2.495206714655882063e+00 5.752564266928445434e-03
1.476000000000000000e+04 2.495062927578800771e+00 5.785821166969215383e-03
1.479000000000000000e+04 2.495650558397919383e+00 5.768212841091655517e-03
1.482000000000000000e+04 2.496124700050037948e+00 5.677633248669609715e-03
1.485000000000000000e+04 2.496201070777407161e+00 5.692406120422380082e-03
1.488000000000000000e+04 2.496317403665009316e+00 5.797027935679638540e-03
1.491000000000000000e+04 2.496315295174523108e+00 5.830271488331061937e-03
1.494000000000000000e+04 2.496236804175857582e+00 5.736352751771336272e-03
1.497000000000000000e+04 2.496242252887484803e+00 5.800436826305360033e-03
1.500000000000000000e+04 2.495984388335408255e+00 5.778911333510467797e-03
