# # n, sigma
3.000000000000000000e+01 2.486254127653446222e+00 9.629619318183009480e-02
6.000000000000000000e+01 2.486749825027634309e+00 4.595644899401440941e-02
9.000000000000000000e+01 2.490730893276530189e+00 3.507257080901933499e-02
1.200000000000000000e+02 2.525396046867437239e+00 3.342873855585646453e-02
1.500000000000000000e+02 2.548283871759458918e+00 3.253027011611853148e-02
1.800000000000000000e+02 2.540637007973514550e+00 3.907414845027274569e-02
2.100000000000000000e+02 2.538549167981934307e+00 4.572703025840745006e-02
2.400000000000000000e+02 2.536232273757953681e+00 3.949189310325811747e-02
2.700000000000000000e+02 2.548521154052721727e+00 3.663719853188929232e-02
3.000000000000000000e+02 2.543258279715550962e+00 2.920281028125966058e-02
3.300000000000000000e+02 2.537113478901907637e+00 3.193324892695689060e-02
3.600000000000000000e+02 2.546378646577786675e+00 2.981952044009161806e-02
3.900000000000000000e+02 2.543203850523064080e+00 3.101896667369024099e-02
4.200000000000000000e+02 2.538632972767937090e+00 3.132205432096912129e-02
4.500000000000000000e+02 2.538470626040131073e+00 3.086596976579308871e-02
4.800000000000000000e+02 2.534082452973850597e+00 3.155816387264073070e-02
5.100000000000000000e+02 2.537644599627831621e+00 3.250668408611415150e-02
5.400000000000000000e+02 2.524836157934970071e+00 3.032901009581967858e-02
5.700000000000000000e+02 2.520872244102868809e+00 3.177512243093928018e-02
6.000000000000000000e+02 2.519150366361450288e+00 3.027320857665456375e-02
6.300000000000000000e+02 2.515696352738621133e+00 2.933323646850331812e-02
6.600000000000000000e+02 2.508820070771511812e+00 2.925845922546975800e-02
6.900000000000000000e+02 2.503802781344148798e+00 2.709229605002996463e-02
7.200000000000000000e+02 2.502302870332691498e+00 2.739849473808537300e-02
7.500000000000000000e+02 2.497074278463126795e+00 2.638635540259890930e-02
7.800000000000000000e+02 2.496079130715720851e+00 2.750722976193962707e-02
8.100000000000000000e+02 2.495380509701831784e+00 2.712572704348538075e-02
8.400000000000000000e+02 2.502988841770220851e+00 2.648854161026377094e-02
8.700000000000000000e+02 2.501969260449211863e+00 2.631558315563263528e-02
9.000000000000000000e+02 2.502184510387502669e+00 2.649379261158408758e-02
9.300000000000000000e+02 2.498844789402148603e+00 2.561190005933242433e-02
9.600000000000000000e+02 2.504476258236513875e+00 2.523119763151344605e-02
9.900000000000000000e+02 2.509904012331240608e+00 2.498414015283656128e-02
1.020000000000000000e+03 2.510837246940780698e+00 2.418245228928113388e-02
1.050000000000000000e+03 2.507916114736736368e+00 2.378782185346054595e-02
1.080000000000000000e+03 2.507307377864860687e+00 2.495266360000883768e-02
1.110000000000000000e+03 2.512568499531603994e+00 2.500022254459690826e-02
1.140000000000000000e+03 2.515808569833911879e+00 2.377294958035571643e-02
1.170000000000000000e+03 2.517100008357116003e+00 2.484718697554108222e-02
1.200000000000000000e+03 2.513948003213455351e+00 2.289058861507237488e-02
1.230000000000000000e+03 2.515417762427448523e+00 2.236863514058091279e-02
1.260000000000000000e+03 2.511173805251606606e+00 2.186206736776186155e-02
1.290000000000000000e+03 2.514795270627145030e+00 1.988463790449914240e-02
1.320000000000000000e+03 2.517197368286157033e+00 1.841648093736968084e-02
1.350000000000000000e+03 2.515606907109331658e+00 1.878776050858338431e-02
1.380000000000000000e+03 2.518215088737306484e+00 1.880595322851129347e-02
1.410000000000000000e+03 2.517725758834354455e+00 1.718972827393780781e-02
1.440000000000000000e+03 2.520013332395800720e+00 1.651138216549680529e-02
1.470000000000000000e+03 2.515248323117108775e+00 1.583235181643397743e-02
1.500000000000000000e+03 2.515362089675673207e+00 1.561076122715244173e-02
1.530000000000000000e+03 2.514755690090776596e+00 1.514489924105986290e-02
1.560000000000000000e+03 2.512216028431440318e+00 1.465322261016221463e-02
1.590000000000000000e+03 2.514430131582105599e+00 1.449957202849114050e-02
1.620000000000000000e+03 2.515139059132907473e+00 1.482575462443771683e-02
1.650000000000000000e+03 2.516195509534476571e+00 1.548366645022508821e-02
1.680000000000000000e+03 2.512725657746480490e+00 1.502307771043647454e-02
1.710000000000000000e+03 2.514149781316938892e+00 1.550253638543878064e-02
1.740000000000000000e+03 2.512089235569413326e+00 1.649971646097742745e-02
1.770000000000000000e+03 2.510821889473123569e+00 1.666842980987260844e-02
1.800000000000000000e+03 2.510911504907001657e+00 1.706043957919962592e-02
1.830000000000000000e+03 2.511703621036493583e+00 1.870201706372769460e-02
1.860000000000000000e+03 2.508960709387137555e+00 1.902267443436450947e-02
1.890000000000000000e+03 2.514330232695696221e+00 1.814442304993987495e-02
1.920000000000000000e+03 2.516048223543998930e+00 1.823598666951712841e-02
1.950000000000000000e+03 2.515490812272743959e+00 1.893267814936722485e-02
1.980000000000000000e+03 2.515312910672375057e+00 1.787797246148694827e-02
2.010000000000000000e+03 2.514755876420073477e+00 1.691443796906039534e-02
2.040000000000000000e+03 2.514893028071361947e+00 1.633661820773640513e-02
2.070000000000000000e+03 2.515491971286295314e+00 1.569502884854848471e-02
2.100000000000000000e+03 2.514651938241059703e+00 1.546989377095601796e-02
2.130000000000000000e+03 2.513836224655177531e+00 1.508243630619827101e-02
2.160000000000000000e+03 2.516404280649131131e+00 1.527179978736564400e-02
2.190000000000000000e+03 2.515516612048580125e+00 1.502141662777079292e-02
2.220000000000000000e+03 2.514792196771527877e+00 1.490409106089865196e-02
2.250000000000000000e+03 2.514695698983172800e+00 1.434965456551000156e-02
2.280000000000000000e+03 2.511649282761973634e+00 1.431191705956497313e-02
2.310000000000000000e+03 2.508757488351986087e+00 1.397178128367592559e-02
2.340000000000000000e+03 2.510595594151593613e+00 1.356126274139540094e-02
2.370000000000000000e+03 2.510440874835689229e+00 1.350930811440012244e-02
2.400000000000000000e+03 2.513143555496231141e+00 1.411818188221431424e-02
2.430000000000000000e+03 2.515593795105330432e+00 1.492786557967282907e-02
2.460000000000000000e+03 2.514886275525781034e+00 1.429607279944311062e-02
2.490000000000000000e+03 2.514990004227000586e+00 1.448063403867943209e-02
2.520000000000000000e+03 2.515138862218206484e+00 1.453329754557014866e-02
2.550000000000000000e+03 2.516559198898539407e+00 1.458161044348218680e-02
2.580000000000000000e+03 2.517577884327280024e+00 1.456272558001357048e-02
2.610000000000000000e+03 2.514279765155544855e+00 1.379681472041362211e-02
2.640000000000000000e+03 2.518078973237265927e+00 1.385208742653017307e-02
2.670000000000000000e+03 2.518288001087009675e+00 1.445693961695493877e-02
2.700000000000000000e+03 2.517736497838461318e+00 1.452619434282061660e-02
2.730000000000000000e+03 2.519971825161302803e+00 1.460855079546464000e-02
2.760000000000000000e+03 2.520561516490238407e+00 1.415603535306589160e-02
2.790000000000000000e+03 2.519833416490420142e+00 1.397157058758753505e-02
2.820000000000000000e+03 2.519903181545059656e+00 1.377932609501254617e-02
2.850000000000000000e+03 2.519499326119883698e+00 1.387044520170267921e-02
2.880000000000000000e+03 2.517495242698745361e+00 1.363367070810933383e-02
2.910000000000000000e+03 2.517829418560606936e+00 1.336402521216269006e-02
2.940000000000000000e+03 2.516879040124937461e+00 1.329066745424864297e-02
2.970000000000000000e+03 2.518289369927795729e+00 1.340634920720094880e-02
3.000000000000000000e+03 2.516470582102961817e+00 1.334482976409038721e-02
3.030000000000000000e+03 2.516616108065024449e+00 1.330006027409377442e-02
3.060000000000000000e+03 2.517269940693811936e+00 1.322477724971362137e-02
3.090000000000000000e+03 2.516096069920277678e+00 1.325523104147906424e-02
3.120000000000000000e+03 2.517180465293848979e+00 1.256427311099851153e-02
3.150000000000000000e+03 2.516359642825028775e+00 1.250004096211828133e-02
3.180000000000000000e+03 2.514895394508539272e+00 1.274685897815600912e-02
3.210000000000000000e+03 2.516465990895960569e+00 1.218081438414788352e-02
3.240000000000000000e+03 2.516399819862361831e+00 1.218227858387667742e-02
3.270000000000000000e+03 2.514334819023210432e+00 1.248198407059134679e-02
3.300000000000000000e+03 2.512907974897265806e+00 1.211710800936132218e-02
3.330000000000000000e+03 2.513009137137351079e+00 1.214775139550636381e-02
3.360000000000000000e+03 2.512802233941873187e+00 1.150146999463408891e-02
3.390000000000000000e+03 2.510773236429431954e+00 1.189252711354941809e-02
3.420000000000000000e+03 2.512479959604692503e+00 1.152371495735246207e-02
3.450000000000000000e+03 2.511559256128463868e+00 1.175688507513022660e-02
3.480000000000000000e+03 2.511930947078090615e+00 1.224977531100736490e-02
3.510000000000000000e+03 2.511763268644317648e+00 1.223454537701985749e-02
3.540000000000000000e+03 2.512366415463215485e+00 1.223721537714089237e-02
3.570000000000000000e+03 2.512486328127053081e+00 1.190595762504662210e-02
3.600000000000000000e+03 2.513229349340200702e+00 1.263975995640272826e-02
3.630000000000000000e+03 2.512998978552984486e+00 1.255800657041284893e-02
3.660000000000000000e+03 2.512981675289575723e+00 1.242776700303988707e-02
3.690000000000000000e+03 2.511585608409333314e+00 1.250668274692599488e-02
3.720000000000000000e+03 2.510681625887301927e+00 1.208937828582831372e-02
3.750000000000000000e+03 2.510008981089767666e+00 1.247766514284635864e-02
3.780000000000000000e+03 2.508899382988507121e+00 1.230984423330045568e-02
3.810000000000000000e+03 2.507946064949374776e+00 1.224530056901938953e-02
3.840000000000000000e+03 2.508532042706301812e+00 1.229765894012784487e-02
3.870000000000000000e+03 2.507728440006902648e+00 1.247268205184217695e-02
3.900000000000000000e+03 2.508844135323907043e+00 1.240987063460910998e-02
3.930000000000000000e+03 2.509122644736050400e+00 1.264851545358245885e-02
3.960000000000000000e+03 2.508378181432374454e+00 1.265489173080800410e-02
3.990000000000000000e+03 2.509241253776264280e+00 1.264266338059384827e-02
4.020000000000000000e+03 2.509154598468166686e+00 1.265054741384434057e-02
4.050000000000000000e+03 2.507303033533712977e+00 1.242641358752845024e-02
4.080000000000000000e+03 2.507356859685507366e+00 1.227359024772128188e-02
4.110000000000000000e+03 2.507887804984831881e+00 1.223852728691144330e-02
4.140000000000000000e+03 2.507638368443379839e+00 1.201353098340588420e-02
4.170000000000000000e+03 2.508047503189427818e+00 1.200258459626879319e-02
4.200000000000000000e+03 2.509528763416483343e+00 1.195440754353655800e-02
4.230000000000000000e+03 2.509733408216208606e+00 1.161298477674160660e-02
4.260000000000000000e+03 2.510300004157935305e+00 1.147172461116388424e-02
4.290000000000000000e+03 2.511905746148074936e+00 1.127255848765837398e-02
4.320000000000000000e+03 2.510646446449372071e+00 1.149080182307418013e-02
4.350000000000000000e+03 2.510752959710187415e+00 1.143527171667922497e-02
4.380000000000000000e+03 2.510575362248593123e+00 1.161295886432679031e-02
4.410000000000000000e+03 2.510793103188790898e+00 1.171901180219152815e-02
4.440000000000000000e+03 2.510400914348488222e+00 1.183482082887347270e-02
4.470000000000000000e+03 2.511932365353103158e+00 1.179425279980914586e-02
4.500000000000000000e+03 2.512132639286587477e+00 1.159941708879562439e-02
4.530000000000000000e+03 2.512015090188339794e+00 1.160382780442223948e-02
4.560000000000000000e+03 2.512329427671855964e+00 1.165965075040612670e-02
4.590000000000000000e+03 2.512616591262130772e+00 1.180583612827591083e-02
4.620000000000000000e+03 2.513479925956711103e+00 1.177867909359502779e-02
4.650000000000000000e+03 2.513681081049384147e+00 1.189906097839351327e-02
4.680000000000000000e+03 2.513233625887072442e+00 1.208412168961647305e-02
4.710000000000000000e+03 2.513864505835251340e+00 1.185728402999887757e-02
4.740000000000000000e+03 2.514235207741206235e+00 1.161770989345090391e-02
4.770000000000000000e+03 2.512743888644088486e+00 1.163545960348114777e-02
4.800000000000000000e+03 2.512023738256587535e+00 1.141213329654184976e-02
4.830000000000000000e+03 2.511391711204194799e+00 1.119425428768216699e-02
4.860000000000000000e+03 2.510801251651588295e+00 1.135507404722313832e-02
4.890000000000000000e+03 2.512074469057691939e+00 1.128405685312610339e-02
4.920000000000000000e+03 2.511928177445974963e+00 1.125741744413112123e-02
4.950000000000000000e+03 2.512494052774046249e+00 1.089711292120284364e-02
4.980000000000000000e+03 2.511735561991761845e+00 1.086066611661921921e-02
5.010000000000000000e+03 2.511938706662708576e+00 1.089568231334490760e-02
5.040000000000000000e+03 2.510015269809360738e+00 1.072992808681786855e-02
5.070000000000000000e+03 2.510267964663601248e+00 1.071088928470356749e-02
5.100000000000000000e+03 2.510160370719545231e+00 1.028552705958954427e-02
5.130000000000000000e+03 2.509110916313540329e+00 1.027856378969954979e-02
5.160000000000000000e+03 2.509217024597579559e+00 1.023875923130744894e-02
5.190000000000000000e+03 2.508167273108938833e+00 1.030780546927112344e-02
5.220000000000000000e+03 2.507941863079119926e+00 1.017662707062325089e-02
5.250000000000000000e+03 2.508834107374504185e+00 9.932990916717657562e-03
5.280000000000000000e+03 2.508741465588329778e+00 9.825993798367944551e-03
5.310000000000000000e+03 2.509702155777464583e+00 9.773031647116025428e-03
5.340000000000000000e+03 2.509767646992210999e+00 9.820475162474832584e-03
5.370000000000000000e+03 2.510607760261934995e+00 9.816070671916622692e-03
5.400000000000000000e+03 2.510914464562477466e+00 9.962582868873970376e-03
5.430000000000000000e+03 2.511014557048795837e+00 9.852126843615426760e-03
5.460000000000000000e+03 2.511759463443433038e+00 1.014620877188486016e-02
5.490000000000000000e+03 2.512431691056078442e+00 1.012732248158366120e-02
5.520000000000000000e+03 2.512029510650262587e+00 1.017025499662580282e-02
5.550000000000000000e+03 2.512164265982541611e+00 9.751090774294314881e-03
5.580000000000000000e+03 2.511288003153631099e+00 1.018062030390501187e-02
5.610000000000000000e+03 2.511247065962566527e+00 9.925707532440236625e-03
5.640000000000000000e+03 2.511607376127798386e+00 1.005928188821418948e-02
5.670000000000000000e+03 2.511034352106599865e+00 1.008358830177977054e-02
5.700000000000000000e+03 2.511910531193859430e+00 1.011031315938621701e-02
5.730000000000000000e+03 2.512801339012738833e+00 1.025686010617318962e-02
5.760000000000000000e+03 2.512106099916163515e+00 1.019400197825061014e-02
5.790000000000000000e+03 2.510781815789206561e+00 1.008243966448912204e-02
5.820000000000000000e+03 2.509397663701172565e+00 9.924692730643568800e-03
5.850000000000000000e+03 2.509984799085634322e+00 1.006404720053543506e-02
5.880000000000000000e+03 2.510211744763997554e+00 1.010794195943227891e-02
5.910000000000000000e+03 2.509253529676734207e+00 1.017401053563257544e-02
5.940000000000000000e+03 2.510306480418569741e+00 1.005199773994868394e-02
5.970000000000000000e+03 2.510312184021593396e+00 9.990316363693810264e-03
6.000000000000000000e+03 2.510542334916798790e+00 1.018593049077080349e-02
6.030000000000000000e+03 2.510088636916871785e+00 1.013887150096308941e-02
6.060000000000000000e+03 2.510699678685607950e+00 9.897830623884999041e-03
6.090000000000000000e+03 2.510041630549234348e+00 9.829814517320964798e-03
6.120000000000000000e+03 2.510390572117632502e+00 9.555799547953125819e-03
6.150000000000000000e+03 2.511155149836521883e+00 9.541727135241257277e-03
6.180000000000000000e+03 2.510211760965427974e+00 9.518591470330593773e-03
6.210000000000000000e+03 2.509145264729237379e+00 9.456178392222458484e-03
6.240000000000000000e+03 2.509066945501919665e+00 9.499156912464430322e-03
6.270000000000000000e+03 2.509461456411408165e+00 9.785083162161232334e-03
6.300000000000000000e+03 2.509053153379317891e+00 9.939314586094486620e-03
6.330000000000000000e+03 2.508589850725935211e+00 9.857738514916570757e-03
6.360000000000000000e+03 2.508755507326962508e+00 9.994438976962045570e-03
6.390000000000000000e+03 2.508874284411582778e+00 1.009697720943031687e-02
6.420000000000000000e+03 2.508551398130640209e+00 1.027825521966617937e-02
6.450000000000000000e+03 2.508053156916959292e+00 9.957370502078651334e-03
6.480000000000000000e+03 2.507684832258592511e+00 9.809630793439346949e-03
6.510000000000000000e+03 2.507839633648393907e+00 9.589993881923041322e-03
6.540000000000000000e+03 2.507747475350492028e+00 9.694842193010755338e-03
6.570000000000000000e+03 2.508296733469007389e+00 9.850162140794085572e-03
6.600000000000000000e+03 2.508480238490529590e+00 9.897637729187096917e-03
6.630000000000000000e+03 2.508670606105345868e+00 9.702318570842048684e-03
6.660000000000000000e+03 2.508917594533457862e+00 9.772147216274847115e-03
6.690000000000000000e+03 2.508855729147973612e+00 9.674216875829186324e-03
6.720000000000000000e+03 2.508626456797098392e+00 9.722508757268901597e-03
6.750000000000000000e+03 2.508710726614864051e+00 9.610208277848917777e-03
6.780000000000000000e+03 2.508601601608029252e+00 9.571990097016128476e-03
6.810000000000000000e+03 2.508249171061221361e+00 9.527432195624092187e-03
6.840000000000000000e+03 2.508395560454800943e+00 9.275239439695057500e-03
6.870000000000000000e+03 2.508709725601826701e+00 9.196735568035274352e-03
6.900000000000000000e+03 2.509902501359496885e+00 9.166940224973779347e-03
6.930000000000000000e+03 2.510828748838831448e+00 9.004782605530179188e-03
6.960000000000000000e+03 2.511678954847385015e+00 8.967344984382973061e-03
6.990000000000000000e+03 2.511451402429627500e+00 8.946720063257142599e-03
7.020000000000000000e+03 2.512056557681569657e+00 8.927306543504433603e-03
7.050000000000000000e+03 2.512096812883386932e+00 8.836178932442201664e-03
7.080000000000000000e+03 2.512755727527392402e+00 8.843034999575560828e-03
7.110000000000000000e+03 2.512033183379519308e+00 8.964798973857797740e-03
7.140000000000000000e+03 2.511563502075319310e+00 9.004827323089799676e-03
7.170000000000000000e+03 2.511473451022370185e+00 8.683666822537836061e-03
7.200000000000000000e+03 2.511875605688218993e+00 8.800940393060625866e-03
7.230000000000000000e+03 2.512224916460239488e+00 8.758023622789512866e-03
7.260000000000000000e+03 2.512026100366382853e+00 8.776212377424793057e-03
7.290000000000000000e+03 2.510907223488004103e+00 8.755043250215937059e-03
7.320000000000000000e+03 2.510809466748682883e+00 8.851233214880642811e-03
7.350000000000000000e+03 2.510904788445924130e+00 8.867966344451732458e-03
7.380000000000000000e+03 2.511003172358758473e+00 8.742141919824615928e-03
7.410000000000000000e+03 2.511803398075253213e+00 8.657177257139320528e-03
7.440000000000000000e+03 2.511545908663938231e+00 8.637614262487025227e-03
7.470000000000000000e+03 2.511662095437785958e+00 8.563390321504592631e-03
7.500000000000000000e+03 2.512161872097027349e+00 8.529126417247042194e-03
7.530000000000000000e+03 2.511345046760236954e+00 8.532228732296861379e-03
7.560000000000000000e+03 2.511776592225513305e+00 8.548654299310620708e-03
7.590000000000000000e+03 2.511382689986354055e+00 8.586555919039120036e-03
7.620000000000000000e+03 2.511161005168342619e+00 8.603893088887924409e-03
7.650000000000000000e+03 2.510645377642422460e+00 8.411999404317062334e-03
7.680000000000000000e+03 2.510730405984312963e+00 8.421994867365447182e-03
7.710000000000000000e+03 2.510356082946761713e+00 8.308795246730537806e-03
7.740000000000000000e+03 2.510305727409966714e+00 8.228058551910453003e-03
7.770000000000000000e+03 2.509256789545164068e+00 8.188526718931984916e-03
7.800000000000000000e+03 2.509476195221783446e+00 8.234919237899441732e-03
7.830000000000000000e+03 2.510167022076985166e+00 8.280174825098103944e-03
7.860000000000000000e+03 2.509550501726537153e+00 8.238819739419861801e-03
7.890000000000000000e+03 2.509805547559478267e+00 8.198238096447716186e-03
7.920000000000000000e+03 2.509505098841826598e+00 8.271844415658249558e-03
7.950000000000000000e+03 2.508862982762980032e+00 8.272890261771657927e-03
7.980000000000000000e+03 2.508700194831699370e+00 8.265371824361536154e-03
8.010000000000000000e+03 2.509409273691605158e+00 8.503394802773938527e-03
8.040000000000000000e+03 2.509034955957017310e+00 8.673958436239794997e-03
8.070000000000000000e+03 2.509470312013601045e+00 8.782078277083481613e-03
8.100000000000000000e+03 2.509165926476250696e+00 8.879864581709962651e-03
8.130000000000000000e+03 2.509298297251126186e+00 8.782438974370233853e-03
8.160000000000000000e+03 2.508972176122742592e+00 8.929837998640093727e-03
8.190000000000000000e+03 2.509016339685021801e+00 8.945928182097766246e-03
8.220000000000000000e+03 2.509296040205426515e+00 9.031781725726080803e-03
8.250000000000000000e+03 2.510144006512622816e+00 9.100421542614369266e-03
8.280000000000000000e+03 2.509932331695426733e+00 9.090913168455012905e-03
8.310000000000000000e+03 2.509724463225206037e+00 8.995443167149180450e-03
8.340000000000000000e+03 2.508844948973080413e+00 8.882764414777680542e-03
8.370000000000000000e+03 2.508631819719515654e+00 8.730837900176778577e-03
8.400000000000000000e+03 2.508673223991899182e+00 8.953822276126122137e-03
8.430000000000000000e+03 2.507566523216707033e+00 8.820825333554037709e-03
8.460000000000000000e+03 2.507580615587507999e+00 8.831672316104018441e-03
8.490000000000000000e+03 2.507765148702108426e+00 8.733059832938656897e-03
8.520000000000000000e+03 2.507284476514570315e+00 8.887087891565647810e-03
8.550000000000000000e+03 2.507197843255919434e+00 8.777387243849313347e-03
8.580000000000000000e+03 2.506841391834921495e+00 8.756669881372990127e-03
8.610000000000000000e+03 2.506998095276854688e+00 8.960981199487547816e-03
8.640000000000000000e+03 2.506856099050795983e+00 8.876305124959129114e-03
8.670000000000000000e+03 2.506576625131019753e+00 8.812978062722676836e-03
8.700000000000000000e+03 2.506730839454124116e+00 8.824377565865283018e-03
8.730000000000000000e+03 2.506828272078204023e+00 8.738772286677591941e-03
8.760000000000000000e+03 2.507305389209746327e+00 8.637315871118603910e-03
8.790000000000000000e+03 2.507378501912043145e+00 8.598785948066067775e-03
8.820000000000000000e+03 2.506624771706753574e+00 8.582983763991939782e-03
8.850000000000000000e+03 2.506184909271575556e+00 8.696402981017923792e-03
8.880000000000000000e+03 2.506561822989507249e+00 8.597815271400624168e-03
8.910000000000000000e+03 2.506466515138588758e+00 8.560028223037653358e-03
8.940000000000000000e+03 2.506567683757578102e+00 8.425265197737395392e-03
8.970000000000000000e+03 2.506600527091530584e+00 8.364173231622423418e-03
9.000000000000000000e+03 2.506659054316552560e+00 8.410871690190450251e-03
9.030000000000000000e+03 2.506616282888950664e+00 8.468981627575297710e-03
9.060000000000000000e+03 2.506876413687029181e+00 8.563290029771273432e-03
9.090000000000000000e+03 2.506675621684079314e+00 8.616537336899633692e-03
9.120000000000000000e+03 2.506536638790033855e+00 8.677319610868235514e-03
9.150000000000000000e+03 2.506565229724169619e+00 8.575718096137408333e-03
9.180000000000000000e+03 2.505903521840707526e+00 8.645313398464337870e-03
9.210000000000000000e+03 2.506037741114239825e+00 8.810820024990482363e-03
9.240000000000000000e+03 2.506388850560656412e+00 8.590893806658114057e-03
9.270000000000000000e+03 2.505754227601595385e+00 8.643863923472515365e-03
9.300000000000000000e+03 2.505498853389793723e+00 8.697548045397558367e-03
9.330000000000000000e+03 2.505534891138763154e+00 8.586611794091226005e-03
9.360000000000000000e+03 2.504909508084538938e+00 8.559126882392725094e-03
9.390000000000000000e+03 2.504502789936728480e+00 8.612700427539848186e-03
9.420000000000000000e+03 2.504421930132469498e+00 8.493235300013800282e-03
9.450000000000000000e+03 2.504428473853530068e+00 8.368796508391129069e-03
9.480000000000000000e+03 2.504283118086374937e+00 8.264063589284668249e-03
9.510000000000000000e+03 2.504105710190226652e+00 8.346182506012598742e-03
9.540000000000000000e+03 2.504346188088842684e+00 8.477915779232339175e-03
9.570000000000000000e+03 2.504065355947239446e+00 8.382291247531344427e-03
9.600000000000000000e+03 2.504931120165909242e+00 8.376024348362745911e-03
9.630000000000000000e+03 2.504330565059775804e+00 8.227081129206652993e-03
9.660000000000000000e+03 2.504737339714005362e+00 8.206974271255555037e-03
9.690000000000000000e+03 2.504441668280048106e+00 8.194656266555468485e-03
9.720000000000000000e+03 2.504390899683996530e+00 8.150045352144362140e-03
9.750000000000000000e+03 2.503829557617354595e+00 8.142183815871468361e-03
9.780000000000000000e+03 2.503421230616763360e+00 8.240007017574799836e-03
9.810000000000000000e+03 2.502623009465603232e+00 8.092144721398701959e-03
9.840000000000000000e+03 2.501994483605071817e+00 8.087961476066983860e-03
9.870000000000000000e+03 2.500613821955032012e+00 8.147152092794453931e-03
9.900000000000000000e+03 2.500359055466097491e+00 8.067492337739184602e-03
9.930000000000000000e+03 2.500967974176033337e+00 8.149528866035597036e-03
9.960000000000000000e+03 2.500767940857978822e+00 8.108097841146700777e-03
9.990000000000000000e+03 2.500816515760503567e+00 8.192281943094473218e-03
1.002000000000000000e+04 2.500297118594931423e+00 8.053030514842624346e-03
1.005000000000000000e+04 2.500638377243183275e+00 8.098558752107928513e-03
1.008000000000000000e+04 2.500990622080610848e+00 8.068185091524595481e-03
1.011000000000000000e+04 2.501032416040814166e+00 7.923163850712993533e-03
1.014000000000000000e+04 2.501002817872602257e+00 7.908507022389465665e-03
1.017000000000000000e+04 2.501104360446055441e+00 7.854734222074857136e-03
1.020000000000000000e+04 2.501343424205600297e+00 7.787594935718390038e-03
1.023000000000000000e+04 2.501054314767042541e+00 7.771017921662405105e-03
1.026000000000000000e+04 2.501383235059865928e+00 7.811756336324087932e-03
1.029000000000000000e+04 2.501350301999196279e+00 7.865959164996230712e-03
1.032000000000000000e+04 2.501284269250407366e+00 7.925185567017208749e-03
1.035000000000000000e+04 2.500973135108650602e+00 7.867602367132794233e-03
1.038000000000000000e+04 2.500983727451648431e+00 7.714227129344821028e-03
1.041000000000000000e+04 2.500791443087229116e+00 7.603415266931833928e-03
1.044000000000000000e+04 2.501225831568147040e+00 7.628518954431885886e-03
1.047000000000000000e+04 2.500849779440008636e+00 7.682807653206143519e-03
1.050000000000000000e+04 2.500898965373983707e+00 7.652605823327545721e-03
1.053000000000000000e+04 2.500901821329474473e+00 7.631621099804156150e-03
1.056000000000000000e+04 2.500937762498766315e+00 7.612716713165585021e-03
1.059000000000000000e+04 2.500651896798375073e+00 7.697173149852493991e-03
1.062000000000000000e+04 2.500516842552524821e+00 7.623265171112016646e-03
1.065000000000000000e+04 2.501157695590081165e+00 7.631496204250441846e-03
1.068000000000000000e+04 2.501310558413583074e+00 7.562357245150979831e-03
1.071000000000000000e+04 2.501295776740767085e+00 7.529011076569222700e-03
1.074000000000000000e+04 2.500991289456861999e+00 7.360383226575674745e-03
1.077000000000000000e+04 2.500585066566866743e+00 7.306828126409732095e-03
1.080000000000000000e+04 2.500778010336197177e+00 7.233174142268426407e-03
1.083000000000000000e+04 2.499836792253493645e+00 7.272647223933724134e-03
1.086000000000000000e+04 2.499920714898117069e+00 7.134198188458560838e-03
1.089000000000000000e+04 2.499307472722108514e+00 7.207018424147719482e-03
1.092000000000000000e+04 2.499551956203713843e+00 7.264392753268817705e-03
1.095000000000000000e+04 2.499909458260961337e+00 7.374661648492127422e-03
1.098000000000000000e+04 2.500067554302552786e+00 7.412804234134978167e-03
1.101000000000000000e+04 2.500252114699888839e+00 7.453332561734972786e-03
1.104000000000000000e+04 2.500881437503265303e+00 7.399905855109724373e-03
1.107000000000000000e+04 2.500386631291226180e+00 7.315999622640211204e-03
1.110000000000000000e+04 2.500881461743257983e+00 7.395871501017361321e-03
1.113000000000000000e+04 2.500704199569462549e+00 7.361289116456768734e-03
1.116000000000000000e+04 2.500340061828643545e+00 7.395278030670343790e-03
1.119000000000000000e+04 2.500564697221190347e+00 7.422195540323823365e-03
1.122000000000000000e+04 2.500328986191658664e+00 7.228740520782929793e-03
1.125000000000000000e+04 2.500416179555529972e+00 7.172493078459938470e-03
1.128000000000000000e+04 2.500341108456744621e+00 7.159115674898274169e-03
1.131000000000000000e+04 2.500599906682059004e+00 7.179841110285587261e-03
1.134000000000000000e+04 2.500385298651876642e+00 7.094471901686022486e-03
1.137000000000000000e+04 2.500717269914232155e+00 7.066161678143174918e-03
1.140000000000000000e+04 2.500545778199750657e+00 7.058409393541518681e-03
1.143000000000000000e+04 2.500912230039748163e+00 7.072288454780687426e-03
1.146000000000000000e+04 2.500983027129727976e+00 6.973096848179739793e-03
1.149000000000000000e+04 2.501144833014546265e+00 7.000010256675723297e-03
1.152000000000000000e+04 2.501323125087315802e+00 7.026843917938048988e-03
1.155000000000000000e+04 2.500966037835481881e+00 6.984063946342514324e-03
1.158000000000000000e+04 2.500639989778040917e+00 6.981851288368557187e-03
1.161000000000000000e+04 2.500548846797495450e+00 7.005517137045030873e-03
1.164000000000000000e+04 2.500911069697957068e+00 6.837165488805514377e-03
1.167000000000000000e+04 2.500982960093161900e+00 6.836106665636485814e-03
1.170000000000000000e+04 2.500628891849130842e+00 6.879681487509702216e-03
1.173000000000000000e+04 2.500182734457769840e+00 6.855741131218560588e-03
1.176000000000000000e+04 2.500175691513007337e+00 6.851149444394531544e-03
1.179000000000000000e+04 2.500086354690442381e+00 6.776640979502707683e-03
1.182000000000000000e+04 2.500697077032087989e+00 6.722840575636763842e-03
1.185000000000000000e+04 2.500598963087488080e+00 6.772224592209426762e-03
1.188000000000000000e+04 2.500471654907122421e+00 6.696804338788575964e-03
1.191000000000000000e+04 2.500650958575897143e+00 6.664978043618353942e-03
1.194000000000000000e+04 2.500618478671818856e+00 6.699762448438732927e-03
1.197000000000000000e+04 2.500537081598736666e+00 6.695477037860072742e-03
1.200000000000000000e+04 2.500762168526597939e+00 6.634377178176612683e-03
1.203000000000000000e+04 2.500549562450747221e+00 6.711452821801277766e-03
1.206000000000000000e+04 2.500580689176512550e+00 6.746338842162372985e-03
1.209000000000000000e+04 2.500304927487909001e+00 6.819449088045805019e-03
1.212000000000000000e+04 2.499946213891676816e+00 6.808542949322619539e-03
1.215000000000000000e+04 2.499873455080708240e+00 6.781673935316171950e-03
1.218000000000000000e+04 2.500275759831614764e+00 6.769121848036747068e-03
1.221000000000000000e+04 2.500184585874082988e+00 6.767102719178244401e-03
1.224000000000000000e+04 2.499956987695184818e+00 6.660556283567925853e-03
1.227000000000000000e+04 2.499652527316663431e+00 6.666251967899674245e-03
1.230000000000000000e+04 2.499227348175263597e+00 6.823532947875491847e-03
1.233000000000000000e+04 2.499211796276597841e+00 6.891715998206683624e-03
1.236000000000000000e+04 2.499414916504037798e+00 6.882369117710966135e-03
1.239000000000000000e+04 2.499684912281415983e+00 6.846839000794871510e-03
1.242000000000000000e+04 2.499515762141809372e+00 6.829935857944549257e-03
1.245000000000000000e+04 2.499402534546999899e+00 6.866376771485640552e-03
1.248000000000000000e+04 2.498979545027554927e+00 6.879897063114432353e-03
1.251000000000000000e+04 2.498224566930066448e+00 6.907501679974423908e-03
1.254000000000000000e+04 2.498250463406326283e+00 6.789066610248317875e-03
1.257000000000000000e+04 2.498802979834311433e+00 6.687657761211899567e-03
1.260000000000000000e+04 2.498543904614580757e+00 6.704897260233857494e-03
1.263000000000000000e+04 2.498118747804209505e+00 6.664129443806968145e-03
1.266000000000000000e+04 2.498396269929672453e+00 6.633993442440493452e-03
1.269000000000000000e+04 2.498333673194181870e+00 6.686493604482792764e-03
1.272000000000000000e+04 2.498396083375488796e+00 6.545932938021318571e-03
1.275000000000000000e+04 2.498425437331012855e+00 6.504837303941199758e-03
1.278000000000000000e+04 2.498353419064772929e+00 6.506769735783062870e-03
1.281000000000000000e+04 2.498603856512245258e+00 6.513111404132580079e-03
1.284000000000000000e+04 2.498341797708262479e+00 6.575893630356221403e-03
1.287000000000000000e+04 2.498837569039967565e+00 6.541752904166015133e-03
1.290000000000000000e+04 2.499112176636813398e+00 6.485376059064650034e-03
1.293000000000000000e+04 2.499405693026877096e+00 6.474041742172535058e-03
1.296000000000000000e+04 2.499337288110331290e+00 6.449853522200001306e-03
1.299000000000000000e+04 2.499059821769388012e+00 6.460240524569109410e-03
1.302000000000000000e+04 2.499094711321395046e+00 6.523174565749955203e-03
1.305000000000000000e+04 2.499571824541938270e+00 6.559044865986646961e-03
1.308000000000000000e+04 2.499608568641569661e+00 6.732431704327088498e-03
1.311000000000000000e+04 2.498836741132640427e+00 6.608426143418946568e-03
1.314000000000000000e+04 2.498912514240521965e+00 6.498790930284190775e-03
1.317000000000000000e+04 2.499000417474339208e+00 6.462662502614496124e-03
1.320000000000000000e+04 2.498779329575826491e+00 6.451831390820847792e-03
1.323000000000000000e+04 2.498644629940959483e+00 6.393158923822802459e-03
1.326000000000000000e+04 2.498412423121801673e+00 6.445787218821398198e-03
1.329000000000000000e+04 2.498581028899887535e+00 6.372282336178934463e-03
1.332000000000000000e+04 2.498509317912169347e+00 6.381873428229069105e-03
1.335000000000000000e+04 2.498499861845812742e+00 6.440940333211664023e-03
1.338000000000000000e+04 2.498701405858977598e+00 6.436794408327556685e-03
1.341000000000000000e+04 2.498888292277777978e+00 6.469266215813329439e-03
1.344000000000000000e+04 2.498389237371520188e+00 6.424091021370913548e-03
1.347000000000000000e+04 2.498675467475820700e+00 6.300144852323723461e-03
1.350000000000000000e+04 2.498699442584678465e+00 6.351869599618486378e-03
1.353000000000000000e+04 2.498152050083748854e+00 6.344540799330177644e-03
1.356000000000000000e+04 2.498062199909567571e+00 6.359835958822594552e-03
1.359000000000000000e+04 2.497891983365100099e+00 6.357407696299734699e-03
1.362000000000000000e+04 2.497348012251195737e+00 6.355223158091787179e-03
1.365000000000000000e+04 2.497223810568755198e+00 6.312904416286103937e-03
1.368000000000000000e+04 2.497870858283146589e+00 6.339855144730898416e-03
1.371000000000000000e+04 2.497807301519207712e+00 6.314774889505611957e-03
1.374000000000000000e+04 2.497684474422596779e+00 6.335158594547025783e-03
1.377000000000000000e+04 2.497449626141279300e+00 6.147013157990792107e-03
1.380000000000000000e+04 2.498062465549037103e+00 6.086093516464317378e-03
1.383000000000000000e+04 2.497587524314316632e+00 6.100766045645693476e-03
1.386000000000000000e+04 2.497163119210465521e+00 6.074401634555740524e-03
1.389000000000000000e+04 2.497074822692957774e+00 5.985896481866063643e-03
1.392000000000000000e+04 2.496556302800179594e+00 5.976320947749207482e-03
1.395000000000000000e+04 2.496614537764143105e+00 5.936384250565478367e-03
1.398000000000000000e+04 2.496766791424097853e+00 6.011845830077893610e-03
1.401000000000000000e+04 2.497026273400120289e+00 6.005722858585594778e-03
1.404000000000000000e+04 2.497521497427289905e+00 6.112806386864202274e-03
1.407000000000000000e+04 2.497444243693220045e+00 6.123352339925528139e-03
1.410000000000000000e+04 2.497068662833345165e+00 6.142230846416470158e-03
1.413000000000000000e+04 2.496889561474818553e+00 6.210797527170774587e-03
1.416000000000000000e+04 2.497177778431630024e+00 6.252781908439757237e-03
1.419000000000000000e+04 2.496940137483321553e+00 6.209766354096348841e-03
1.422000000000000000e+04 2.496538395115611930e+00 6.194985249304988187e-03
1.425000000000000000e+04 2.496874124707383125e+00 6.233532212620579091e-03
1.428000000000000000e+04 2.497110751674848750e+00 6.255172707634919227e-03
1.431000000000000000e+04 2.497097548282118051e+00 6.347298083578790072e-03
1.434000000000000000e+04 2.496725673838880777e+00 6.274862882972938663e-03
1.437000000000000000e+04 2.496638944114816905e+00 6.150607953354450715e-03
1.440000000000000000e+04 2.496807763784625323e+00 6.112601429798067421e-03
1.443000000000000000e+04 2.496900848994589417e+00 6.117736256740538905e-03
1.446000000000000000e+04 2.496676924837578859e+00 6.117985144112426249e-03
1.449000000000000000e+04 2.496676883134456570e+00 6.069768064135512564e-03
1.452000000000000000e+04 2.496895747589141568e+00 6.116304091804392572e-03
1.455000000000000000e+04 2.497303896680608482e+00 6.008698133580624677e-03
1.458000000000000000e+04 2.496891271021120406e+00 6.084492534577367988e-03
1.461000000000000000e+04 2.497205871013801204e+00 6.059676643366806829e-03
1.464000000000000000e+04 2.497309726587957801e+00 5.995328549742677884e-03
1.467000000000000000e+04 2.497347548177485166e+00 6.061183617583745797e-03
1.470000000000000000e+04 2.497658525225593174e+00 6.074821761812129219e-03
1.473000000000000000e+04 2.497706579722839493e+00 6.077238980488518932e-03
1.476000000000000000e+04 2.497894258863571970e+00 6.018677706041163089e-03
1.479000000000000000e+04 2.497488069902916052e+00 5.947019026104310123e-03
1.482000000000000000e+04 2.497496153171877342e+00 5.913881694585607952e-03
1.485000000000000000e+04 2.497781081443038342e+00 5.953870212335220583e-03
1.488000000000000000e+04 2.497470026543846089e+00 5.869393802219054733e-03
1.491000000000000000e+04 2.497525742752396472e+00 5.801291032422879572e-03
1.494000000000000000e+04 2.497300824976923739e+00 5.781428911199933129e-03
1.497000000000000000e+04 2.496912427161361414e+00 5.739258164705301167e-03
1.500000000000000000e+04 2.496985779072235623e+00 5.663383350937273297e-03
