# # n, sigma
3.000000000000000000e+01 4.528408887399616667e+00 2.608445947466148662e-01
6.000000000000000000e+01 1.922956861534872663e+00 2.045238578806805596e-01
9.000000000000000000e+01 3.404169032757992319e+00 1.661404559067579390e-01
1.200000000000000000e+02 2.569902333806463268e+00 8.500461506112780286e-02
1.500000000000000000e+02 2.568097930690258046e+00 4.973660736252559500e-02
1.800000000000000000e+02 2.546277250293221606e+00 4.974422912163763144e-02
2.100000000000000000e+02 2.550579274029764587e+00 4.400903041468275101e-02
2.400000000000000000e+02 2.527375736182593258e+00 3.622234361932155644e-02
2.700000000000000000e+02 2.539179945797025439e+00 2.810982975133674566e-02
3.000000000000000000e+02 2.554095968859787291e+00 3.389891351936050873e-02
3.300000000000000000e+02 2.552339788909729013e+00 3.015255908348154004e-02
3.600000000000000000e+02 2.554212828032112803e+00 2.989609450847387564e-02
3.900000000000000000e+02 2.552521334189667535e+00 3.001220825887661661e-02
4.200000000000000000e+02 2.552381633460739430e+00 3.468177038951460872e-02
4.500000000000000000e+02 2.535678929836053808e+00 3.641769527290809882e-02
4.800000000000000000e+02 2.541068552933544833e+00 3.066625233015911681e-02
5.100000000000000000e+02 2.539989561182155686e+00 2.726742080560582218e-02
5.400000000000000000e+02 2.547870681486678279e+00 2.621806969613182589e-02
5.700000000000000000e+02 2.542800699986665247e+00 2.581936099685477881e-02
6.000000000000000000e+02 2.560161837952845243e+00 2.352369521036516697e-02
6.300000000000000000e+02 2.559388021223344190e+00 2.428411321140683948e-02
6.600000000000000000e+02 2.553990560595496895e+00 2.160661082512464054e-02
6.900000000000000000e+02 2.552851416874580170e+00 2.097732598969250309e-02
7.200000000000000000e+02 2.558395311806399341e+00 2.142828303726856606e-02
7.500000000000000000e+02 2.559726533023748640e+00 2.250146141423322796e-02
7.800000000000000000e+02 2.565520747468047258e+00 2.256286789354884983e-02
8.100000000000000000e+02 2.561922371737630044e+00 2.156186439971765484e-02
8.400000000000000000e+02 2.557348366733545486e+00 2.032621389985122054e-02
8.700000000000000000e+02 2.556678077293797813e+00 1.744520964570618268e-02
9.000000000000000000e+02 2.553590199092848234e+00 1.576722977490167127e-02
9.300000000000000000e+02 2.547153007998471441e+00 1.595565405857084923e-02
9.600000000000000000e+02 2.550592915742567079e+00 1.615678210741561260e-02
9.900000000000000000e+02 2.548713274711007504e+00 1.553010575164775683e-02
1.020000000000000000e+03 2.549893207951772212e+00 1.568773115241514290e-02
1.050000000000000000e+03 2.546705645742740387e+00 1.381085241791946833e-02
1.080000000000000000e+03 2.543574323559013806e+00 1.252703038409581221e-02
1.110000000000000000e+03 2.545381062665653005e+00 1.268463761624899142e-02
1.140000000000000000e+03 2.546500330620926178e+00 1.270336047465707094e-02
1.170000000000000000e+03 2.546234991027515715e+00 1.290621143904710152e-02
1.200000000000000000e+03 2.551375760774357904e+00 1.212745040143506370e-02
1.230000000000000000e+03 2.556087148888960492e+00 1.300915195309484788e-02
1.260000000000000000e+03 2.557396050021738088e+00 1.243313840023507755e-02
1.290000000000000000e+03 2.554119952753673317e+00 1.244101668073338204e-02
1.320000000000000000e+03 2.551867143002298999e+00 1.218710169355784884e-02
1.350000000000000000e+03 2.549202051164379146e+00 1.223770902875072515e-02
1.380000000000000000e+03 2.541538634822970266e+00 1.253551032595377930e-02
1.410000000000000000e+03 2.537364128507822336e+00 1.274914652228752339e-02
1.440000000000000000e+03 2.540504057852017716e+00 1.198371783983793841e-02
1.470000000000000000e+03 2.534636927827208286e+00 1.111601676921223671e-02
1.500000000000000000e+03 2.530519588497506689e+00 1.165929826462508943e-02
1.530000000000000000e+03 2.535209691063227133e+00 1.256387643343248074e-02
1.560000000000000000e+03 2.533022789044547363e+00 1.342031908829136554e-02
1.590000000000000000e+03 2.531570749185523272e+00 1.410250633455258779e-02
1.620000000000000000e+03 2.531602096578159156e+00 1.308301698510320847e-02
1.650000000000000000e+03 2.535040659153669385e+00 1.375089501351825158e-02
1.680000000000000000e+03 2.541305455281572367e+00 1.441431364697755811e-02
1.710000000000000000e+03 2.536340956954368675e+00 1.418075885099150113e-02
1.740000000000000000e+03 2.534828381126428720e+00 1.451270614180213275e-02
1.770000000000000000e+03 2.532746802706468348e+00 1.433519662276784741e-02
1.800000000000000000e+03 2.534522984671348400e+00 1.453709050652675534e-02
1.830000000000000000e+03 2.531704654337501914e+00 1.451728127186805578e-02
1.860000000000000000e+03 2.531825192553044612e+00 1.489291496761512533e-02
1.890000000000000000e+03 2.533870766476874703e+00 1.520647365705102803e-02
1.920000000000000000e+03 2.531557069734354570e+00 1.513934265518099287e-02
1.950000000000000000e+03 2.532435111231673641e+00 1.498170354472728484e-02
1.980000000000000000e+03 2.527191308295914762e+00 1.538470841031865273e-02
2.010000000000000000e+03 2.527655416270909061e+00 1.489060335834765589e-02
2.040000000000000000e+03 2.526554742713058577e+00 1.493218888616727573e-02
2.070000000000000000e+03 2.528293205418135070e+00 1.532950809853950852e-02
2.100000000000000000e+03 2.524763790984623224e+00 1.495805281779427100e-02
2.130000000000000000e+03 2.521698066257469506e+00 1.513222963598603865e-02
2.160000000000000000e+03 2.519351889349734641e+00 1.441734420236544419e-02
2.190000000000000000e+03 2.520974682996694138e+00 1.404220548376634674e-02
2.220000000000000000e+03 2.521353160438250640e+00 1.394866957552453983e-02
2.250000000000000000e+03 2.520134365884588057e+00 1.370945438798503759e-02
2.280000000000000000e+03 2.524077734176030763e+00 1.417428477094263319e-02
2.310000000000000000e+03 2.522481860501167628e+00 1.369149145532397305e-02
2.340000000000000000e+03 2.520227477369481051e+00 1.404361425035517696e-02
2.370000000000000000e+03 2.523539179768971241e+00 1.475592620199198644e-02
2.400000000000000000e+03 2.523940990367806059e+00 1.454573104421988221e-02
2.430000000000000000e+03 2.525684020412305220e+00 1.373975406553324535e-02
2.460000000000000000e+03 2.523557005394290176e+00 1.406365409386841313e-02
2.490000000000000000e+03 2.525676504719932325e+00 1.352239304426158806e-02
2.520000000000000000e+03 2.527245414177036853e+00 1.358531586380651822e-02
2.550000000000000000e+03 2.525048139767098743e+00 1.341377582287751544e-02
2.580000000000000000e+03 2.523536912703240542e+00 1.321761053985321711e-02
2.610000000000000000e+03 2.522661028155374296e+00 1.285884772679160744e-02
2.640000000000000000e+03 2.523633639967833187e+00 1.314753547994928357e-02
2.670000000000000000e+03 2.525890539493959253e+00 1.298808376681957928e-02
2.700000000000000000e+03 2.526574084467816839e+00 1.334069479601438478e-02
2.730000000000000000e+03 2.524717792697382279e+00 1.351963434986708408e-02
2.760000000000000000e+03 2.523370242652476225e+00 1.400203019044806742e-02
2.790000000000000000e+03 2.522952898279870571e+00 1.391144825891963907e-02
2.820000000000000000e+03 2.521542642135845114e+00 1.383900301878566649e-02
2.850000000000000000e+03 2.523819105599666379e+00 1.362721268471970941e-02
2.880000000000000000e+03 2.525081995723571726e+00 1.376102038085364777e-02
2.910000000000000000e+03 2.526251668912810278e+00 1.354889272367740954e-02
2.940000000000000000e+03 2.526704046272816306e+00 1.305738484748620969e-02
2.970000000000000000e+03 2.524602126622767173e+00 1.315927952267803742e-02
3.000000000000000000e+03 2.525745464458489131e+00 1.264358345182462449e-02
3.030000000000000000e+03 2.526241027926034999e+00 1.254918201396963175e-02
3.060000000000000000e+03 2.526680925386189713e+00 1.250262166613588452e-02
3.090000000000000000e+03 2.524353054210883851e+00 1.210231241671222945e-02
3.120000000000000000e+03 2.524171922248530375e+00 1.186965825999827980e-02
3.150000000000000000e+03 2.524227335737681432e+00 1.200681339054611267e-02
3.180000000000000000e+03 2.523638419925946508e+00 1.209009095002624296e-02
3.210000000000000000e+03 2.523549259911011422e+00 1.202304898933988925e-02
3.240000000000000000e+03 2.523126993476580981e+00 1.189388600556871324e-02
3.270000000000000000e+03 2.522012572188701451e+00 1.207738478711950329e-02
3.300000000000000000e+03 2.521412170876893288e+00 1.196895380544828365e-02
3.330000000000000000e+03 2.523304536359134875e+00 1.195140934051740905e-02
3.360000000000000000e+03 2.522404172653629040e+00 1.201317017428912143e-02
3.390000000000000000e+03 2.522905490596546230e+00 1.216960403836047852e-02
3.420000000000000000e+03 2.520909584572014417e+00 1.218355064584947418e-02
3.450000000000000000e+03 2.521535741980336365e+00 1.182495778253349339e-02
3.480000000000000000e+03 2.521522233489674747e+00 1.173231594814368867e-02
3.510000000000000000e+03 2.521162346114098618e+00 1.188553352828018196e-02
3.540000000000000000e+03 2.520557160654773199e+00 1.168112292572976406e-02
3.570000000000000000e+03 2.520539752981110215e+00 1.175585005071418457e-02
3.600000000000000000e+03 2.521505784457794608e+00 1.176109085171278719e-02
3.630000000000000000e+03 2.520287783717585661e+00 1.166162960220534263e-02
3.660000000000000000e+03 2.520406973167995002e+00 1.154233367388447784e-02
3.690000000000000000e+03 2.523668244214430256e+00 1.147359954871941465e-02
3.720000000000000000e+03 2.524359873014110800e+00 1.188658523879427241e-02
3.750000000000000000e+03 2.524528596203787778e+00 1.199467001835899729e-02
3.780000000000000000e+03 2.526297951542623821e+00 1.204907348087160858e-02
3.810000000000000000e+03 2.524652199252538587e+00 1.193036120854969531e-02
3.840000000000000000e+03 2.521882276108953658e+00 1.192935072485293985e-02
3.870000000000000000e+03 2.519137726389653054e+00 1.212279338688772128e-02
3.900000000000000000e+03 2.519234875487272873e+00 1.223112798705247410e-02
3.930000000000000000e+03 2.519886352943111252e+00 1.254312887260129392e-02
3.960000000000000000e+03 2.520974129488950055e+00 1.261223067163942321e-02
3.990000000000000000e+03 2.521397350734002174e+00 1.238104378359206406e-02
4.020000000000000000e+03 2.521533289589805271e+00 1.217905346909861977e-02
4.050000000000000000e+03 2.522459023112102017e+00 1.230809359780377955e-02
4.080000000000000000e+03 2.522507300139197994e+00 1.231712976334212520e-02
4.110000000000000000e+03 2.520790955366963626e+00 1.212296627616270620e-02
4.140000000000000000e+03 2.520563620957184892e+00 1.214720396179864298e-02
4.170000000000000000e+03 2.521890686154228067e+00 1.236833334766728430e-02
4.200000000000000000e+03 2.522624392826110284e+00 1.256399653840009623e-02
4.230000000000000000e+03 2.521351281279777812e+00 1.220225298659378781e-02
4.260000000000000000e+03 2.523027675256420466e+00 1.203904395091824620e-02
4.290000000000000000e+03 2.523327638312371946e+00 1.186093028216380664e-02
4.320000000000000000e+03 2.524817878821731032e+00 1.214614743407870130e-02
4.350000000000000000e+03 2.523548322500323682e+00 1.204490019013208617e-02
4.380000000000000000e+03 2.524013960604128748e+00 1.198856199593857641e-02
4.410000000000000000e+03 2.524572427503175565e+00 1.186087994260420948e-02
4.440000000000000000e+03 2.523939766534996298e+00 1.194056001593473033e-02
4.470000000000000000e+03 2.524239884031127090e+00 1.219076228949021561e-02
4.500000000000000000e+03 2.524572686512294606e+00 1.215555426159239255e-02
4.530000000000000000e+03 2.525391630001815990e+00 1.208088072647632398e-02
4.560000000000000000e+03 2.523961117645514118e+00 1.191116981419302993e-02
4.590000000000000000e+03 2.524246322613054261e+00 1.205224145870333746e-02
4.620000000000000000e+03 2.524060686089915517e+00 1.197747909508661487e-02
4.650000000000000000e+03 2.525051428269949216e+00 1.201102291441702441e-02
4.680000000000000000e+03 2.525258230794936942e+00 1.236816963657427597e-02
4.710000000000000000e+03 2.524287812716599522e+00 1.223456037214015225e-02
4.740000000000000000e+03 2.524502160642500659e+00 1.227581724009218535e-02
4.770000000000000000e+03 2.523865850669361865e+00 1.203112844430278758e-02
4.800000000000000000e+03 2.523454548220801730e+00 1.204501667383823561e-02
4.830000000000000000e+03 2.523528908236699841e+00 1.208835437481938467e-02
4.860000000000000000e+03 2.523171713580476982e+00 1.202822103306385761e-02
4.890000000000000000e+03 2.522735130372260492e+00 1.208567644055784894e-02
4.920000000000000000e+03 2.524715167159737650e+00 1.203159162925056605e-02
4.950000000000000000e+03 2.524384319820002887e+00 1.198059442932836172e-02
4.980000000000000000e+03 2.524011571306875368e+00 1.202672469364717694e-02
5.010000000000000000e+03 2.525213889658153743e+00 1.211093579424849659e-02
5.040000000000000000e+03 2.525199561519821501e+00 1.209048733036855415e-02
5.070000000000000000e+03 2.525861226599026121e+00 1.209093149702659444e-02
5.100000000000000000e+03 2.524548236060708550e+00 1.192381583019417983e-02
5.130000000000000000e+03 2.525391467702259529e+00 1.153998172959689456e-02
5.160000000000000000e+03 2.524823231564950365e+00 1.169660305799027043e-02
5.190000000000000000e+03 2.524362068298487305e+00 1.196670362943560127e-02
5.220000000000000000e+03 2.523946233329500632e+00 1.167646083093341371e-02
5.250000000000000000e+03 2.523625027532466092e+00 1.156865922178667953e-02
5.280000000000000000e+03 2.524310208730381699e+00 1.160671466033502686e-02
5.310000000000000000e+03 2.524251788692716048e+00 1.168662375569776840e-02
5.340000000000000000e+03 2.523237342224002422e+00 1.163694141564991513e-02
5.370000000000000000e+03 2.523448664584824641e+00 1.128975822952625607e-02
5.400000000000000000e+03 2.524214533685377404e+00 1.116580713097157888e-02
5.430000000000000000e+03 2.523300470472195745e+00 1.093850077300993068e-02
5.460000000000000000e+03 2.523914613249903294e+00 1.089495033382594825e-02
5.490000000000000000e+03 2.524029128547555789e+00 1.082427366921169878e-02
5.520000000000000000e+03 2.524320799536399651e+00 1.082841212627350634e-02
5.550000000000000000e+03 2.523352219929108742e+00 1.092643465963572327e-02
5.580000000000000000e+03 2.523743796440680143e+00 1.087050857700979506e-02
5.610000000000000000e+03 2.523620782655435768e+00 1.070726999947830584e-02
5.640000000000000000e+03 2.523118771619438316e+00 1.063391710689546958e-02
5.670000000000000000e+03 2.523171895500754047e+00 1.034165262775108875e-02
5.700000000000000000e+03 2.522733676315175089e+00 1.030617855483247428e-02
5.730000000000000000e+03 2.522352638714309148e+00 1.015311646217054338e-02
5.760000000000000000e+03 2.521861265478244629e+00 1.002191261090226194e-02
5.790000000000000000e+03 2.521809564462661246e+00 1.003658606923115738e-02
5.820000000000000000e+03 2.520304174398650510e+00 1.029786074079109756e-02
5.850000000000000000e+03 2.520158076998239238e+00 1.020884584194491421e-02
5.880000000000000000e+03 2.519393595379510575e+00 1.008294983122692487e-02
5.910000000000000000e+03 2.519524749029590893e+00 9.862712770710319390e-03
5.940000000000000000e+03 2.519725201425108807e+00 9.777937363830056794e-03
5.970000000000000000e+03 2.520543480542525749e+00 9.665313917487655324e-03
6.000000000000000000e+03 2.519844272686786013e+00 9.667799589707017083e-03
6.030000000000000000e+03 2.519465284772858027e+00 9.535328912403377710e-03
6.060000000000000000e+03 2.519885094576655327e+00 9.475343739129820503e-03
6.090000000000000000e+03 2.519975773931124596e+00 9.110494369725306157e-03
6.120000000000000000e+03 2.520991048571682658e+00 9.080224778998023660e-03
6.150000000000000000e+03 2.522488721877480522e+00 8.935205565095589997e-03
6.180000000000000000e+03 2.522448923888881644e+00 8.931868913507660934e-03
6.210000000000000000e+03 2.522185384021380372e+00 9.213475126467701379e-03
6.240000000000000000e+03 2.521559398303057975e+00 9.229751501984751957e-03
6.270000000000000000e+03 2.520333659432828721e+00 9.084957399671116790e-03
6.300000000000000000e+03 2.520106344303277623e+00 9.225083200743829787e-03
6.330000000000000000e+03 2.520455574516307529e+00 9.018053511375289169e-03
6.360000000000000000e+03 2.520627347112113892e+00 9.071902907688580292e-03
6.390000000000000000e+03 2.520090368013581994e+00 9.298151043476672942e-03
6.420000000000000000e+03 2.519626630043705795e+00 9.298937033646570080e-03
6.450000000000000000e+03 2.518926647721578149e+00 9.152735901901909443e-03
6.480000000000000000e+03 2.518371276552945126e+00 9.100953446498130303e-03
6.510000000000000000e+03 2.517869364462169468e+00 9.210584432514613493e-03
6.540000000000000000e+03 2.518304366987464959e+00 9.392755265486380303e-03
6.570000000000000000e+03 2.518479452575306254e+00 9.517124508652817852e-03
6.600000000000000000e+03 2.518415290615720004e+00 9.304576103950940036e-03
6.630000000000000000e+03 2.519138742464254843e+00 9.172874341981825802e-03
6.660000000000000000e+03 2.519520625403471659e+00 9.081246755393693193e-03
6.690000000000000000e+03 2.519491156969956958e+00 9.277545497181523271e-03
6.720000000000000000e+03 2.519676448463126217e+00 9.313432062350766871e-03
6.750000000000000000e+03 2.519577095125153043e+00 9.384672538163796665e-03
6.780000000000000000e+03 2.518694428187334466e+00 9.260483187660208462e-03
6.810000000000000000e+03 2.518364371359921972e+00 9.324087624858343887e-03
6.840000000000000000e+03 2.518988119763065026e+00 9.456215863122126308e-03
6.870000000000000000e+03 2.519149787587565914e+00 9.279070398647870296e-03
6.900000000000000000e+03 2.518869656217099351e+00 9.385392549254635911e-03
6.930000000000000000e+03 2.519225902828340136e+00 9.232371968866878720e-03
6.960000000000000000e+03 2.519018572225230290e+00 8.995963710935573482e-03
6.990000000000000000e+03 2.517939277766412687e+00 8.909162668531225154e-03
7.020000000000000000e+03 2.518447080338752198e+00 8.986502411592267592e-03
7.050000000000000000e+03 2.518120387887703870e+00 8.948941523855056743e-03
7.080000000000000000e+03 2.518332449122125283e+00 9.070781977254537692e-03
7.110000000000000000e+03 2.519975498747101916e+00 9.019630964302208231e-03
7.140000000000000000e+03 2.519224900627008434e+00 8.931162525352750320e-03
7.170000000000000000e+03 2.518220476696419574e+00 8.896427977029252795e-03
7.200000000000000000e+03 2.518250339746716637e+00 8.709249890643424100e-03
7.230000000000000000e+03 2.518436386378161362e+00 8.561217188832313807e-03
7.260000000000000000e+03 2.519502540576763483e+00 8.649130436194916657e-03
7.290000000000000000e+03 2.519145397704341427e+00 8.698024167609130081e-03
7.320000000000000000e+03 2.519394750205850464e+00 8.662358519424769032e-03
7.350000000000000000e+03 2.519165221798592036e+00 8.473060939672044309e-03
7.380000000000000000e+03 2.519481611006240129e+00 8.361855510524865073e-03
7.410000000000000000e+03 2.519163752285374258e+00 8.289691142053657105e-03
7.440000000000000000e+03 2.518411101274044661e+00 8.410188230544058535e-03
7.470000000000000000e+03 2.518164437215065998e+00 8.347846036146484155e-03
7.500000000000000000e+03 2.518206642361491721e+00 8.260871648760423347e-03
7.530000000000000000e+03 2.518613508278266355e+00 8.186154336507324783e-03
7.560000000000000000e+03 2.518041732451808734e+00 8.164099067928700174e-03
7.590000000000000000e+03 2.517951777249253009e+00 8.109170165264098160e-03
7.620000000000000000e+03 2.517678574606685427e+00 8.183119399770150126e-03
7.650000000000000000e+03 2.518056854112712184e+00 8.254253691934205703e-03
7.680000000000000000e+03 2.517308774475796707e+00 8.147530673847075411e-03
7.710000000000000000e+03 2.518212848493599942e+00 8.238951121187124138e-03
7.740000000000000000e+03 2.518263023644375931e+00 8.157822173111161160e-03
7.770000000000000000e+03 2.519031827457648198e+00 8.135214415469495600e-03
7.800000000000000000e+03 2.518249037303956328e+00 7.914278815714303680e-03
7.830000000000000000e+03 2.518508780324544283e+00 7.655352964348253846e-03
7.860000000000000000e+03 2.518311495049046833e+00 7.659689820349572034e-03
7.890000000000000000e+03 2.517824206396337861e+00 7.565451970210632267e-03
7.920000000000000000e+03 2.518222953693264543e+00 7.579080449729930571e-03
7.950000000000000000e+03 2.517882874354036904e+00 7.594871582759140857e-03
7.980000000000000000e+03 2.517795868384057112e+00 7.415399902249163004e-03
8.010000000000000000e+03 2.518151344619636856e+00 7.537988510465282697e-03
8.040000000000000000e+03 2.518906126509891763e+00 7.471872843098138241e-03
8.070000000000000000e+03 2.518418413850323834e+00 7.479658335333442577e-03
8.100000000000000000e+03 2.517975861122629944e+00 7.501292017581807220e-03
8.130000000000000000e+03 2.517590004413368554e+00 7.446730060106063719e-03
8.160000000000000000e+03 2.517435359486900115e+00 7.516117492511483096e-03
8.190000000000000000e+03 2.517507305243501747e+00 7.395671742535962767e-03
8.220000000000000000e+03 2.518202746519509816e+00 7.298366671365012770e-03
8.250000000000000000e+03 2.518989577957448933e+00 7.190917873322903373e-03
8.280000000000000000e+03 2.518781152473389184e+00 7.143265605251503635e-03
8.310000000000000000e+03 2.518084060884164810e+00 7.226904121545107453e-03
8.340000000000000000e+03 2.517002805291025602e+00 7.229427991555348321e-03
8.370000000000000000e+03 2.517317934879509167e+00 7.325433888756096613e-03
8.400000000000000000e+03 2.517376941306835647e+00 7.322994990872761650e-03
8.430000000000000000e+03 2.517941991137510716e+00 7.295027213418386197e-03
8.460000000000000000e+03 2.518307166025727462e+00 7.205458028404996759e-03
8.490000000000000000e+03 2.517700124026938990e+00 7.218518342287271600e-03
8.520000000000000000e+03 2.518321367874233996e+00 7.244437634801777388e-03
8.550000000000000000e+03 2.519159541793951629e+00 7.219547071384510920e-03
8.580000000000000000e+03 2.519205429535225083e+00 7.114494788890013063e-03
8.610000000000000000e+03 2.519051327732119372e+00 7.220758129285088575e-03
8.640000000000000000e+03 2.518586373322714511e+00 7.279661185779684809e-03
8.670000000000000000e+03 2.518682857510564421e+00 7.216009102737184003e-03
8.700000000000000000e+03 2.517818673539510943e+00 7.224937897578540859e-03
8.730000000000000000e+03 2.518562903383914975e+00 7.254521588321050617e-03
8.760000000000000000e+03 2.519154565247283983e+00 7.317119362076374492e-03
8.790000000000000000e+03 2.520689119414710522e+00 7.173107378258158050e-03
8.820000000000000000e+03 2.520757539422842530e+00 7.090877107051076975e-03
8.850000000000000000e+03 2.520121044645783126e+00 7.164169400656362000e-03
8.880000000000000000e+03 2.519847069428511777e+00 7.266632734936617939e-03
8.910000000000000000e+03 2.519793511873754444e+00 7.282775920510535864e-03
8.940000000000000000e+03 2.519115709110108181e+00 7.163618311705971867e-03
8.970000000000000000e+03 2.519046410885684484e+00 7.302516744628156226e-03
9.000000000000000000e+03 2.519658282642516234e+00 7.384113052614335072e-03
9.030000000000000000e+03 2.520313989577321223e+00 7.442124100072542749e-03
9.060000000000000000e+03 2.520674715830147239e+00 7.504465115202707710e-03
9.090000000000000000e+03 2.520371544893591942e+00 7.449239682407814145e-03
9.120000000000000000e+03 2.520434649556045681e+00 7.391182566867165668e-03
9.150000000000000000e+03 2.520383825883592888e+00 7.306613564614089854e-03
9.180000000000000000e+03 2.519868630765782047e+00 7.372887434755052115e-03
9.210000000000000000e+03 2.518897237393847632e+00 7.395458903721544366e-03
9.240000000000000000e+03 2.518463467191441207e+00 7.279025096788015702e-03
9.270000000000000000e+03 2.518877584597928543e+00 7.309931339979499829e-03
9.300000000000000000e+03 2.518500459540832903e+00 7.327986232263153897e-03
9.330000000000000000e+03 2.517532490927115063e+00 7.216883547624676834e-03
9.360000000000000000e+03 2.517893438405257367e+00 7.196073440628153635e-03
9.390000000000000000e+03 2.517895003977013602e+00 7.289586652347967120e-03
9.420000000000000000e+03 2.517429474223638941e+00 7.257405799431752326e-03
9.450000000000000000e+03 2.517882899458461665e+00 7.183460823621908541e-03
9.480000000000000000e+03 2.517796587189707225e+00 7.207435279199679752e-03
9.510000000000000000e+03 2.518002890337974087e+00 7.100729133095836504e-03
9.540000000000000000e+03 2.517704735124863369e+00 6.902784262953023421e-03
9.570000000000000000e+03 2.518468333062391373e+00 7.125104703803351695e-03
9.600000000000000000e+03 2.518267671273811015e+00 7.035011004285260383e-03
9.630000000000000000e+03 2.517421876194068542e+00 7.066475883516859513e-03
9.660000000000000000e+03 2.516869704560045218e+00 7.000930720743955664e-03
9.690000000000000000e+03 2.516752235830743700e+00 6.952827345388035846e-03
9.720000000000000000e+03 2.517030596753279337e+00 6.923970912079337181e-03
9.750000000000000000e+03 2.516649615962644582e+00 7.029764268973996699e-03
9.780000000000000000e+03 2.517236695132263335e+00 7.063094186552981192e-03
9.810000000000000000e+03 2.516747175691647520e+00 6.966237214280979369e-03
9.840000000000000000e+03 2.516709642060026120e+00 6.918576736922248116e-03
9.870000000000000000e+03 2.516918665103640151e+00 6.827340623373046209e-03
9.900000000000000000e+03 2.516967414565368877e+00 6.884021606818042580e-03
9.930000000000000000e+03 2.516481911970985585e+00 6.766023199812057874e-03
9.960000000000000000e+03 2.516402058521846730e+00 6.750630536478488888e-03
9.990000000000000000e+03 2.516212430959020807e+00 6.664798148112636295e-03
1.002000000000000000e+04 2.516501800280470214e+00 6.656599112500425665e-03
1.005000000000000000e+04 2.516609074715287164e+00 6.588360657668523510e-03
1.008000000000000000e+04 2.516131058035049772e+00 6.585752968626153517e-03
1.011000000000000000e+04 2.515550330277604552e+00 6.562482094082363118e-03
1.014000000000000000e+04 2.515926427963032896e+00 6.662181075141022403e-03
1.017000000000000000e+04 2.515283141590228144e+00 6.627593842700963030e-03
1.020000000000000000e+04 2.515671349574549076e+00 6.628940662710115783e-03
1.023000000000000000e+04 2.515618793847493873e+00 6.542105664979243861e-03
1.026000000000000000e+04 2.516393222159043042e+00 6.461573823633673386e-03
1.029000000000000000e+04 2.516795575530564655e+00 6.391116106695787259e-03
1.032000000000000000e+04 2.516837983717276739e+00 6.360116628298784387e-03
1.035000000000000000e+04 2.516860750306870287e+00 6.290020155540706516e-03
1.038000000000000000e+04 2.517186076327323718e+00 6.321948833147213523e-03
1.041000000000000000e+04 2.517306076333682974e+00 6.303589289517145568e-03
1.044000000000000000e+04 2.518021717986406394e+00 6.330085147687593977e-03
1.047000000000000000e+04 2.518321199699552260e+00 6.422773156148774143e-03
1.050000000000000000e+04 2.518604802743378279e+00 6.391569077788618151e-03
1.053000000000000000e+04 2.518786832434580791e+00 6.377739358514443284e-03
1.056000000000000000e+04 2.518428897413248713e+00 6.271479058091427444e-03
1.059000000000000000e+04 2.518094496433374019e+00 6.238701176563338745e-03
1.062000000000000000e+04 2.517619344410102933e+00 6.179870317370948600e-03
1.065000000000000000e+04 2.518287658039508603e+00 6.133136937766549279e-03
1.068000000000000000e+04 2.517305768190984061e+00 5.980750373736516516e-03
1.071000000000000000e+04 2.517679178548390961e+00 6.103270125769122596e-03
1.074000000000000000e+04 2.517608749440504390e+00 5.954639860848726790e-03
1.077000000000000000e+04 2.517356225724331154e+00 6.070236526606558394e-03
1.080000000000000000e+04 2.517187460069258531e+00 6.159892685834745911e-03
1.083000000000000000e+04 2.517686598133654030e+00 6.205112102593169678e-03
1.086000000000000000e+04 2.517528188297208924e+00 6.185841537383021844e-03
1.089000000000000000e+04 2.516893646963919373e+00 6.190375423929606394e-03
1.092000000000000000e+04 2.516619654814124640e+00 6.318723856139405945e-03
1.095000000000000000e+04 2.516401744358383041e+00 6.207223747686179890e-03
1.098000000000000000e+04 2.516700547896463025e+00 6.238677103772526794e-03
1.101000000000000000e+04 2.516966573275457808e+00 6.138089166427743333e-03
1.104000000000000000e+04 2.516370860557737288e+00 6.038131651120604883e-03
1.107000000000000000e+04 2.516682346988720731e+00 5.830414988076392316e-03
1.110000000000000000e+04 2.516911030076457223e+00 5.866447915521730803e-03
1.113000000000000000e+04 2.517226091431390422e+00 5.849514839580680255e-03
1.116000000000000000e+04 2.517336225790039350e+00 5.701521267671418210e-03
1.119000000000000000e+04 2.516644914329364546e+00 5.786106573723567847e-03
1.122000000000000000e+04 2.515909418696783639e+00 5.758784988421131699e-03
1.125000000000000000e+04 2.515909439180294083e+00 5.729227355946746834e-03
1.128000000000000000e+04 2.515920063801797113e+00 5.760747676191799692e-03
1.131000000000000000e+04 2.516028848541897123e+00 5.808418891582543993e-03
1.134000000000000000e+04 2.516069341789152869e+00 5.796971607901884802e-03
1.137000000000000000e+04 2.516177826204867518e+00 5.874308156331186671e-03
1.140000000000000000e+04 2.516273816372739169e+00 5.915626369433888213e-03
1.143000000000000000e+04 2.515989954713624854e+00 5.887134958032559998e-03
1.146000000000000000e+04 2.515938693016935179e+00 5.921871973189806945e-03
1.149000000000000000e+04 2.515852131591082674e+00 5.837233644991244273e-03
1.152000000000000000e+04 2.515565108714033826e+00 5.807733118296755023e-03
1.155000000000000000e+04 2.515096944529445544e+00 5.744866678571948146e-03
1.158000000000000000e+04 2.514975760342317734e+00 5.686812033931979912e-03
1.161000000000000000e+04 2.515082984341702854e+00 5.825892968562357971e-03
1.164000000000000000e+04 2.515171279320712383e+00 5.908874085051106506e-03
1.167000000000000000e+04 2.515068085304303480e+00 5.966638508527465599e-03
1.170000000000000000e+04 2.515091021568693463e+00 5.995343537483570871e-03
1.173000000000000000e+04 2.514619493190071164e+00 6.090506641294303122e-03
1.176000000000000000e+04 2.514140368112256052e+00 6.125132081562978739e-03
1.179000000000000000e+04 2.514479766294953844e+00 6.006024529085791236e-03
1.182000000000000000e+04 2.514951438098155467e+00 5.983168104769160008e-03
1.185000000000000000e+04 2.515234159432045757e+00 5.979567230245675692e-03
1.188000000000000000e+04 2.515452437048936840e+00 5.921511527299635341e-03
1.191000000000000000e+04 2.515282624436981695e+00 5.974966956958741374e-03
1.194000000000000000e+04 2.515288055727034511e+00 5.897063588525264244e-03
1.197000000000000000e+04 2.514989807965975377e+00 5.882943700678944406e-03
1.200000000000000000e+04 2.515327619064921194e+00 5.902823455791033139e-03
1.203000000000000000e+04 2.515570638632377065e+00 5.907150388391288649e-03
1.206000000000000000e+04 2.516140064114404495e+00 5.930755368416813778e-03
1.209000000000000000e+04 2.516687122996963843e+00 5.944401962060338711e-03
1.212000000000000000e+04 2.516740967088173964e+00 5.852483632063310882e-03
1.215000000000000000e+04 2.516504117599136059e+00 5.908018938728738095e-03
1.218000000000000000e+04 2.516918414320229669e+00 5.863053908110408934e-03
1.221000000000000000e+04 2.517123962145550120e+00 5.934184139224898437e-03
1.224000000000000000e+04 2.516689803751724686e+00 5.909645557389789534e-03
1.227000000000000000e+04 2.516708150184960857e+00 5.878985395587495687e-03
1.230000000000000000e+04 2.517169006717257407e+00 5.839569878228812773e-03
1.233000000000000000e+04 2.517149558386549302e+00 5.882461064726747686e-03
1.236000000000000000e+04 2.517091141505042096e+00 5.791468290064051908e-03
1.239000000000000000e+04 2.517155594437826771e+00 5.740553813068836018e-03
1.242000000000000000e+04 2.516740232412128631e+00 5.733342466571241490e-03
1.245000000000000000e+04 2.516971722259763400e+00 5.695718503369110071e-03
1.248000000000000000e+04 2.517388861494157304e+00 5.689047086890003900e-03
1.251000000000000000e+04 2.516885128376447511e+00 5.648123335893581731e-03
1.254000000000000000e+04 2.516901689514136731e+00 5.666378402554858931e-03
1.257000000000000000e+04 2.516996584965495831e+00 5.687317465779840805e-03
1.260000000000000000e+04 2.517118283329825790e+00 5.698662636442228084e-03
1.263000000000000000e+04 2.516762410339617340e+00 5.780625883226158182e-03
1.266000000000000000e+04 2.517036730916430098e+00 5.819879815653997493e-03
1.269000000000000000e+04 2.516987921371832471e+00 5.790097045158833396e-03
1.272000000000000000e+04 2.516913067328400810e+00 5.879943001911473038e-03
1.275000000000000000e+04 2.516882291489823231e+00 5.977484943187364071e-03
1.278000000000000000e+04 2.516729833144832007e+00 5.977052347745942344e-03
1.281000000000000000e+04 2.516870542887669870e+00 6.010654235324966801e-03
1.284000000000000000e+04 2.517213951528399107e+00 5.994479826024899996e-03
1.287000000000000000e+04 2.517203472390640240e+00 6.060779388644826036e-03
1.290000000000000000e+04 2.517388929966931865e+00 6.085119874556731666e-03
1.293000000000000000e+04 2.516917335888443574e+00 6.156899661265339760e-03
1.296000000000000000e+04 2.516676220316038215e+00 5.980163322935557781e-03
1.299000000000000000e+04 2.516595415710764616e+00 5.889432421560390762e-03
1.302000000000000000e+04 2.516765774358176166e+00 5.829439092215687838e-03
1.305000000000000000e+04 2.516603898115537863e+00 5.781147918887777001e-03
1.308000000000000000e+04 2.516533477588441592e+00 5.691580676286295964e-03
1.311000000000000000e+04 2.516271046805423683e+00 5.729991891198441684e-03
1.314000000000000000e+04 2.516015978283441257e+00 5.666540702720987595e-03
1.317000000000000000e+04 2.516273571290828404e+00 5.633715582061130274e-03
1.320000000000000000e+04 2.516286088810262722e+00 5.549644440658933232e-03
1.323000000000000000e+04 2.516001965197179668e+00 5.535324543012611759e-03
1.326000000000000000e+04 2.516010866608397123e+00 5.612255107005359456e-03
1.329000000000000000e+04 2.515946932654482548e+00 5.448491592614361848e-03
1.332000000000000000e+04 2.515617173155865860e+00 5.414522351917029977e-03
1.335000000000000000e+04 2.515106802993427149e+00 5.437157965310268105e-03
1.338000000000000000e+04 2.515181055146732181e+00 5.507090744618432093e-03
1.341000000000000000e+04 2.515395529497717497e+00 5.382660269224372879e-03
1.344000000000000000e+04 2.515031146531891970e+00 5.424550079935008470e-03
1.347000000000000000e+04 2.514960250285630750e+00 5.437444238332242441e-03
1.350000000000000000e+04 2.514945787327239390e+00 5.364508516947991829e-03
1.353000000000000000e+04 2.515399004894365742e+00 5.407935783041271580e-03
1.356000000000000000e+04 2.515260685932662721e+00 5.371176351007692605e-03
1.359000000000000000e+04 2.515081257240187718e+00 5.369762051260472575e-03
1.362000000000000000e+04 2.514899520486554074e+00 5.415600383766022013e-03
1.365000000000000000e+04 2.514980241965036001e+00 5.378027439904771966e-03
1.368000000000000000e+04 2.514986959523755949e+00 5.336982795607379121e-03
1.371000000000000000e+04 2.514871277103094105e+00 5.247639610602317962e-03
1.374000000000000000e+04 2.514659491667539104e+00 5.203607777295406710e-03
1.377000000000000000e+04 2.514272536070173647e+00 5.183726215255248133e-03
1.380000000000000000e+04 2.514119292735141453e+00 5.126254992839199102e-03
1.383000000000000000e+04 2.513933006018805649e+00 4.999063382622361516e-03
1.386000000000000000e+04 2.513851873685393645e+00 5.000338758540910644e-03
1.389000000000000000e+04 2.514316197749810300e+00 4.979704732925805712e-03
1.392000000000000000e+04 2.513588513293109727e+00 4.939310879939664244e-03
1.395000000000000000e+04 2.513783584831491780e+00 4.957690997272460633e-03
1.398000000000000000e+04 2.513977167606368912e+00 4.908149579107005944e-03
1.401000000000000000e+04 2.513729405132967720e+00 4.893312472633714640e-03
1.404000000000000000e+04 2.513963652533583115e+00 4.955162104504933288e-03
1.407000000000000000e+04 2.513803125106265579e+00 5.025144541297587968e-03
1.410000000000000000e+04 2.513903488695695909e+00 4.970266450530115912e-03
1.413000000000000000e+04 2.514211912159608264e+00 4.917771248970434148e-03
1.416000000000000000e+04 2.514332865007483875e+00 4.919306951370544002e-03
1.419000000000000000e+04 2.514015149879878397e+00 4.938555307997786852e-03
1.422000000000000000e+04 2.514113825532361624e+00 4.929597920573436896e-03
1.425000000000000000e+04 2.514205015778311125e+00 4.914569562891765026e-03
1.428000000000000000e+04 2.514098116399410277e+00 4.890931469460663324e-03
1.431000000000000000e+04 2.514389711109101810e+00 4.898955624138463978e-03
1.434000000000000000e+04 2.514332636990078917e+00 4.864002963335550302e-03
1.437000000000000000e+04 2.514783969126241470e+00 4.791923284909190874e-03
1.440000000000000000e+04 2.514179034828702530e+00 4.724687621366367198e-03
1.443000000000000000e+04 2.514294623882877833e+00 4.788067025345225068e-03
1.446000000000000000e+04 2.514017082555508154e+00 4.744651482369154072e-03
1.449000000000000000e+04 2.514147041752748724e+00 4.775678648659686075e-03
1.452000000000000000e+04 2.514298183645089502e+00 4.782803045367621519e-03
1.455000000000000000e+04 2.514032521395854314e+00 4.785683443976281731e-03
1.458000000000000000e+04 2.514209392902137630e+00 4.747713565431810508e-03
1.461000000000000000e+04 2.514094428719980012e+00 4.803289858918495005e-03
1.464000000000000000e+04 2.513853972930696123e+00 4.844000026030557265e-03
1.467000000000000000e+04 2.514308161303933087e+00 5.016464638273921556e-03
1.470000000000000000e+04 2.514136336523838722e+00 5.034613307831767304e-03
1.473000000000000000e+04 2.514495028689190281e+00 5.011024775955958549e-03
1.476000000000000000e+04 2.514047933824265169e+00 4.923973941899041293e-03
1.479000000000000000e+04 2.513858740517397106e+00 4.852115755407761244e-03
1.482000000000000000e+04 2.513949426075245075e+00 4.891481782892680846e-03
1.485000000000000000e+04 2.514039285654722899e+00 4.920014778950707220e-03
1.488000000000000000e+04 2.513545099632542357e+00 4.850827269936199525e-03
1.491000000000000000e+04 2.513781776539552482e+00 4.827972377373021540e-03
1.494000000000000000e+04 2.513665052040681136e+00 4.900367272709099317e-03
1.497000000000000000e+04 2.513321277212386295e+00 4.863405284689566524e-03
1.500000000000000000e+04 2.513110887112639968e+00 4.831021414090272068e-03
