# # n, sigma
3.000000000000000000e+01 2.525796864559781252e+00 1.012633701299272826e-01
6.000000000000000000e+01 2.209330734690379661e+00 1.285027318677884334e-01
9.000000000000000000e+01 2.151045344049561603e+00 1.056157221660045942e-01
1.200000000000000000e+02 2.192155806481892455e+00 6.761777847938121866e-02
1.500000000000000000e+02 2.224089148159339224e+00 6.352989369598679992e-02
1.800000000000000000e+02 2.452309441146694358e+00 5.722757572170578122e-02
2.100000000000000000e+02 2.499480734569158535e+00 6.125454235664506281e-02
2.400000000000000000e+02 2.481299863466624789e+00 5.757534612110139227e-02
2.700000000000000000e+02 2.505032337380117546e+00 5.527378377557157912e-02
3.000000000000000000e+02 2.528204400058672974e+00 5.073417715596379579e-02
3.300000000000000000e+02 2.525452205583494703e+00 4.495743967678516445e-02
3.600000000000000000e+02 2.525496324542729987e+00 4.319145084757359393e-02
3.900000000000000000e+02 2.506508557108627855e+00 4.054430142251717190e-02
4.200000000000000000e+02 2.507835100310697563e+00 4.243788738170933827e-02
4.500000000000000000e+02 2.502515352808144300e+00 3.785393563341610951e-02
4.800000000000000000e+02 2.500540423311978344e+00 3.561180276099881747e-02
5.100000000000000000e+02 2.498412980472007217e+00 3.315963719865004655e-02
5.400000000000000000e+02 2.499556743071745135e+00 3.348195018214875779e-02
5.700000000000000000e+02 2.492048511010349632e+00 2.908120445193238673e-02
6.000000000000000000e+02 2.495324634487166460e+00 2.882652975023063113e-02
6.300000000000000000e+02 2.492962485733489331e+00 2.912247969717253471e-02
6.600000000000000000e+02 2.489398072368707915e+00 2.802370880044968357e-02
6.900000000000000000e+02 2.492467425937236136e+00 2.519372835085931933e-02
7.200000000000000000e+02 2.494134995699576418e+00 2.154391323876585218e-02
7.500000000000000000e+02 2.496671427207387772e+00 2.017910964205583621e-02
7.800000000000000000e+02 2.498719964859998033e+00 2.095563332936475204e-02
8.100000000000000000e+02 2.497573400276391187e+00 2.133637241993867686e-02
8.400000000000000000e+02 2.494762770385954731e+00 2.124467883321848674e-02
8.700000000000000000e+02 2.500093193650297696e+00 2.070228135786478935e-02
9.000000000000000000e+02 2.500695803363393921e+00 2.023749915885484502e-02
9.300000000000000000e+02 2.499047282195823172e+00 1.921698071986763234e-02
9.600000000000000000e+02 2.500884433371326043e+00 1.901628093922921522e-02
9.900000000000000000e+02 2.501824363774036719e+00 1.982300990466136920e-02
1.020000000000000000e+03 2.501245630687019439e+00 1.782534295870014107e-02
1.050000000000000000e+03 2.499111022042815211e+00 1.734941095134615030e-02
1.080000000000000000e+03 2.500125132368656189e+00 1.737649954997728952e-02
1.110000000000000000e+03 2.502480802280827810e+00 1.708817173849294310e-02
1.140000000000000000e+03 2.503250628642050835e+00 1.665533468974002285e-02
1.170000000000000000e+03 2.509258213074651689e+00 1.773744960602506235e-02
1.200000000000000000e+03 2.508538370435445142e+00 1.770025907461570194e-02
1.230000000000000000e+03 2.507895818731842308e+00 1.656786217062025321e-02
1.260000000000000000e+03 2.507695021241429068e+00 1.538230763574817070e-02
1.290000000000000000e+03 2.509608273742215623e+00 1.584818444939214283e-02
1.320000000000000000e+03 2.508537561522388604e+00 1.512939380017013120e-02
1.350000000000000000e+03 2.509256312285977675e+00 1.530784456110398720e-02
1.380000000000000000e+03 2.509008628377577210e+00 1.611029193153993774e-02
1.410000000000000000e+03 2.509789071498762514e+00 1.529858585896650379e-02
1.440000000000000000e+03 2.512833092499408227e+00 1.544293145180707268e-02
1.470000000000000000e+03 2.513484245308042375e+00 1.623817735573709897e-02
1.500000000000000000e+03 2.513584407696488832e+00 1.658288939763757214e-02
1.530000000000000000e+03 2.510049019563306505e+00 1.595837511329143213e-02
1.560000000000000000e+03 2.512891620306650253e+00 1.569084567755940629e-02
1.590000000000000000e+03 2.509902156120666028e+00 1.543068545973210783e-02
1.620000000000000000e+03 2.512385493288856964e+00 1.507942707919149479e-02
1.650000000000000000e+03 2.514702642592461679e+00 1.558179659407976300e-02
1.680000000000000000e+03 2.514671367817420400e+00 1.594174829523291315e-02
1.710000000000000000e+03 2.514719353704027771e+00 1.538057197411963478e-02
1.740000000000000000e+03 2.513759432856560228e+00 1.506940847257889557e-02
1.770000000000000000e+03 2.510722920940786640e+00 1.506787801804718510e-02
1.800000000000000000e+03 2.511415772409247182e+00 1.549450124905174010e-02
1.830000000000000000e+03 2.509108936511776911e+00 1.514539683603267038e-02
1.860000000000000000e+03 2.509923360496875588e+00 1.465654063434998142e-02
1.890000000000000000e+03 2.511804609332539240e+00 1.466539473676618278e-02
1.920000000000000000e+03 2.514212227668969124e+00 1.504368133905771739e-02
1.950000000000000000e+03 2.516538417119638993e+00 1.512917160441605742e-02
1.980000000000000000e+03 2.514532058850794005e+00 1.566548387081111507e-02
2.010000000000000000e+03 2.513825548607147020e+00 1.576160280119691393e-02
2.040000000000000000e+03 2.513222122890690802e+00 1.583355042882998026e-02
2.070000000000000000e+03 2.515956705792377512e+00 1.562156697880241925e-02
2.100000000000000000e+03 2.513623739046944916e+00 1.525411586827629153e-02
2.130000000000000000e+03 2.514913675231298384e+00 1.541216266544153876e-02
2.160000000000000000e+03 2.513610928057675498e+00 1.599419241260340713e-02
2.190000000000000000e+03 2.511637940296953087e+00 1.606235368490120663e-02
2.220000000000000000e+03 2.512875615843539912e+00 1.601857484141179164e-02
2.250000000000000000e+03 2.511115015377649584e+00 1.590675395172964565e-02
2.280000000000000000e+03 2.514004319228302808e+00 1.486476287623426235e-02
2.310000000000000000e+03 2.512082216659057288e+00 1.469579030990712451e-02
2.340000000000000000e+03 2.512879331582924536e+00 1.425690227374788038e-02
2.370000000000000000e+03 2.512146360664611944e+00 1.386702634006835994e-02
2.400000000000000000e+03 2.510831250013347393e+00 1.363148842978680747e-02
2.430000000000000000e+03 2.509744114835033457e+00 1.305362877186765254e-02
2.460000000000000000e+03 2.507262031010884851e+00 1.326829848844392028e-02
2.490000000000000000e+03 2.505904561987079671e+00 1.313413706893213316e-02
2.520000000000000000e+03 2.503391991067946076e+00 1.313072695711769641e-02
2.550000000000000000e+03 2.504258671582812124e+00 1.300158940381240108e-02
2.580000000000000000e+03 2.505013347980206806e+00 1.304102316210682504e-02
2.610000000000000000e+03 2.504781607095531548e+00 1.353463822009513817e-02
2.640000000000000000e+03 2.503570137281724506e+00 1.357144363796016634e-02
2.670000000000000000e+03 2.505929727086453340e+00 1.337092511349529354e-02
2.700000000000000000e+03 2.505486190248586986e+00 1.338181601256506134e-02
2.730000000000000000e+03 2.505874762152748403e+00 1.300305437303300032e-02
2.760000000000000000e+03 2.504479209436698106e+00 1.278507594288202064e-02
2.790000000000000000e+03 2.503884369029257595e+00 1.254786267270566538e-02
2.820000000000000000e+03 2.506724141034699649e+00 1.302413549382447182e-02
2.850000000000000000e+03 2.505434645767608437e+00 1.268344308782334492e-02
2.880000000000000000e+03 2.507337856356498307e+00 1.281981574405412910e-02
2.910000000000000000e+03 2.506212476523204558e+00 1.263206644880854150e-02
2.940000000000000000e+03 2.508307117116356455e+00 1.272149975168513150e-02
2.970000000000000000e+03 2.506478528845379028e+00 1.263744588199040494e-02
3.000000000000000000e+03 2.507768462595278081e+00 1.242173441354970861e-02
3.030000000000000000e+03 2.509294274012425774e+00 1.258817801563365257e-02
3.060000000000000000e+03 2.509699606330436872e+00 1.214288542848748244e-02
3.090000000000000000e+03 2.507172901718339286e+00 1.143732344158608291e-02
3.120000000000000000e+03 2.507147887623539795e+00 1.189951751043821608e-02
3.150000000000000000e+03 2.505996367885703791e+00 1.209241913253579839e-02
3.180000000000000000e+03 2.508532786052800390e+00 1.202323533259667433e-02
3.210000000000000000e+03 2.509165134843426070e+00 1.203281011290011776e-02
3.240000000000000000e+03 2.508398779485860430e+00 1.191741924291287412e-02
3.270000000000000000e+03 2.509008029640001691e+00 1.159676043033627119e-02
3.300000000000000000e+03 2.509552818858062473e+00 1.140818509242661448e-02
3.330000000000000000e+03 2.509098309995247522e+00 1.112605179210879314e-02
3.360000000000000000e+03 2.510016801402127573e+00 1.097354289937765848e-02
3.390000000000000000e+03 2.509629597029542136e+00 1.105392073428202587e-02
3.420000000000000000e+03 2.508396174030162129e+00 1.109468710023027264e-02
3.450000000000000000e+03 2.505735073330308982e+00 1.089675999818222329e-02
3.480000000000000000e+03 2.504750400494607288e+00 1.118065727046096101e-02
3.510000000000000000e+03 2.503367430612122302e+00 1.124566846585609708e-02
3.540000000000000000e+03 2.501582790597180583e+00 1.127966577694838532e-02
3.570000000000000000e+03 2.502697713868971885e+00 1.144198442388960624e-02
3.600000000000000000e+03 2.500641142864402866e+00 1.174364397225693274e-02
3.630000000000000000e+03 2.499772770919832521e+00 1.160535654339084517e-02
3.660000000000000000e+03 2.498793430638289959e+00 1.133604300185649984e-02
3.690000000000000000e+03 2.499326671714777959e+00 1.159062458424390402e-02
3.720000000000000000e+03 2.499178502891240328e+00 1.177940626011388277e-02
3.750000000000000000e+03 2.498709539883368080e+00 1.164561207449023826e-02
3.780000000000000000e+03 2.498775337576754740e+00 1.167725293258073914e-02
3.810000000000000000e+03 2.497830138145453738e+00 1.180383451766678186e-02
3.840000000000000000e+03 2.497102756853121441e+00 1.206377745498176182e-02
3.870000000000000000e+03 2.496790716501168461e+00 1.215840147458188865e-02
3.900000000000000000e+03 2.496995511536537649e+00 1.180220133651806863e-02
3.930000000000000000e+03 2.494963842036717061e+00 1.156641583731575669e-02
3.960000000000000000e+03 2.493626624484864607e+00 1.166514066060153967e-02
3.990000000000000000e+03 2.493627645692077621e+00 1.171074225303205506e-02
4.020000000000000000e+03 2.492886330679284335e+00 1.177898081523876157e-02
4.050000000000000000e+03 2.493437209365378049e+00 1.172397711186069606e-02
4.080000000000000000e+03 2.494079624770788151e+00 1.173388820834011040e-02
4.110000000000000000e+03 2.495788243618433100e+00 1.124202475335963139e-02
4.140000000000000000e+03 2.493871447513597683e+00 1.127974918820289982e-02
4.170000000000000000e+03 2.494208511777002979e+00 1.134396181231460930e-02
4.200000000000000000e+03 2.493016641046602366e+00 1.155178742644774603e-02
4.230000000000000000e+03 2.492112044646107805e+00 1.163147982938690130e-02
4.260000000000000000e+03 2.491599919690600906e+00 1.155152984355098562e-02
4.290000000000000000e+03 2.491582434518709643e+00 1.161341523559674370e-02
4.320000000000000000e+03 2.490904536608155251e+00 1.146250052944743081e-02
4.350000000000000000e+03 2.491537041913743256e+00 1.148180849485306958e-02
4.380000000000000000e+03 2.491721727563293687e+00 1.126422289839652292e-02
4.410000000000000000e+03 2.491106001193396313e+00 1.155937580377611358e-02
4.440000000000000000e+03 2.491212851875829415e+00 1.158502604786832910e-02
4.470000000000000000e+03 2.491211499358513493e+00 1.139160661327278702e-02
4.500000000000000000e+03 2.491321636673097473e+00 1.149065222337738827e-02
4.530000000000000000e+03 2.492418220883978908e+00 1.164951413732667578e-02
4.560000000000000000e+03 2.491546356854740463e+00 1.128651098791338611e-02
4.590000000000000000e+03 2.491923948998506333e+00 1.120461398513409451e-02
4.620000000000000000e+03 2.492226002098236748e+00 1.081325163938666976e-02
4.650000000000000000e+03 2.492884058622182764e+00 1.093569309087472421e-02
4.680000000000000000e+03 2.493659773080785680e+00 1.078252289776986464e-02
4.710000000000000000e+03 2.493470566498492857e+00 1.077644960879455514e-02
4.740000000000000000e+03 2.491583145925154952e+00 1.092490078280236067e-02
4.770000000000000000e+03 2.492815524224175405e+00 1.079608445881279424e-02
4.800000000000000000e+03 2.492887553888321062e+00 1.070282202575257441e-02
4.830000000000000000e+03 2.490940869617511044e+00 1.076846346785715301e-02
4.860000000000000000e+03 2.492737525850579505e+00 1.039904895903964906e-02
4.890000000000000000e+03 2.491208731703419055e+00 1.039961599017113006e-02
4.920000000000000000e+03 2.490157518085787558e+00 1.026854019757206769e-02
4.950000000000000000e+03 2.490594758550207288e+00 1.024856284586374983e-02
4.980000000000000000e+03 2.491032181185686589e+00 1.004319972961170704e-02
5.010000000000000000e+03 2.491381285394814071e+00 1.021179734091637661e-02
5.040000000000000000e+03 2.490957093094241070e+00 1.003968468756281408e-02
5.070000000000000000e+03 2.491317374709725474e+00 9.995560959949202282e-03
5.100000000000000000e+03 2.491637679446504716e+00 1.010744000428443791e-02
5.130000000000000000e+03 2.490853997331256231e+00 1.002639454455701157e-02
5.160000000000000000e+03 2.492131393790218308e+00 1.011537994343394802e-02
5.190000000000000000e+03 2.493554739008460253e+00 9.787554341670936728e-03
5.220000000000000000e+03 2.494460609918841776e+00 9.779501388903596298e-03
5.250000000000000000e+03 2.496084074059660818e+00 9.734947796148970406e-03
5.280000000000000000e+03 2.494932605619705868e+00 9.338638698252191978e-03
5.310000000000000000e+03 2.495533843138695307e+00 9.270378855356517511e-03
5.340000000000000000e+03 2.496125081260744061e+00 9.309606989345495937e-03
5.370000000000000000e+03 2.495651552577931032e+00 9.504326989737717571e-03
5.400000000000000000e+03 2.495292286509356749e+00 9.611202684420915021e-03
5.430000000000000000e+03 2.495767011507694644e+00 9.401656057449726822e-03
5.460000000000000000e+03 2.496828564831198527e+00 9.324725278875716644e-03
5.490000000000000000e+03 2.496276101426936567e+00 9.523621774312951774e-03
5.520000000000000000e+03 2.496657268782251915e+00 9.681950160713813716e-03
5.550000000000000000e+03 2.498404307113649914e+00 9.353017909255686296e-03
5.580000000000000000e+03 2.497284484867372090e+00 9.469607154832653320e-03
5.610000000000000000e+03 2.497185658292826460e+00 9.532541466146425557e-03
5.640000000000000000e+03 2.497245111911897020e+00 9.319049382242294496e-03
5.670000000000000000e+03 2.496072324388582064e+00 9.162521772430647082e-03
5.700000000000000000e+03 2.497034653883429822e+00 9.081164923177615159e-03
5.730000000000000000e+03 2.496450352930729810e+00 9.025557642858870327e-03
5.760000000000000000e+03 2.496866137303853872e+00 9.027816706194810234e-03
5.790000000000000000e+03 2.495455351602775540e+00 8.931289733498545130e-03
5.820000000000000000e+03 2.494843712050752949e+00 8.835108639606188696e-03
5.850000000000000000e+03 2.495552013673372649e+00 8.976356092857913638e-03
5.880000000000000000e+03 2.495005643643386506e+00 8.819922270700672820e-03
5.910000000000000000e+03 2.494955507888900303e+00 8.835664952579124973e-03
5.940000000000000000e+03 2.494873261638331563e+00 8.847186640103676600e-03
5.970000000000000000e+03 2.493717879515919389e+00 8.610430973390084328e-03
6.000000000000000000e+03 2.496075644115511416e+00 8.713610141265804715e-03
6.030000000000000000e+03 2.496598510867819698e+00 8.418526576710596773e-03
6.060000000000000000e+03 2.495695639758198414e+00 8.209704875950362551e-03
6.090000000000000000e+03 2.495109597033105420e+00 8.126521959747456253e-03
6.120000000000000000e+03 2.496185967962809116e+00 8.154910255115666029e-03
6.150000000000000000e+03 2.496405856700783410e+00 8.014631277484134120e-03
6.180000000000000000e+03 2.496736571834826890e+00 7.797677496260018576e-03
6.210000000000000000e+03 2.495996853182319786e+00 7.990206885824403110e-03
6.240000000000000000e+03 2.496065187668791818e+00 7.914234468311813833e-03
6.270000000000000000e+03 2.496548199711039029e+00 7.956504904363307859e-03
6.300000000000000000e+03 2.496504260689579091e+00 8.021209462841521684e-03
6.330000000000000000e+03 2.497345928413365446e+00 8.150173589116719089e-03
6.360000000000000000e+03 2.497340271881954177e+00 8.107502963894154535e-03
6.390000000000000000e+03 2.497883986208182971e+00 8.031609194550421230e-03
6.420000000000000000e+03 2.497445991876138915e+00 8.105412808637250249e-03
6.450000000000000000e+03 2.497177096338902391e+00 8.178199520220344812e-03
6.480000000000000000e+03 2.495939314290763100e+00 8.177940658633309212e-03
6.510000000000000000e+03 2.496119190901888274e+00 8.114686036611586453e-03
6.540000000000000000e+03 2.495902001881380006e+00 8.147176519879298362e-03
6.570000000000000000e+03 2.496126976854418533e+00 8.440848286454517152e-03
6.600000000000000000e+03 2.495753789910565068e+00 8.368412767578716285e-03
6.630000000000000000e+03 2.495453631738344669e+00 8.576911748119852089e-03
6.660000000000000000e+03 2.495152361189285184e+00 8.530512049715378159e-03
6.690000000000000000e+03 2.495630063411891975e+00 8.696547144365598253e-03
6.720000000000000000e+03 2.496666134878614773e+00 8.556536112822830942e-03
6.750000000000000000e+03 2.495317868225819691e+00 8.524800240192621781e-03
6.780000000000000000e+03 2.495321926209175256e+00 8.354102015841326917e-03
6.810000000000000000e+03 2.496740962006080533e+00 8.169987038421273190e-03
6.840000000000000000e+03 2.498181698919962557e+00 8.244519697758022000e-03
6.870000000000000000e+03 2.497747182829115342e+00 8.229931386443916155e-03
6.900000000000000000e+03 2.496860977163139150e+00 8.300510811547702830e-03
6.930000000000000000e+03 2.498223832974678871e+00 8.393579526838097424e-03
6.960000000000000000e+03 2.499668502677058424e+00 8.573478293878441375e-03
6.990000000000000000e+03 2.499927155220587061e+00 8.609930842478604254e-03
7.020000000000000000e+03 2.499258291847020086e+00 8.597081203580908548e-03
7.050000000000000000e+03 2.499608024867929768e+00 8.682731277655191329e-03
7.080000000000000000e+03 2.499442899472622770e+00 8.467971027145105092e-03
7.110000000000000000e+03 2.498733400914949776e+00 8.582986680481805367e-03
7.140000000000000000e+03 2.498367205333047014e+00 8.485254051309778708e-03
7.170000000000000000e+03 2.499415081250046189e+00 8.458536438551791242e-03
7.200000000000000000e+03 2.499595297057365606e+00 8.419908872849515141e-03
7.230000000000000000e+03 2.499874961037597654e+00 8.369139354934759800e-03
7.260000000000000000e+03 2.500551097896252184e+00 8.466478343597948208e-03
7.290000000000000000e+03 2.500326981511361346e+00 8.615719874229601019e-03
7.320000000000000000e+03 2.500988999911110788e+00 8.753995780223910311e-03
7.350000000000000000e+03 2.500721739181284153e+00 8.742615387438906066e-03
7.380000000000000000e+03 2.500499774120007679e+00 8.727378063990702539e-03
7.410000000000000000e+03 2.499573596061328118e+00 8.463934764340295264e-03
7.440000000000000000e+03 2.499724134265258524e+00 8.613023247862883897e-03
7.470000000000000000e+03 2.499351053846250448e+00 8.584026304353899531e-03
7.500000000000000000e+03 2.499873542133828952e+00 8.678800922475388147e-03
7.530000000000000000e+03 2.500575648444011811e+00 8.676238258189965247e-03
7.560000000000000000e+03 2.500327534604192881e+00 8.643929224202174036e-03
7.590000000000000000e+03 2.500060457660418400e+00 8.653457382312740309e-03
7.620000000000000000e+03 2.500734465916596427e+00 8.722753516800317575e-03
7.650000000000000000e+03 2.501002189344404325e+00 8.662980148724339080e-03
7.680000000000000000e+03 2.500911966852006785e+00 8.597163683302811582e-03
7.710000000000000000e+03 2.501731603069629717e+00 8.589031521162892799e-03
7.740000000000000000e+03 2.501926529219123729e+00 8.888374093055411568e-03
7.770000000000000000e+03 2.501452433490600313e+00 8.673269077648390266e-03
7.800000000000000000e+03 2.502180620524995458e+00 8.540006128162414001e-03
7.830000000000000000e+03 2.502438465826479774e+00 8.586644837770092062e-03
7.860000000000000000e+03 2.502388045111639148e+00 8.662993970798693946e-03
7.890000000000000000e+03 2.502229565268180522e+00 8.717437478996760414e-03
7.920000000000000000e+03 2.502392753538177583e+00 8.683958635664911635e-03
7.950000000000000000e+03 2.502768178837074142e+00 8.591628019044084477e-03
7.980000000000000000e+03 2.502461809158869066e+00 8.751255308538227404e-03
8.010000000000000000e+03 2.502804762542510719e+00 8.606220840609211942e-03
8.040000000000000000e+03 2.503105293650843333e+00 8.630335565029449707e-03
8.070000000000000000e+03 2.502591962058613895e+00 8.546869161856741892e-03
8.100000000000000000e+03 2.502470650156274345e+00 8.559674676953647407e-03
8.130000000000000000e+03 2.502308374977106897e+00 8.558174828016061955e-03
8.160000000000000000e+03 2.502957431303976410e+00 8.545268240008110569e-03
8.190000000000000000e+03 2.502387964727424752e+00 8.495870062715425719e-03
8.220000000000000000e+03 2.502598142226402533e+00 8.483271403926250648e-03
8.250000000000000000e+03 2.501957459209685375e+00 8.479602077924542833e-03
8.280000000000000000e+03 2.502026685367526149e+00 8.447457271810633259e-03
8.310000000000000000e+03 2.501144607421515342e+00 8.671562433147577548e-03
8.340000000000000000e+03 2.501362562838693737e+00 8.716080574400044204e-03
8.370000000000000000e+03 2.501834657397827844e+00 8.733866799936972417e-03
8.400000000000000000e+03 2.502138481653830571e+00 8.901210472530774603e-03
8.430000000000000000e+03 2.502350178429217920e+00 8.950359467640044489e-03
8.460000000000000000e+03 2.502914974636949896e+00 8.942853760202432861e-03
8.490000000000000000e+03 2.502852460393350853e+00 9.033520559543841560e-03
8.520000000000000000e+03 2.502280632612513767e+00 9.046618440852119761e-03
8.550000000000000000e+03 2.502143600663087941e+00 9.070336852368106675e-03
8.580000000000000000e+03 2.501956231882072945e+00 9.162613254755088560e-03
8.610000000000000000e+03 2.501921743193365355e+00 8.981662138314486232e-03
8.640000000000000000e+03 2.502447156174209653e+00 9.063923905829256861e-03
8.670000000000000000e+03 2.502470218695789228e+00 8.981064615446300234e-03
8.700000000000000000e+03 2.502475651388791356e+00 9.044708720954582754e-03
8.730000000000000000e+03 2.502079941606046631e+00 8.928405362948532709e-03
8.760000000000000000e+03 2.501461498642361114e+00 8.997464264339971943e-03
8.790000000000000000e+03 2.501363881211940310e+00 8.782978838248949732e-03
8.820000000000000000e+03 2.500740168107502104e+00 8.713753008439491590e-03
8.850000000000000000e+03 2.500380626397002981e+00 8.781662721228660970e-03
8.880000000000000000e+03 2.499511288339754778e+00 8.806708134728254492e-03
8.910000000000000000e+03 2.499703835236994465e+00 8.856923961050236840e-03
8.940000000000000000e+03 2.500118362828845697e+00 8.827469598344137372e-03
8.970000000000000000e+03 2.500461409017109560e+00 8.775610770326054341e-03
9.000000000000000000e+03 2.499518957801645236e+00 8.766548147100435007e-03
9.030000000000000000e+03 2.499881398012126610e+00 8.876827286392208888e-03
9.060000000000000000e+03 2.500037887779592349e+00 8.795648683739236764e-03
9.090000000000000000e+03 2.499041142829648621e+00 8.750033203406953550e-03
9.120000000000000000e+03 2.499298392546430936e+00 8.810709077778139733e-03
9.150000000000000000e+03 2.499628199637866643e+00 8.822591662681707539e-03
9.180000000000000000e+03 2.499523066432773888e+00 8.689440506864203051e-03
9.210000000000000000e+03 2.499923905304693328e+00 8.722345163898867840e-03
9.240000000000000000e+03 2.500093522326466200e+00 8.702764535821061118e-03
9.270000000000000000e+03 2.499844891660135460e+00 8.546944923039236086e-03
9.300000000000000000e+03 2.499920614078742886e+00 8.457941158013173796e-03
9.330000000000000000e+03 2.500056080284716487e+00 8.528181729102907518e-03
9.360000000000000000e+03 2.500195339452872645e+00 8.470347319811864090e-03
9.390000000000000000e+03 2.500420554319911837e+00 8.424610431620091142e-03
9.420000000000000000e+03 2.500566573432685402e+00 8.531980068679894877e-03
9.450000000000000000e+03 2.500467615578228386e+00 8.613541706071743340e-03
9.480000000000000000e+03 2.500671335995644284e+00 8.596772117246145872e-03
9.510000000000000000e+03 2.500974746900674006e+00 8.634891316245568368e-03
9.540000000000000000e+03 2.500658268515792315e+00 8.550596810808254455e-03
9.570000000000000000e+03 2.500576007757779884e+00 8.566894057457525094e-03
9.600000000000000000e+03 2.501355277254449838e+00 8.442640795667786385e-03
9.630000000000000000e+03 2.501337423638354984e+00 8.330974773916420204e-03
9.660000000000000000e+03 2.501572018540976661e+00 8.369634921872695296e-03
9.690000000000000000e+03 2.502245846223615899e+00 8.538264204532308027e-03
9.720000000000000000e+03 2.501878099364984287e+00 8.543017287725915981e-03
9.750000000000000000e+03 2.501770871954103637e+00 8.498141863109064109e-03
9.780000000000000000e+03 2.501341189133770015e+00 8.545117364825070838e-03
9.810000000000000000e+03 2.501542177093110997e+00 8.552569564653098033e-03
9.840000000000000000e+03 2.501518851668650623e+00 8.453129081035713061e-03
9.870000000000000000e+03 2.501362292396255071e+00 8.360968380208270989e-03
9.900000000000000000e+03 2.500694595329738146e+00 8.488899670756781118e-03
9.930000000000000000e+03 2.500317668112998604e+00 8.664176027007679942e-03
9.960000000000000000e+03 2.500971135181233151e+00 8.685833473787370890e-03
9.990000000000000000e+03 2.501132075985316394e+00 8.746991195803625885e-03
1.002000000000000000e+04 2.501173177747441745e+00 8.781152884038297829e-03
1.005000000000000000e+04 2.501253696179824626e+00 8.826456008825188729e-03
1.008000000000000000e+04 2.501316985718009533e+00 8.843120931213237917e-03
1.011000000000000000e+04 2.501091346766845191e+00 8.713855300971067031e-03
1.014000000000000000e+04 2.500978024170082747e+00 8.811768457375027813e-03
1.017000000000000000e+04 2.500895686610902224e+00 8.735574248028113095e-03
1.020000000000000000e+04 2.500754970512203634e+00 8.804183944041130139e-03
1.023000000000000000e+04 2.499992488940370183e+00 8.822295994210417949e-03
1.026000000000000000e+04 2.499980927653736806e+00 8.809644984182660871e-03
1.029000000000000000e+04 2.501098762267050191e+00 8.730705166237010331e-03
1.032000000000000000e+04 2.501674748076891497e+00 8.718078732015103680e-03
1.035000000000000000e+04 2.501721635464886795e+00 8.622536251952731337e-03
1.038000000000000000e+04 2.501674710889011610e+00 8.582283116879377283e-03
1.041000000000000000e+04 2.501968635018653853e+00 8.657717449657110695e-03
1.044000000000000000e+04 2.501783023068805623e+00 8.689891558606447491e-03
1.047000000000000000e+04 2.501765177190962142e+00 8.718621876015389752e-03
1.050000000000000000e+04 2.502167097098578985e+00 8.595685213487622156e-03
1.053000000000000000e+04 2.501704761831167634e+00 8.607182170041829256e-03
1.056000000000000000e+04 2.502087606116269569e+00 8.560719714939683464e-03
1.059000000000000000e+04 2.501908119478169823e+00 8.549313712426157355e-03
1.062000000000000000e+04 2.502178080084860756e+00 8.551416591775364007e-03
1.065000000000000000e+04 2.501735746385170600e+00 8.469284091448359836e-03
1.068000000000000000e+04 2.501958573610886916e+00 8.433474491054131217e-03
1.071000000000000000e+04 2.502067312472018301e+00 8.442245501393668902e-03
1.074000000000000000e+04 2.501863724519067134e+00 8.403771610449412358e-03
1.077000000000000000e+04 2.501968230228411194e+00 8.378898197289597061e-03
1.080000000000000000e+04 2.502048829182426548e+00 8.259530176352346958e-03
1.083000000000000000e+04 2.502637189752183744e+00 8.263250854629752146e-03
1.086000000000000000e+04 2.502347188727151561e+00 8.203697185544570405e-03
1.089000000000000000e+04 2.502162567665496606e+00 8.246193071624580151e-03
1.092000000000000000e+04 2.502298563284516053e+00 8.302942590865723324e-03
1.095000000000000000e+04 2.503128111898948127e+00 8.303290599383167728e-03
1.098000000000000000e+04 2.502891883249881655e+00 8.336155060257220695e-03
1.101000000000000000e+04 2.502650150564276199e+00 8.223130415615856337e-03
1.104000000000000000e+04 2.502502867297797806e+00 8.283490287979963784e-03
1.107000000000000000e+04 2.502237191451614606e+00 8.329374349764311763e-03
1.110000000000000000e+04 2.502030551256094970e+00 8.421092068893586829e-03
1.113000000000000000e+04 2.502362335382660063e+00 8.390826622306956500e-03
1.116000000000000000e+04 2.502635372069751174e+00 8.489613653523618922e-03
1.119000000000000000e+04 2.502164198373469262e+00 8.600872965084358640e-03
1.122000000000000000e+04 2.502111093534712616e+00 8.569594153753277294e-03
1.125000000000000000e+04 2.502125885059609089e+00 8.520658782986023638e-03
1.128000000000000000e+04 2.502425710873234177e+00 8.622740419178499469e-03
1.131000000000000000e+04 2.502784110021199382e+00 8.628095228808205577e-03
1.134000000000000000e+04 2.503221886418979025e+00 8.537046272235318881e-03
1.137000000000000000e+04 2.503390520277216424e+00 8.629137612776524233e-03
1.140000000000000000e+04 2.503722906773871770e+00 8.547142444875114806e-03
1.143000000000000000e+04 2.503119006038913685e+00 8.576951601685332827e-03
1.146000000000000000e+04 2.502677305782659900e+00 8.675927477699260301e-03
1.149000000000000000e+04 2.502847806213680748e+00 8.599712148363932926e-03
1.152000000000000000e+04 2.502833693271859783e+00 8.510647749939013323e-03
1.155000000000000000e+04 2.502846349954968908e+00 8.389853617164124561e-03
1.158000000000000000e+04 2.502674316994057957e+00 8.320889709812208726e-03
1.161000000000000000e+04 2.502537204610356447e+00 8.362869943142175674e-03
1.164000000000000000e+04 2.502428249367258051e+00 8.462026480927564362e-03
1.167000000000000000e+04 2.502262473531724929e+00 8.269660286746948960e-03
1.170000000000000000e+04 2.502028819595116804e+00 8.078593897614342462e-03
1.173000000000000000e+04 2.501789333061118725e+00 8.082076533859909942e-03
1.176000000000000000e+04 2.501486115149087031e+00 8.040958371221311463e-03
1.179000000000000000e+04 2.501809347742609990e+00 8.000480499288474198e-03
1.182000000000000000e+04 2.502220338609431494e+00 7.965822774470662088e-03
1.185000000000000000e+04 2.502060618849979878e+00 8.136428163810759465e-03
1.188000000000000000e+04 2.501464889315418993e+00 8.189405608126603189e-03
1.191000000000000000e+04 2.501933986754270034e+00 8.149596902854949060e-03
1.194000000000000000e+04 2.502176468459388126e+00 8.007808132267498977e-03
1.197000000000000000e+04 2.502357084165413248e+00 7.978431764972928122e-03
1.200000000000000000e+04 2.501752767778384179e+00 7.930761871877581998e-03
1.203000000000000000e+04 2.501610873352855702e+00 7.869380013090697401e-03
1.206000000000000000e+04 2.501507594127889700e+00 7.914000246977283270e-03
1.209000000000000000e+04 2.501265582518960251e+00 7.948890420142460875e-03
1.212000000000000000e+04 2.501291166986482573e+00 7.898145521010858233e-03
1.215000000000000000e+04 2.501378111119195502e+00 7.849881956147495773e-03
1.218000000000000000e+04 2.501435832773942103e+00 7.906008798424060333e-03
1.221000000000000000e+04 2.501394642409515701e+00 7.829569691171973586e-03
1.224000000000000000e+04 2.501348380097357271e+00 7.913166461778437660e-03
1.227000000000000000e+04 2.500986158921546743e+00 7.802695142390381720e-03
1.230000000000000000e+04 2.500867152281110339e+00 7.747379213988900802e-03
1.233000000000000000e+04 2.501268096016244336e+00 7.775990444436721785e-03
1.236000000000000000e+04 2.501152872663212179e+00 7.745499252088916022e-03
1.239000000000000000e+04 2.501339620075516912e+00 7.824522557149920371e-03
1.242000000000000000e+04 2.501287700841615447e+00 7.808085602977707027e-03
1.245000000000000000e+04 2.501373146323564445e+00 7.823438898175570644e-03
1.248000000000000000e+04 2.501430309212226533e+00 7.804153882666447183e-03
1.251000000000000000e+04 2.501511380217965375e+00 7.951327693858881163e-03
1.254000000000000000e+04 2.501780909245589601e+00 8.004472043999668815e-03
1.257000000000000000e+04 2.501801873716808178e+00 7.979992886382934053e-03
1.260000000000000000e+04 2.501934750575543820e+00 7.995419999962068147e-03
1.263000000000000000e+04 2.502020814506157542e+00 7.976606139239499071e-03
1.266000000000000000e+04 2.502183799350148341e+00 8.015240034339021075e-03
1.269000000000000000e+04 2.502181275598950982e+00 8.108078736893101560e-03
1.272000000000000000e+04 2.502097152812441827e+00 8.171161663944721820e-03
1.275000000000000000e+04 2.502170727676189088e+00 8.182959603712881835e-03
1.278000000000000000e+04 2.501854708647310854e+00 8.289753402175319488e-03
1.281000000000000000e+04 2.502292275440694436e+00 8.174462986645670073e-03
1.284000000000000000e+04 2.502288331716882475e+00 8.156077748694225832e-03
1.287000000000000000e+04 2.502416458301707003e+00 8.129797256978630454e-03
1.290000000000000000e+04 2.502599068529155701e+00 8.114876963024954953e-03
1.293000000000000000e+04 2.502782814940320844e+00 8.095119178766744042e-03
1.296000000000000000e+04 2.502522167893523442e+00 8.060071948672925188e-03
1.299000000000000000e+04 2.502607997792517303e+00 7.973415398168159224e-03
1.302000000000000000e+04 2.503091608607258767e+00 8.091976154487959608e-03
1.305000000000000000e+04 2.503251427796633788e+00 8.052032312836633968e-03
1.308000000000000000e+04 2.503741895265902961e+00 8.062340252533014770e-03
1.311000000000000000e+04 2.503601451503747022e+00 7.987295335568776050e-03
1.314000000000000000e+04 2.503134651386970333e+00 7.997618186260260428e-03
1.317000000000000000e+04 2.503099530495828784e+00 8.027150198386989385e-03
1.320000000000000000e+04 2.503034015264795631e+00 7.959913497061450044e-03
1.323000000000000000e+04 2.503148567980049588e+00 7.831032988123463184e-03
1.326000000000000000e+04 2.502831939042662324e+00 7.872335193960116467e-03
1.329000000000000000e+04 2.503188592121188272e+00 7.880711015911446085e-03
1.332000000000000000e+04 2.503438057693803565e+00 7.902148115355498922e-03
1.335000000000000000e+04 2.503254207136136333e+00 7.882370459847232863e-03
1.338000000000000000e+04 2.503254399674332831e+00 7.967061545076514414e-03
1.341000000000000000e+04 2.502880728608129157e+00 8.004283303623779822e-03
1.344000000000000000e+04 2.502909906571631371e+00 8.062814628656661195e-03
1.347000000000000000e+04 2.503221214143463325e+00 8.058863151009679898e-03
1.350000000000000000e+04 2.502715058554398464e+00 8.012156430333238974e-03
1.353000000000000000e+04 2.501925917651965925e+00 7.927032273839359697e-03
1.356000000000000000e+04 2.501274619197176197e+00 7.932236914052918919e-03
1.359000000000000000e+04 2.501506152871073141e+00 7.932585371325637583e-03
1.362000000000000000e+04 2.501542425866060348e+00 7.923074570740720746e-03
1.365000000000000000e+04 2.501751342027028091e+00 7.900371844605003774e-03
1.368000000000000000e+04 2.501889215114649456e+00 7.858704745637100017e-03
1.371000000000000000e+04 2.501342222556569350e+00 7.945033488988286277e-03
1.374000000000000000e+04 2.501054050092593517e+00 7.853975021295755976e-03
1.377000000000000000e+04 2.500813024642775773e+00 7.765088461923141949e-03
1.380000000000000000e+04 2.500858731153654535e+00 7.811825944584916900e-03
1.383000000000000000e+04 2.500713997802906707e+00 7.769242958896600999e-03
1.386000000000000000e+04 2.500641868367659004e+00 7.717649673719998230e-03
1.389000000000000000e+04 2.500377253088426510e+00 7.619941744829604111e-03
1.392000000000000000e+04 2.499804531447645140e+00 7.503642583734091917e-03
1.395000000000000000e+04 2.499559647823489161e+00 7.457609082423159036e-03
1.398000000000000000e+04 2.499537082439454494e+00 7.395552134261175643e-03
1.401000000000000000e+04 2.499485166820179405e+00 7.335337760201082573e-03
1.404000000000000000e+04 2.499219934402471033e+00 7.350943485636446395e-03
1.407000000000000000e+04 2.499378948167952696e+00 7.388621268256084611e-03
1.410000000000000000e+04 2.499253043501580507e+00 7.413017408919237057e-03
1.413000000000000000e+04 2.498855244016709776e+00 7.360920616360787025e-03
1.416000000000000000e+04 2.499029036146322547e+00 7.342384455544809750e-03
1.419000000000000000e+04 2.499433590869279964e+00 7.280234078016975703e-03
1.422000000000000000e+04 2.499682578083910478e+00 7.267853329680737905e-03
1.425000000000000000e+04 2.499086924482146532e+00 7.211058680021881044e-03
1.428000000000000000e+04 2.499137053355993565e+00 7.248634277382003978e-03
1.431000000000000000e+04 2.498925934119263115e+00 7.255266289588930759e-03
1.434000000000000000e+04 2.499053675067741676e+00 7.184250145150276878e-03
1.437000000000000000e+04 2.499041140759485913e+00 7.077231317914335282e-03
1.440000000000000000e+04 2.499371349455437041e+00 7.012570623473781371e-03
1.443000000000000000e+04 2.499196369150848973e+00 7.020560172866224281e-03
1.446000000000000000e+04 2.498922982688233763e+00 7.079993717154315670e-03
1.449000000000000000e+04 2.498791973993184534e+00 7.010685754745058125e-03
1.452000000000000000e+04 2.499181046295754438e+00 6.987372786738070031e-03
1.455000000000000000e+04 2.499442373760877523e+00 7.033389671248304470e-03
1.458000000000000000e+04 2.499581416454493610e+00 7.003280073755081651e-03
1.461000000000000000e+04 2.499465115042095231e+00 7.021670963336342809e-03
1.464000000000000000e+04 2.499627820227852570e+00 7.013199765007065850e-03
1.467000000000000000e+04 2.500061675838154862e+00 6.999080974461613369e-03
1.470000000000000000e+04 2.499752076393302769e+00 7.025460217038891064e-03
1.473000000000000000e+04 2.499781661386624609e+00 7.031364130679530582e-03
1.476000000000000000e+04 2.499746387928434288e+00 7.025204775687609801e-03
1.479000000000000000e+04 2.500035215006599199e+00 6.981129783915288566e-03
1.482000000000000000e+04 2.500352655477840802e+00 7.012477208079989470e-03
1.485000000000000000e+04 2.499867343898982686e+00 7.064806429478791804e-03
1.488000000000000000e+04 2.499827647578391598e+00 7.046805567310136104e-03
1.491000000000000000e+04 2.500000824366776619e+00 6.992437107754401540e-03
1.494000000000000000e+04 2.500010704098183378e+00 7.063059572265242142e-03
1.497000000000000000e+04 2.500231728650572194e+00 7.087217803259384177e-03
1.500000000000000000e+04 2.499914207862275362e+00 7.098698018648292619e-03
