# # n, sigma
3.000000000000000000e+01 3.285523839218809528e+00 1.664897446681899984e-01
6.000000000000000000e+01 3.288467409606020908e+00 2.519571230739046097e-01
9.000000000000000000e+01 2.513191722916191306e+00 1.003429702150911706e-01
1.200000000000000000e+02 2.396593389932241802e+00 7.952935693786451765e-02
1.500000000000000000e+02 1.892529435017682005e+00 1.307016375893725324e-01
1.800000000000000000e+02 1.879996778519307687e+00 1.132046215768243019e-01
2.100000000000000000e+02 2.445800944257518594e+00 6.395180678115845729e-02
2.400000000000000000e+02 2.448670905478441906e+00 4.379209713644134638e-02
2.700000000000000000e+02 2.450493874733527644e+00 4.236580480279839717e-02
3.000000000000000000e+02 2.449059476137735558e+00 5.013701901780798914e-02
3.300000000000000000e+02 2.454368318915487457e+00 4.934317974400806439e-02
3.600000000000000000e+02 2.462742130285196396e+00 4.614850461077558280e-02
3.900000000000000000e+02 2.464760319242335740e+00 4.008217088446114351e-02
4.200000000000000000e+02 2.445026882036076987e+00 3.933653813261469429e-02
4.500000000000000000e+02 2.451869675758210132e+00 3.635670315714583517e-02
4.800000000000000000e+02 2.468662450842442180e+00 3.039487524886263364e-02
5.100000000000000000e+02 2.490097502706020816e+00 3.556374710881377021e-02
5.400000000000000000e+02 2.476832863511373439e+00 3.708439018026880168e-02
5.700000000000000000e+02 2.461593347369883222e+00 3.915458854307531100e-02
6.000000000000000000e+02 2.461943314156323392e+00 3.612051308502019914e-02
6.300000000000000000e+02 2.475329033606405549e+00 3.944096017769840173e-02
6.600000000000000000e+02 2.467222404465658769e+00 3.823235133022603871e-02
6.900000000000000000e+02 2.459512739702476747e+00 3.768532355186357541e-02
7.200000000000000000e+02 2.457427180658982468e+00 3.409122285928106039e-02
7.500000000000000000e+02 2.447435227494815013e+00 3.630150525689661289e-02
7.800000000000000000e+02 2.442775233667551227e+00 3.440336233081137812e-02
8.100000000000000000e+02 2.437473724939204445e+00 3.073951509114079828e-02
8.400000000000000000e+02 2.438146823424240495e+00 2.677319464815618860e-02
8.700000000000000000e+02 2.445948534681489761e+00 2.654450157618158321e-02
9.000000000000000000e+02 2.452083297517849036e+00 2.601961192132406370e-02
9.300000000000000000e+02 2.453496714434058923e+00 2.605839095565434457e-02
9.600000000000000000e+02 2.452438094050051198e+00 2.608224919270397957e-02
9.900000000000000000e+02 2.456822687391841953e+00 2.739972136757448662e-02
1.020000000000000000e+03 2.461501888434180607e+00 2.665518149106447729e-02
1.050000000000000000e+03 2.467232615068307933e+00 2.699292109271389864e-02
1.080000000000000000e+03 2.472389548015796024e+00 2.642249946769471836e-02
1.110000000000000000e+03 2.474608463480144849e+00 2.594567233827843600e-02
1.140000000000000000e+03 2.467519258018699979e+00 2.526485584874300916e-02
1.170000000000000000e+03 2.466139732947218555e+00 2.480986113555009795e-02
1.200000000000000000e+03 2.455296676959991320e+00 2.523952556641506292e-02
1.230000000000000000e+03 2.453694069435058189e+00 2.455475559017498630e-02
1.260000000000000000e+03 2.453182984858811810e+00 2.419198447046337977e-02
1.290000000000000000e+03 2.457702294631384898e+00 2.338435179411510120e-02
1.320000000000000000e+03 2.455035967814674258e+00 2.347165472326742316e-02
1.350000000000000000e+03 2.453333765080368600e+00 2.377169779668925759e-02
1.380000000000000000e+03 2.454321064698488986e+00 2.358763213237809533e-02
1.410000000000000000e+03 2.454221184476473638e+00 2.295026491481222397e-02
1.440000000000000000e+03 2.453989525578237796e+00 2.226451390382902171e-02
1.470000000000000000e+03 2.454429744289060356e+00 2.269193136530784499e-02
1.500000000000000000e+03 2.453576522433557727e+00 2.145320547484890275e-02
1.530000000000000000e+03 2.457471974060161823e+00 1.974247122620575653e-02
1.560000000000000000e+03 2.465672036195484473e+00 1.933237044616724354e-02
1.590000000000000000e+03 2.464014588015936091e+00 1.833124281175960851e-02
1.620000000000000000e+03 2.463980431565351292e+00 1.815681584304998375e-02
1.650000000000000000e+03 2.470582630630446808e+00 1.659900992413636256e-02
1.680000000000000000e+03 2.468551456339153294e+00 1.600569747499808182e-02
1.710000000000000000e+03 2.465035652578047021e+00 1.637166152655790755e-02
1.740000000000000000e+03 2.471155564288063378e+00 1.600575086687785684e-02
1.770000000000000000e+03 2.469195697166178149e+00 1.587098969868726284e-02
1.800000000000000000e+03 2.474182993973060629e+00 1.544968677021242402e-02
1.830000000000000000e+03 2.474625170484884062e+00 1.559069441996272821e-02
1.860000000000000000e+03 2.472596718746574496e+00 1.598763173010868052e-02
1.890000000000000000e+03 2.474099411128095838e+00 1.641181205125586545e-02
1.920000000000000000e+03 2.478859327105011889e+00 1.598016483211494101e-02
1.950000000000000000e+03 2.477902740049097385e+00 1.598473704974947771e-02
1.980000000000000000e+03 2.480657869866557785e+00 1.571365746851208570e-02
2.010000000000000000e+03 2.475859045419828597e+00 1.578430553031020048e-02
2.040000000000000000e+03 2.474470314338682364e+00 1.586211544534061810e-02
2.070000000000000000e+03 2.479844352036311150e+00 1.530105877853285730e-02
2.100000000000000000e+03 2.481295671873836373e+00 1.541443824186595514e-02
2.130000000000000000e+03 2.476053487135616571e+00 1.462849640143649294e-02
2.160000000000000000e+03 2.475818012747236452e+00 1.503806865703728908e-02
2.190000000000000000e+03 2.475789489658741349e+00 1.392108595524405024e-02
2.220000000000000000e+03 2.473125936780625977e+00 1.364799833029831447e-02
2.250000000000000000e+03 2.468327966838664622e+00 1.382753419121791894e-02
2.280000000000000000e+03 2.468927304709465975e+00 1.402940236506473870e-02
2.310000000000000000e+03 2.470709289598608915e+00 1.413091022604849416e-02
2.340000000000000000e+03 2.469920456698043054e+00 1.416519658803493120e-02
2.370000000000000000e+03 2.469168436285913426e+00 1.409040002841599991e-02
2.400000000000000000e+03 2.473035559822145846e+00 1.368011967096520974e-02
2.430000000000000000e+03 2.472814948775272192e+00 1.329886490532085352e-02
2.460000000000000000e+03 2.474666983661004238e+00 1.310422123742569465e-02
2.490000000000000000e+03 2.478180804307907437e+00 1.339327254525149447e-02
2.520000000000000000e+03 2.477629694807704563e+00 1.328216188547846205e-02
2.550000000000000000e+03 2.478830384352822769e+00 1.305532878800082577e-02
2.580000000000000000e+03 2.482131437143049624e+00 1.318118551442361286e-02
2.610000000000000000e+03 2.484298376657873231e+00 1.344461056525968548e-02
2.640000000000000000e+03 2.484769151183125135e+00 1.349142666694918245e-02
2.670000000000000000e+03 2.484908521876510790e+00 1.322883193544922495e-02
2.700000000000000000e+03 2.483899917726946072e+00 1.364016435796797967e-02
2.730000000000000000e+03 2.484771087000883227e+00 1.367122250259630682e-02
2.760000000000000000e+03 2.485946075525311105e+00 1.365631485563336203e-02
2.790000000000000000e+03 2.488414053016362537e+00 1.310497422437595025e-02
2.820000000000000000e+03 2.490620228757247201e+00 1.278156991846629911e-02
2.850000000000000000e+03 2.492397711858242548e+00 1.282513783176745387e-02
2.880000000000000000e+03 2.492522070749275453e+00 1.308875468965913641e-02
2.910000000000000000e+03 2.492078602429379952e+00 1.300469490702533745e-02
2.940000000000000000e+03 2.491522154271455403e+00 1.224343710405557777e-02
2.970000000000000000e+03 2.489997125564658020e+00 1.241683966298526114e-02
3.000000000000000000e+03 2.491558967500618227e+00 1.220574374901843041e-02
3.030000000000000000e+03 2.491332792347403124e+00 1.199201394408819232e-02
3.060000000000000000e+03 2.493042615039265719e+00 1.196436669150787932e-02
3.090000000000000000e+03 2.492308262087497450e+00 1.216134466636193887e-02
3.120000000000000000e+03 2.491687946677985988e+00 1.215272994251425862e-02
3.150000000000000000e+03 2.491626296992866418e+00 1.217875300085183299e-02
3.180000000000000000e+03 2.491560829308728575e+00 1.232997252013447870e-02
3.210000000000000000e+03 2.494641911835271841e+00 1.226632646444730454e-02
3.240000000000000000e+03 2.493364578420123490e+00 1.220945246947096469e-02
3.270000000000000000e+03 2.494189309886177153e+00 1.205289825764381192e-02
3.300000000000000000e+03 2.494578451836453326e+00 1.175994834149357050e-02
3.330000000000000000e+03 2.494974706523904295e+00 1.121887614644595348e-02
3.360000000000000000e+03 2.495505096550283852e+00 1.104100772345592042e-02
3.390000000000000000e+03 2.496490145666397709e+00 1.124967439018469476e-02
3.420000000000000000e+03 2.497730018310738487e+00 1.136436228908729862e-02
3.450000000000000000e+03 2.497430713411986414e+00 1.120153654686580416e-02
3.480000000000000000e+03 2.496711852440081980e+00 1.088209089842656109e-02
3.510000000000000000e+03 2.496761469719469329e+00 1.075901620956929566e-02
3.540000000000000000e+03 2.495150847401395922e+00 1.057360788371897696e-02
3.570000000000000000e+03 2.495580134421840235e+00 1.073807207775317497e-02
3.600000000000000000e+03 2.497093468795705373e+00 1.065318052704553216e-02
3.630000000000000000e+03 2.497109860977244189e+00 1.062789163531223727e-02
3.660000000000000000e+03 2.494636450296201957e+00 1.060697700435748146e-02
3.690000000000000000e+03 2.493483885502181696e+00 1.063223732091308701e-02
3.720000000000000000e+03 2.493664401335915937e+00 1.087702486985579753e-02
3.750000000000000000e+03 2.493336357121139546e+00 1.082879003228985615e-02
3.780000000000000000e+03 2.492153831181443735e+00 1.082882506535406096e-02
3.810000000000000000e+03 2.493823327725753991e+00 1.084922226724477877e-02
3.840000000000000000e+03 2.493449280553915681e+00 1.087474232842364046e-02
3.870000000000000000e+03 2.492509468142188211e+00 1.083097042355308202e-02
3.900000000000000000e+03 2.493441265795224737e+00 1.051892957412744675e-02
3.930000000000000000e+03 2.493862810924462714e+00 1.076111943623014357e-02
3.960000000000000000e+03 2.493437160255887353e+00 1.046391340075437069e-02
3.990000000000000000e+03 2.494365069777060739e+00 1.050849512302944218e-02
4.020000000000000000e+03 2.495414278802822405e+00 1.047038068153659934e-02
4.050000000000000000e+03 2.495483250152179977e+00 1.027846515195719561e-02
4.080000000000000000e+03 2.495654742078114996e+00 1.026085448578582283e-02
4.110000000000000000e+03 2.495760630664948909e+00 1.033463397625197788e-02
4.140000000000000000e+03 2.495009420276756096e+00 1.021337687544279782e-02
4.170000000000000000e+03 2.494157220282731124e+00 1.028829043103990891e-02
4.200000000000000000e+03 2.494104807721963635e+00 1.036107292778451830e-02
4.230000000000000000e+03 2.493386162763687963e+00 1.045894979802807628e-02
4.260000000000000000e+03 2.492168539329565391e+00 1.024517870476059599e-02
4.290000000000000000e+03 2.492672488747049719e+00 1.004873032650282876e-02
4.320000000000000000e+03 2.493686970961113136e+00 1.008406358440619432e-02
4.350000000000000000e+03 2.492764869139446393e+00 1.016136197720317498e-02
4.380000000000000000e+03 2.492036523987383401e+00 9.904707045112337918e-03
4.410000000000000000e+03 2.491613331754059857e+00 9.753763506913254791e-03
4.440000000000000000e+03 2.491112016282300168e+00 9.667778581798925144e-03
4.470000000000000000e+03 2.490881590786085287e+00 9.592644478206019051e-03
4.500000000000000000e+03 2.491048092071496356e+00 9.408992090695799532e-03
4.530000000000000000e+03 2.491456222862824976e+00 9.490884986955565664e-03
4.560000000000000000e+03 2.491585917040199050e+00 9.513438103298892806e-03
4.590000000000000000e+03 2.493315114211549499e+00 9.317931347154728358e-03
4.620000000000000000e+03 2.493039944281751907e+00 9.268860791501807098e-03
4.650000000000000000e+03 2.492388613153302401e+00 9.070818069014522853e-03
4.680000000000000000e+03 2.491639259944928408e+00 8.916978046096531857e-03
4.710000000000000000e+03 2.491902456334170513e+00 9.255385081196323624e-03
4.740000000000000000e+03 2.491409853223987447e+00 8.996816373189072888e-03
4.770000000000000000e+03 2.490730956068668345e+00 9.116260310047460957e-03
4.800000000000000000e+03 2.489206809810649901e+00 9.009949518343831135e-03
4.830000000000000000e+03 2.489688217381035074e+00 8.855430753868133789e-03
4.860000000000000000e+03 2.489214155027321240e+00 8.898189992370297841e-03
4.890000000000000000e+03 2.489442050392960404e+00 8.986960564199304030e-03
4.920000000000000000e+03 2.489697702286648884e+00 9.073984578014679739e-03
4.950000000000000000e+03 2.491256500119079842e+00 9.050251288158337945e-03
4.980000000000000000e+03 2.491102227907503686e+00 9.191002758248530136e-03
5.010000000000000000e+03 2.492888631187317738e+00 9.252876061313882947e-03
5.040000000000000000e+03 2.491568407789939599e+00 9.398870710420659941e-03
5.070000000000000000e+03 2.491598217604915622e+00 9.140113076572250334e-03
5.100000000000000000e+03 2.492205256732547447e+00 9.133822360631290230e-03
5.130000000000000000e+03 2.494844912060488973e+00 9.232164945743236498e-03
5.160000000000000000e+03 2.493980577233253726e+00 9.123425208746397883e-03
5.190000000000000000e+03 2.493744636424032546e+00 9.241254591728909756e-03
5.220000000000000000e+03 2.494009047177228489e+00 9.306386163367180719e-03
5.250000000000000000e+03 2.493494688926180203e+00 9.080943829676882059e-03
5.280000000000000000e+03 2.494277843481240264e+00 9.316445376245787585e-03
5.310000000000000000e+03 2.493626702188533439e+00 9.291970901005785696e-03
5.340000000000000000e+03 2.492419957356240445e+00 9.411790426983595789e-03
5.370000000000000000e+03 2.492235118530405025e+00 9.441434931512478548e-03
5.400000000000000000e+03 2.492798334062348076e+00 9.276691581550760776e-03
5.430000000000000000e+03 2.493480506673825481e+00 9.125135345998952943e-03
5.460000000000000000e+03 2.494903242023796430e+00 9.345303131419149117e-03
5.490000000000000000e+03 2.494494152212637594e+00 8.930894149339558066e-03
5.520000000000000000e+03 2.493090432386641631e+00 8.768472109901805783e-03
5.550000000000000000e+03 2.493438777738572032e+00 8.951084672385062335e-03
5.580000000000000000e+03 2.493392092012762795e+00 9.156677583889518551e-03
5.610000000000000000e+03 2.493766448495143173e+00 9.138095886477952401e-03
5.640000000000000000e+03 2.492187353833892782e+00 9.321722540889341296e-03
5.670000000000000000e+03 2.493251101706912998e+00 9.421371025812617234e-03
5.700000000000000000e+03 2.493767939117404353e+00 9.711781986504212580e-03
5.730000000000000000e+03 2.493675609937423765e+00 9.836034665017152900e-03
5.760000000000000000e+03 2.493600951525130505e+00 9.713288506038527531e-03
5.790000000000000000e+03 2.493600042056138388e+00 9.720545208409191520e-03
5.820000000000000000e+03 2.493141642153463344e+00 9.909924262244034290e-03
5.850000000000000000e+03 2.492767967638191973e+00 9.653008979529351108e-03
5.880000000000000000e+03 2.493845139183501036e+00 9.815008509437100209e-03
5.910000000000000000e+03 2.493779971760162084e+00 9.739172166668488839e-03
5.940000000000000000e+03 2.494161630137789132e+00 9.434558585522228799e-03
5.970000000000000000e+03 2.495810493599057267e+00 9.384893975156951770e-03
6.000000000000000000e+03 2.495623277424430686e+00 9.356044193249965502e-03
6.030000000000000000e+03 2.494567414188052279e+00 9.339127975094682968e-03
6.060000000000000000e+03 2.494940484978930950e+00 9.098460349689850915e-03
6.090000000000000000e+03 2.495200011834438847e+00 9.126964610693429417e-03
6.120000000000000000e+03 2.496514679814827442e+00 9.237211108657656169e-03
6.150000000000000000e+03 2.495415192101617663e+00 9.442473896061840885e-03
6.180000000000000000e+03 2.495286850039836857e+00 9.590030797823861919e-03
6.210000000000000000e+03 2.495976261329217571e+00 9.484618405031433955e-03
6.240000000000000000e+03 2.496256187799725357e+00 9.406140377216798062e-03
6.270000000000000000e+03 2.496099141150229350e+00 9.454974365456954299e-03
6.300000000000000000e+03 2.495824020011049527e+00 9.459187985731020223e-03
6.330000000000000000e+03 2.496235136050653391e+00 9.602462901644926233e-03
6.360000000000000000e+03 2.497355815964222181e+00 9.557870912841071390e-03
6.390000000000000000e+03 2.497457768614316898e+00 9.289290545311005079e-03
6.420000000000000000e+03 2.496330316244579350e+00 9.248961307821016928e-03
6.450000000000000000e+03 2.496510278155543272e+00 9.157729301004512851e-03
6.480000000000000000e+03 2.496127045052461746e+00 8.923491677196406999e-03
6.510000000000000000e+03 2.496517273042477392e+00 8.895672381112742361e-03
6.540000000000000000e+03 2.495709767755795117e+00 9.108515831848219835e-03
6.570000000000000000e+03 2.495970191822159734e+00 8.809762169815382737e-03
6.600000000000000000e+03 2.496962624294835731e+00 8.825768877826597331e-03
6.630000000000000000e+03 2.496231796938905845e+00 8.566742831390066620e-03
6.660000000000000000e+03 2.496506184121302763e+00 8.687885857800980646e-03
6.690000000000000000e+03 2.496841451621158114e+00 8.574440445325919383e-03
6.720000000000000000e+03 2.497334206707063409e+00 8.486553938440551809e-03
6.750000000000000000e+03 2.496994489438546516e+00 8.437823745331083855e-03
6.780000000000000000e+03 2.496724677889356148e+00 8.677123331454131630e-03
6.810000000000000000e+03 2.497214781209013079e+00 8.482731807340701535e-03
6.840000000000000000e+03 2.496581279739486181e+00 8.227970645928390017e-03
6.870000000000000000e+03 2.496137776042806511e+00 8.117615004754583780e-03
6.900000000000000000e+03 2.496420289751569488e+00 8.138848537197884009e-03
6.930000000000000000e+03 2.497495742574754374e+00 7.975643816758328647e-03
6.960000000000000000e+03 2.498489778095441149e+00 7.970490405000954862e-03
6.990000000000000000e+03 2.497668099587633250e+00 7.998975140815080265e-03
7.020000000000000000e+03 2.497621363708117492e+00 7.943897932639203824e-03
7.050000000000000000e+03 2.498838031447531360e+00 7.963740565209636441e-03
7.080000000000000000e+03 2.498439180338036802e+00 7.987145563589849451e-03
7.110000000000000000e+03 2.497078833482804683e+00 7.929822062479949599e-03
7.140000000000000000e+03 2.496679933113640448e+00 7.958500654481198699e-03
7.170000000000000000e+03 2.496336964288000893e+00 7.981374777086743325e-03
7.200000000000000000e+03 2.496463191748027555e+00 7.801544624736319634e-03
7.230000000000000000e+03 2.496885030127940830e+00 7.754586455412509731e-03
7.260000000000000000e+03 2.498135177405213181e+00 7.774360544375388642e-03
7.290000000000000000e+03 2.497992845196213452e+00 7.808398102052076239e-03
7.320000000000000000e+03 2.498278504789489762e+00 7.879690259422988258e-03
7.350000000000000000e+03 2.497220468430722651e+00 7.854593200122408220e-03
7.380000000000000000e+03 2.496718451829498253e+00 7.713745236988816742e-03
7.410000000000000000e+03 2.496888785259522958e+00 7.684586151622451768e-03
7.440000000000000000e+03 2.497586539403927830e+00 7.753436305778524731e-03
7.470000000000000000e+03 2.497329519276128007e+00 7.665464316370457047e-03
7.500000000000000000e+03 2.497844287221044013e+00 7.712443074777118775e-03
7.530000000000000000e+03 2.497830025390344044e+00 7.569979863633978685e-03
7.560000000000000000e+03 2.497449856401605217e+00 7.635701884486923753e-03
7.590000000000000000e+03 2.497408188592565637e+00 7.571373181161391609e-03
7.620000000000000000e+03 2.497587497788605670e+00 7.603125872535229472e-03
7.650000000000000000e+03 2.497392765776186518e+00 7.484430967779005621e-03
7.680000000000000000e+03 2.497291716078644974e+00 7.563962441831128571e-03
7.710000000000000000e+03 2.496942122560315891e+00 7.731966783797256972e-03
7.740000000000000000e+03 2.496599412263987627e+00 7.557431447300553239e-03
7.770000000000000000e+03 2.495769827183602185e+00 7.610428162893562165e-03
7.800000000000000000e+03 2.495847328087519301e+00 7.608492126244509324e-03
7.830000000000000000e+03 2.496423413571796868e+00 7.550331357832618107e-03
7.860000000000000000e+03 2.496456368174239326e+00 7.303709397776815201e-03
7.890000000000000000e+03 2.497208037148234805e+00 7.150116408386362685e-03
7.920000000000000000e+03 2.496471403753262042e+00 7.144798394277793521e-03
7.950000000000000000e+03 2.496862653023716572e+00 7.074613823958571072e-03
7.980000000000000000e+03 2.497617354011319346e+00 7.169336197596879942e-03
8.010000000000000000e+03 2.496570385060702169e+00 7.168077408396614399e-03
8.040000000000000000e+03 2.497304198965572208e+00 7.240397884333150957e-03
8.070000000000000000e+03 2.497622389084684258e+00 7.344507288856635778e-03
8.100000000000000000e+03 2.496860595151010997e+00 7.193279902191912663e-03
8.130000000000000000e+03 2.496129975386278677e+00 7.026692428114199654e-03
8.160000000000000000e+03 2.495446168683848498e+00 6.910507077443258164e-03
8.190000000000000000e+03 2.494532099501985734e+00 6.965811005651500673e-03
8.220000000000000000e+03 2.494490527275583514e+00 6.899738881952164823e-03
8.250000000000000000e+03 2.494607441622263444e+00 6.810307960667043997e-03
8.280000000000000000e+03 2.494409901615144864e+00 6.971161906114325089e-03
8.310000000000000000e+03 2.494018221757871689e+00 7.038733674276963399e-03
8.340000000000000000e+03 2.495081764762320908e+00 7.047416661276065079e-03
8.370000000000000000e+03 2.494267505919504746e+00 7.001042309700989535e-03
8.400000000000000000e+03 2.494316197376300170e+00 6.872848008901730026e-03
8.430000000000000000e+03 2.494685667791418648e+00 6.898767025493869262e-03
8.460000000000000000e+03 2.494876696509154446e+00 6.916188872462004748e-03
8.490000000000000000e+03 2.494744920897337348e+00 6.957783143094275514e-03
8.520000000000000000e+03 2.494817373442289377e+00 6.923492088525568661e-03
8.550000000000000000e+03 2.493886556331231130e+00 7.025503755477920456e-03
8.580000000000000000e+03 2.494044023052587544e+00 6.952992683976287787e-03
8.610000000000000000e+03 2.493287815863849399e+00 6.838716749230195138e-03
8.640000000000000000e+03 2.492576667587680816e+00 6.924480771042483551e-03
8.670000000000000000e+03 2.492359592798840673e+00 6.739468733328207381e-03
8.700000000000000000e+03 2.491876691057559157e+00 6.768207340905699546e-03
8.730000000000000000e+03 2.491806331645420425e+00 6.800693843156787460e-03
8.760000000000000000e+03 2.491968986790229046e+00 6.780732285913539624e-03
8.790000000000000000e+03 2.492279772648354541e+00 6.699192215144203315e-03
8.820000000000000000e+03 2.492321902596128513e+00 6.761553212441907823e-03
8.850000000000000000e+03 2.492577995493310716e+00 6.646463796864251691e-03
8.880000000000000000e+03 2.493285580754245334e+00 6.660358901020304277e-03
8.910000000000000000e+03 2.493008332252405257e+00 6.632193964708181164e-03
8.940000000000000000e+03 2.493528338490575091e+00 6.725450024307281886e-03
8.970000000000000000e+03 2.494294095166099900e+00 6.767692492756085566e-03
9.000000000000000000e+03 2.493832940752816807e+00 6.634923869952477279e-03
9.030000000000000000e+03 2.494786851548676854e+00 6.655529719446093284e-03
9.060000000000000000e+03 2.494668444114454431e+00 6.553402278656885599e-03
9.090000000000000000e+03 2.494394892715222412e+00 6.553241769057463126e-03
9.120000000000000000e+03 2.495164263271310912e+00 6.415453255887390051e-03
9.150000000000000000e+03 2.495197307710057544e+00 6.281069498191513452e-03
9.180000000000000000e+03 2.495169525594040039e+00 6.292251352598259191e-03
9.210000000000000000e+03 2.495353929681539462e+00 6.259457607042814842e-03
9.240000000000000000e+03 2.494826611928442794e+00 6.242802636615754457e-03
9.270000000000000000e+03 2.495198276193968390e+00 6.310002612725261473e-03
9.300000000000000000e+03 2.494275778570520963e+00 6.335128102230200633e-03
9.330000000000000000e+03 2.494611540473255840e+00 6.179486906203983040e-03
9.360000000000000000e+03 2.495080574023785136e+00 6.099165262018512064e-03
9.390000000000000000e+03 2.495022036095422724e+00 6.204205693811816122e-03
9.420000000000000000e+03 2.495377160912976677e+00 6.262834282434033735e-03
9.450000000000000000e+03 2.496067817348482709e+00 6.267374228391025745e-03
9.480000000000000000e+03 2.495266398777253869e+00 6.205051119054292956e-03
9.510000000000000000e+03 2.495694418056923158e+00 6.192776432055999147e-03
9.540000000000000000e+03 2.495585860753913643e+00 6.115919916210162469e-03
9.570000000000000000e+03 2.495224687577659584e+00 6.078538150250863484e-03
9.600000000000000000e+03 2.495216456836878205e+00 5.997762004586429559e-03
9.630000000000000000e+03 2.494504833958639090e+00 5.944980313315953793e-03
9.660000000000000000e+03 2.494573537874979152e+00 5.842915977605628135e-03
9.690000000000000000e+03 2.493888067934860953e+00 5.902213357465982933e-03
9.720000000000000000e+03 2.494196977650672054e+00 5.967921371760830616e-03
9.750000000000000000e+03 2.494589279235261969e+00 6.085503317855761596e-03
9.780000000000000000e+03 2.494765104751615947e+00 5.948755703071552381e-03
9.810000000000000000e+03 2.494942840868843437e+00 5.902077218370133972e-03
9.840000000000000000e+03 2.494843409334001727e+00 5.814714485447661577e-03
9.870000000000000000e+03 2.494960712712646966e+00 5.714025132537116879e-03
9.900000000000000000e+03 2.495061086119340299e+00 5.632216320793892103e-03
9.930000000000000000e+03 2.495037798812543617e+00 5.564734066293937353e-03
9.960000000000000000e+03 2.495119656716294543e+00 5.460462351697478560e-03
9.990000000000000000e+03 2.495470892951696218e+00 5.425593151446695718e-03
1.002000000000000000e+04 2.495264935257611061e+00 5.465963351939110565e-03
1.005000000000000000e+04 2.495447997400910278e+00 5.464290547728910957e-03
1.008000000000000000e+04 2.495902058773063370e+00 5.406492115680355641e-03
1.011000000000000000e+04 2.496390419818041551e+00 5.441289090139595636e-03
1.014000000000000000e+04 2.496729776900259878e+00 5.464064103063531047e-03
1.017000000000000000e+04 2.496877705702360561e+00 5.410314427172041932e-03
1.020000000000000000e+04 2.496555299471554079e+00 5.452509522238305033e-03
1.023000000000000000e+04 2.496992628709790996e+00 5.396677702987656700e-03
1.026000000000000000e+04 2.496521748382851236e+00 5.403545300678750177e-03
1.029000000000000000e+04 2.496178374203291916e+00 5.543055464463350450e-03
1.032000000000000000e+04 2.496139749985369249e+00 5.635096832669235674e-03
1.035000000000000000e+04 2.496017313358763534e+00 5.734787863429062493e-03
1.038000000000000000e+04 2.495730496089558326e+00 5.786414662316191615e-03
1.041000000000000000e+04 2.495983145379086388e+00 5.708254692202719034e-03
1.044000000000000000e+04 2.495915918426032665e+00 5.714441886370359713e-03
1.047000000000000000e+04 2.495832488247355929e+00 5.755222955007299745e-03
1.050000000000000000e+04 2.495680251244400960e+00 5.677582203601829434e-03
1.053000000000000000e+04 2.495499984355174838e+00 5.671920814625112592e-03
1.056000000000000000e+04 2.495108981306839890e+00 5.565264516199190485e-03
1.059000000000000000e+04 2.495044029065101476e+00 5.451820644778886983e-03
1.062000000000000000e+04 2.495339912923702830e+00 5.462935736183087074e-03
1.065000000000000000e+04 2.495355471222690191e+00 5.367108765543825155e-03
1.068000000000000000e+04 2.495717407950761579e+00 5.439884148628598010e-03
1.071000000000000000e+04 2.495237334166260812e+00 5.304915327749168408e-03
1.074000000000000000e+04 2.495063477399602103e+00 5.404652369001431214e-03
1.077000000000000000e+04 2.494840452459401003e+00 5.391059365437369730e-03
1.080000000000000000e+04 2.494867269390428799e+00 5.304072327490453112e-03
1.083000000000000000e+04 2.495238848744837590e+00 5.387568147972575730e-03
1.086000000000000000e+04 2.494928403225586511e+00 5.499285599446939593e-03
1.089000000000000000e+04 2.494483512668818737e+00 5.520667857694604511e-03
1.092000000000000000e+04 2.494532021777702724e+00 5.515609760770080056e-03
1.095000000000000000e+04 2.493658847556104341e+00 5.543725207631305593e-03
1.098000000000000000e+04 2.493661549513639830e+00 5.446743225476544104e-03
1.101000000000000000e+04 2.493604598605459799e+00 5.516908323728200551e-03
1.104000000000000000e+04 2.493319645608903290e+00 5.453187838775738067e-03
1.107000000000000000e+04 2.492966642505749064e+00 5.412737261952789251e-03
1.110000000000000000e+04 2.492732012832685307e+00 5.354509591336041249e-03
1.113000000000000000e+04 2.492835196214636451e+00 5.367146171746152612e-03
1.116000000000000000e+04 2.492765345703923607e+00 5.374486436521900591e-03
1.119000000000000000e+04 2.493173682447793915e+00 5.288540706776947292e-03
1.122000000000000000e+04 2.493047376210195676e+00 5.363427194832897683e-03
1.125000000000000000e+04 2.493068599173708488e+00 5.395977971342984063e-03
1.128000000000000000e+04 2.492227855755710930e+00 5.336012323300885415e-03
1.131000000000000000e+04 2.491595353864495710e+00 5.225999631052961891e-03
1.134000000000000000e+04 2.490640257957694725e+00 5.250193441644750506e-03
1.137000000000000000e+04 2.490663894783807120e+00 5.222756050195101821e-03
1.140000000000000000e+04 2.491466695364287443e+00 5.272845914361419875e-03
1.143000000000000000e+04 2.491378113626991020e+00 5.267722647689069768e-03
1.146000000000000000e+04 2.491687695505506728e+00 5.293897092307666384e-03
1.149000000000000000e+04 2.491688985844024540e+00 5.253726978398132706e-03
1.152000000000000000e+04 2.492139513983355759e+00 5.255536008755477134e-03
1.155000000000000000e+04 2.491846283437714860e+00 5.255549557408476999e-03
1.158000000000000000e+04 2.491707194409230830e+00 5.373968073823583332e-03
1.161000000000000000e+04 2.491451237343754954e+00 5.323597319187952336e-03
1.164000000000000000e+04 2.491542240338522785e+00 5.402451824763531731e-03
1.167000000000000000e+04 2.491269787918007239e+00 5.430771940303988354e-03
1.170000000000000000e+04 2.491306610495518825e+00 5.475218603090361950e-03
1.173000000000000000e+04 2.491579487513624791e+00 5.553825158730679723e-03
1.176000000000000000e+04 2.491352856924891057e+00 5.631043222008967272e-03
1.179000000000000000e+04 2.491277435954903030e+00 5.652375819272802658e-03
1.182000000000000000e+04 2.490901885512442071e+00 5.659659516627144754e-03
1.185000000000000000e+04 2.490370183671941184e+00 5.591386759394973392e-03
1.188000000000000000e+04 2.489899906039905630e+00 5.530994892458623510e-03
1.191000000000000000e+04 2.490169130358391936e+00 5.586491665762750337e-03
1.194000000000000000e+04 2.489760347912266969e+00 5.465211680009347643e-03
1.197000000000000000e+04 2.489240736480204497e+00 5.451424926204733422e-03
1.200000000000000000e+04 2.489405673483834569e+00 5.418936041045038961e-03
1.203000000000000000e+04 2.489308704339126432e+00 5.376231456150760805e-03
1.206000000000000000e+04 2.489889295969409222e+00 5.439796442598487589e-03
1.209000000000000000e+04 2.489724898469113157e+00 5.455087401796968050e-03
1.212000000000000000e+04 2.489521085050937721e+00 5.430760909033446361e-03
1.215000000000000000e+04 2.489486642502115377e+00 5.415616973586074440e-03
1.218000000000000000e+04 2.489436875095366819e+00 5.354757892150890410e-03
1.221000000000000000e+04 2.490389952043868149e+00 5.435029815080936848e-03
1.224000000000000000e+04 2.490164151721492303e+00 5.447164034979728314e-03
1.227000000000000000e+04 2.490392075886024070e+00 5.433731284936450974e-03
1.230000000000000000e+04 2.490893797412076172e+00 5.423764067050648209e-03
1.233000000000000000e+04 2.490426839791673341e+00 5.507018032914791361e-03
1.236000000000000000e+04 2.490631555588333157e+00 5.435271536011470651e-03
1.239000000000000000e+04 2.490963565185199347e+00 5.558298726270737705e-03
1.242000000000000000e+04 2.490956393293617843e+00 5.525459127854755355e-03
1.245000000000000000e+04 2.490917815151690196e+00 5.511564981595037938e-03
1.248000000000000000e+04 2.490237801080894986e+00 5.459304894833239517e-03
1.251000000000000000e+04 2.490322840035732455e+00 5.529335462942103728e-03
1.254000000000000000e+04 2.489698433305412184e+00 5.366695909458041314e-03
1.257000000000000000e+04 2.489257102057533366e+00 5.346423538520971193e-03
1.260000000000000000e+04 2.489729619767509838e+00 5.350437011240132511e-03
1.263000000000000000e+04 2.490261973588373756e+00 5.310707155235491576e-03
1.266000000000000000e+04 2.489883542820084728e+00 5.214272013002338620e-03
1.269000000000000000e+04 2.489894410387563539e+00 5.133927521469832528e-03
1.272000000000000000e+04 2.490134951375166050e+00 5.207887005636576729e-03
1.275000000000000000e+04 2.490000923217343676e+00 5.212742033283743193e-03
1.278000000000000000e+04 2.489744481094855910e+00 5.174634519198834104e-03
1.281000000000000000e+04 2.490217183437385629e+00 5.326427843627462057e-03
1.284000000000000000e+04 2.489938732105347441e+00 5.328476792022200821e-03
1.287000000000000000e+04 2.490180983910661006e+00 5.311858054261079168e-03
1.290000000000000000e+04 2.490369735677854024e+00 5.366744920435238993e-03
1.293000000000000000e+04 2.490535196706078480e+00 5.445858826122855489e-03
1.296000000000000000e+04 2.490540412017114402e+00 5.473503473887633350e-03
1.299000000000000000e+04 2.490029598392255128e+00 5.530502507221855303e-03
1.302000000000000000e+04 2.490081464485410567e+00 5.463890595418158247e-03
1.305000000000000000e+04 2.489689609647071311e+00 5.552417939168068431e-03
1.308000000000000000e+04 2.489640659373137055e+00 5.469643771763299696e-03
1.311000000000000000e+04 2.489589944203446592e+00 5.338452287958098813e-03
1.314000000000000000e+04 2.490324367277706674e+00 5.371967407383201019e-03
1.317000000000000000e+04 2.489800907694788901e+00 5.400256866803660946e-03
1.320000000000000000e+04 2.489445141396353645e+00 5.449563740987053984e-03
1.323000000000000000e+04 2.489106980798465596e+00 5.423100375356398883e-03
1.326000000000000000e+04 2.489274295998986197e+00 5.366809650801119755e-03
1.329000000000000000e+04 2.489352614724662960e+00 5.422721099793769740e-03
1.332000000000000000e+04 2.489261033286579661e+00 5.463476879875475527e-03
1.335000000000000000e+04 2.489313156142853867e+00 5.458014443660910708e-03
1.338000000000000000e+04 2.489246694091097112e+00 5.393982570012703127e-03
1.341000000000000000e+04 2.489535933130725631e+00 5.388932956949346077e-03
1.344000000000000000e+04 2.490408208306305493e+00 5.395243379496766564e-03
1.347000000000000000e+04 2.490521323572118195e+00 5.437327428470076739e-03
1.350000000000000000e+04 2.490180887244117791e+00 5.339951310071681771e-03
1.353000000000000000e+04 2.489878024172630600e+00 5.381483106188773326e-03
1.356000000000000000e+04 2.489880420128793848e+00 5.275429418009808941e-03
1.359000000000000000e+04 2.489914223075943234e+00 5.390654865120009416e-03
1.362000000000000000e+04 2.489354024131737120e+00 5.337176398278012900e-03
1.365000000000000000e+04 2.489487182303757873e+00 5.359244691524695133e-03
1.368000000000000000e+04 2.489296432636156187e+00 5.464300672285088770e-03
1.371000000000000000e+04 2.489538535549614906e+00 5.610640800299088356e-03
1.374000000000000000e+04 2.489723159582234224e+00 5.671919658317366858e-03
1.377000000000000000e+04 2.489623350216837228e+00 5.686456266377932188e-03
1.380000000000000000e+04 2.489536641898205893e+00 5.700337081553471207e-03
1.383000000000000000e+04 2.489619354873399804e+00 5.747312501432335838e-03
1.386000000000000000e+04 2.489677014824408285e+00 5.741265928717324135e-03
1.389000000000000000e+04 2.489749118624078328e+00 5.819539747638042063e-03
1.392000000000000000e+04 2.490270684015706948e+00 5.838113228648950277e-03
1.395000000000000000e+04 2.490370422599160971e+00 5.845500390764847565e-03
1.398000000000000000e+04 2.490466002736286377e+00 5.844941887382457645e-03
1.401000000000000000e+04 2.490517296562954730e+00 5.846813105392944555e-03
1.404000000000000000e+04 2.490693319402386141e+00 5.770919868882964932e-03
1.407000000000000000e+04 2.490570974226823608e+00 5.841762486790628983e-03
1.410000000000000000e+04 2.490267757185549602e+00 5.828926481295390594e-03
1.413000000000000000e+04 2.490062564257258249e+00 5.849913511210920805e-03
1.416000000000000000e+04 2.490225467588345509e+00 5.881029522266979087e-03
1.419000000000000000e+04 2.490303613410703942e+00 5.873796015724956632e-03
1.422000000000000000e+04 2.490300441813157573e+00 5.938908483293431004e-03
1.425000000000000000e+04 2.490345075732521618e+00 5.955951532799733279e-03
1.428000000000000000e+04 2.490409402713197107e+00 5.860188302950053614e-03
1.431000000000000000e+04 2.490365700182651576e+00 5.876067037162212986e-03
1.434000000000000000e+04 2.490480011310934216e+00 5.952540810093086450e-03
1.437000000000000000e+04 2.490046026858129036e+00 5.952762837333329740e-03
1.440000000000000000e+04 2.489804552938887916e+00 5.937162481045118838e-03
1.443000000000000000e+04 2.490134852533095966e+00 5.939419311193820314e-03
1.446000000000000000e+04 2.490242631722701994e+00 5.985686418503579492e-03
1.449000000000000000e+04 2.490214095577932163e+00 5.965434121023633317e-03
1.452000000000000000e+04 2.490110938351590253e+00 5.892288735804839667e-03
1.455000000000000000e+04 2.490646750883122262e+00 5.835376872699318818e-03
1.458000000000000000e+04 2.490654761064988509e+00 5.906484219535395978e-03
1.461000000000000000e+04 2.490125512241795569e+00 5.850643497187628730e-03
1.464000000000000000e+04 2.489993278994362846e+00 5.847507193105313909e-03
1.467000000000000000e+04 2.490113675516628433e+00 5.861030097670775693e-03
1.470000000000000000e+04 2.490004419213307063e+00 5.861711525564062240e-03
1.473000000000000000e+04 2.490028072781222068e+00 5.906227186731340464e-03
1.476000000000000000e+04 2.489899222507651277e+00 5.908995089626751553e-03
1.479000000000000000e+04 2.489475311246759581e+00 5.894555555297942284e-03
1.482000000000000000e+04 2.489149849043771123e+00 5.958779801652370339e-03
1.485000000000000000e+04 2.488745801167690175e+00 5.844626572266475861e-03
1.488000000000000000e+04 2.488838829646924822e+00 5.856255628892228539e-03
1.491000000000000000e+04 2.488980161550614856e+00 5.926979417238758055e-03
1.494000000000000000e+04 2.489215878117649439e+00 6.020731349489711996e-03
1.497000000000000000e+04 2.488960039779499311e+00 5.940097955547447676e-03
1.500000000000000000e+04 2.488390994854449367e+00 5.887594769599829511e-03
