# # n, sigma
3.000000000000000000e+01 2.623308361777700881e+00 7.422050057557447178e-02
6.000000000000000000e+01 2.635655231256963216e+00 7.685208606692704725e-02
9.000000000000000000e+01 2.632567562342969847e+00 8.259932936629556244e-02
1.200000000000000000e+02 2.467332377780888208e+00 5.214611334250395663e-02
1.500000000000000000e+02 2.389306446971754205e+00 5.107367947102343236e-02
1.800000000000000000e+02 3.623710143204216472e+00 1.015839623010754145e-01
2.100000000000000000e+02 2.604654395089539776e+00 5.057316721234345752e-02
2.400000000000000000e+02 2.592793718382207846e+00 5.615613264467304161e-02
2.700000000000000000e+02 2.595723694685028615e+00 5.447764801533640233e-02
3.000000000000000000e+02 2.593130619834411288e+00 4.953865736573836304e-02
3.300000000000000000e+02 2.582148587912855398e+00 4.510826208216778266e-02
3.600000000000000000e+02 2.576928696353678383e+00 4.217640101584451545e-02
3.900000000000000000e+02 2.565059462315013583e+00 4.070055455803934380e-02
4.200000000000000000e+02 2.527699302387130142e+00 4.423081551719978965e-02
4.500000000000000000e+02 2.553704650816455590e+00 4.430844127200633809e-02
4.800000000000000000e+02 2.525164635401001778e+00 4.334657830991754668e-02
5.100000000000000000e+02 2.520651585491690216e+00 3.932047615202131918e-02
5.400000000000000000e+02 2.532717687919803229e+00 3.668884459359250672e-02
5.700000000000000000e+02 2.546578601670414166e+00 3.363976742925874064e-02
6.000000000000000000e+02 2.547588511725973781e+00 3.328240877017088484e-02
6.300000000000000000e+02 2.555763691363884149e+00 3.249818655388124478e-02
6.600000000000000000e+02 2.557064845499322114e+00 3.250688906747433576e-02
6.900000000000000000e+02 2.563771791028391256e+00 3.245090888319562134e-02
7.200000000000000000e+02 2.563052205377697401e+00 2.933413296965084460e-02
7.500000000000000000e+02 2.548783157547084066e+00 2.763463887577384537e-02
7.800000000000000000e+02 2.543939209311121274e+00 2.542463593968594809e-02
8.100000000000000000e+02 2.551225396723212135e+00 2.508988147461281570e-02
8.400000000000000000e+02 2.548889621785459081e+00 2.475787285708778637e-02
8.700000000000000000e+02 2.547337498420481516e+00 2.430034171007610863e-02
9.000000000000000000e+02 2.547743490698165303e+00 2.302487090651835280e-02
9.300000000000000000e+02 2.553365812366149346e+00 2.348139248393039946e-02
9.600000000000000000e+02 2.547542824402628803e+00 2.503268753889239043e-02
9.900000000000000000e+02 2.538288792402727090e+00 2.309324905803135375e-02
1.020000000000000000e+03 2.533022867767931618e+00 2.138423598407802190e-02
1.050000000000000000e+03 2.539450240517927337e+00 2.226182328147791739e-02
1.080000000000000000e+03 2.533337626167281975e+00 2.284888217954939016e-02
1.110000000000000000e+03 2.530592238126329274e+00 2.141355411280816690e-02
1.140000000000000000e+03 2.532963082963233248e+00 2.039709353433498407e-02
1.170000000000000000e+03 2.534186836142358512e+00 1.919423687216189819e-02
1.200000000000000000e+03 2.531494240572740306e+00 1.852168215345052424e-02
1.230000000000000000e+03 2.530196648957391936e+00 1.898540820895189968e-02
1.260000000000000000e+03 2.530642042379876777e+00 1.895899667615804501e-02
1.290000000000000000e+03 2.530927130620297394e+00 1.855629644941050524e-02
1.320000000000000000e+03 2.530911618530351515e+00 1.734983704686387032e-02
1.350000000000000000e+03 2.533718829751534951e+00 1.710505662865906620e-02
1.380000000000000000e+03 2.529949439772358311e+00 1.710564493487615537e-02
1.410000000000000000e+03 2.531886742718183481e+00 1.789535194424661524e-02
1.440000000000000000e+03 2.531045145114644068e+00 1.761835282452079224e-02
1.470000000000000000e+03 2.524076928217438454e+00 1.781528635384299272e-02
1.500000000000000000e+03 2.525147567297207463e+00 1.746659314151662382e-02
1.530000000000000000e+03 2.524470210724753194e+00 1.663521867971779963e-02
1.560000000000000000e+03 2.527370358518762128e+00 1.629928916635650996e-02
1.590000000000000000e+03 2.531502121965938823e+00 1.539033061630277685e-02
1.620000000000000000e+03 2.528759268935836246e+00 1.456404499397780800e-02
1.650000000000000000e+03 2.529053095958525343e+00 1.495423888656674874e-02
1.680000000000000000e+03 2.527141262830831181e+00 1.512113501539816968e-02
1.710000000000000000e+03 2.525818962601295681e+00 1.503804353345653509e-02
1.740000000000000000e+03 2.527510257812283445e+00 1.498212667917012478e-02
1.770000000000000000e+03 2.525249378120236088e+00 1.592402321925615385e-02
1.800000000000000000e+03 2.523497659576308116e+00 1.656786673920750130e-02
1.830000000000000000e+03 2.521794015529623678e+00 1.602882750213475635e-02
1.860000000000000000e+03 2.520079438553041840e+00 1.611685750428873062e-02
1.890000000000000000e+03 2.520936351516186669e+00 1.668279226382216041e-02
1.920000000000000000e+03 2.518990406338709853e+00 1.674784519613871717e-02
1.950000000000000000e+03 2.511340939274083084e+00 1.546108748126185685e-02
1.980000000000000000e+03 2.506409489245838174e+00 1.549921375622527811e-02
2.010000000000000000e+03 2.502916951394206890e+00 1.497429942342978944e-02
2.040000000000000000e+03 2.504242354550546334e+00 1.467987731950960544e-02
2.070000000000000000e+03 2.504460254803727359e+00 1.485361090863529347e-02
2.100000000000000000e+03 2.505050934057432954e+00 1.499750638787346671e-02
2.130000000000000000e+03 2.508827892698509032e+00 1.470509807686469668e-02
2.160000000000000000e+03 2.508257374604407008e+00 1.506730925036979876e-02
2.190000000000000000e+03 2.506472293912262561e+00 1.493117307171681722e-02
2.220000000000000000e+03 2.506341074959855142e+00 1.438638699760317642e-02
2.250000000000000000e+03 2.509766954971770048e+00 1.437069387664063544e-02
2.280000000000000000e+03 2.510059499961261764e+00 1.442040495112424485e-02
2.310000000000000000e+03 2.510471354593315052e+00 1.459592834641311454e-02
2.340000000000000000e+03 2.511959900225143816e+00 1.422843243225283515e-02
2.370000000000000000e+03 2.510502822179640603e+00 1.418798546115279495e-02
2.400000000000000000e+03 2.512716029454295175e+00 1.431898511300203243e-02
2.430000000000000000e+03 2.515003450742601565e+00 1.408153502724501099e-02
2.460000000000000000e+03 2.517268079075492881e+00 1.434837436755271797e-02
2.490000000000000000e+03 2.517773329665886184e+00 1.418911178681095397e-02
2.520000000000000000e+03 2.517932398447509712e+00 1.421092337791655599e-02
2.550000000000000000e+03 2.514990833924890534e+00 1.413587495628377752e-02
2.580000000000000000e+03 2.516320752452310128e+00 1.426588409142205520e-02
2.610000000000000000e+03 2.516349195124978344e+00 1.444796121310982714e-02
2.640000000000000000e+03 2.518667322026362232e+00 1.441242272162544455e-02
2.670000000000000000e+03 2.520624003301345617e+00 1.454503801708864272e-02
2.700000000000000000e+03 2.522363996674100495e+00 1.414157353037962493e-02
2.730000000000000000e+03 2.523390391778169928e+00 1.463870348718196088e-02
2.760000000000000000e+03 2.523421519612168762e+00 1.436063240645495467e-02
2.790000000000000000e+03 2.524614830875110183e+00 1.453854985921683267e-02
2.820000000000000000e+03 2.524282873536173533e+00 1.423200096158266058e-02
2.850000000000000000e+03 2.523588903862655997e+00 1.389636494914677292e-02
2.880000000000000000e+03 2.523952147988566708e+00 1.350171869590725132e-02
2.910000000000000000e+03 2.522610830709946406e+00 1.345698157315225463e-02
2.940000000000000000e+03 2.519858970385389974e+00 1.312535305271519959e-02
2.970000000000000000e+03 2.519610063089110508e+00 1.321644163702454661e-02
3.000000000000000000e+03 2.518336238436702956e+00 1.285386554964802579e-02
3.030000000000000000e+03 2.519356459872867937e+00 1.287584615137340321e-02
3.060000000000000000e+03 2.520499038078814813e+00 1.301895192848315577e-02
3.090000000000000000e+03 2.520968499927286555e+00 1.263648623099889075e-02
3.120000000000000000e+03 2.522043379569368859e+00 1.220390216806282145e-02
3.150000000000000000e+03 2.524301494735492035e+00 1.214954873723969424e-02
3.180000000000000000e+03 2.523548426139050171e+00 1.234761258902807371e-02
3.210000000000000000e+03 2.522954697689073544e+00 1.187124846998506913e-02
3.240000000000000000e+03 2.522800766406956274e+00 1.177635591712311407e-02
3.270000000000000000e+03 2.524898957677788047e+00 1.160068577294176909e-02
3.300000000000000000e+03 2.523431634219004405e+00 1.177108288542907596e-02
3.330000000000000000e+03 2.524854080475656737e+00 1.179388545689860797e-02
3.360000000000000000e+03 2.525669572795176787e+00 1.194943918508204611e-02
3.390000000000000000e+03 2.525639572616249939e+00 1.183836912532764546e-02
3.420000000000000000e+03 2.525150099865858699e+00 1.186567219242310768e-02
3.450000000000000000e+03 2.525483131063813502e+00 1.191260877007643305e-02
3.480000000000000000e+03 2.524331962270045082e+00 1.163372921690086596e-02
3.510000000000000000e+03 2.522522756221190043e+00 1.153333798095079223e-02
3.540000000000000000e+03 2.522484052167012436e+00 1.147539294800467395e-02
3.570000000000000000e+03 2.520977267008030598e+00 1.157217835422099175e-02
3.600000000000000000e+03 2.520792319018660965e+00 1.174370011466411429e-02
3.630000000000000000e+03 2.519910566050457934e+00 1.173244069097280524e-02
3.660000000000000000e+03 2.519067362636234542e+00 1.192169733451170673e-02
3.690000000000000000e+03 2.518235599340992614e+00 1.195988379203536713e-02
3.720000000000000000e+03 2.518441646247651100e+00 1.183076862954175051e-02
3.750000000000000000e+03 2.518659952483207398e+00 1.197664379340252633e-02
3.780000000000000000e+03 2.517510571578942979e+00 1.160664968615728390e-02
3.810000000000000000e+03 2.516989292037909109e+00 1.167857474942996833e-02
3.840000000000000000e+03 2.515207627466317319e+00 1.161501191384427603e-02
3.870000000000000000e+03 2.514145727222381499e+00 1.144653345591580863e-02
3.900000000000000000e+03 2.514075640348206520e+00 1.147804127711571712e-02
3.930000000000000000e+03 2.513686123595755717e+00 1.136177882454342952e-02
3.960000000000000000e+03 2.514511414847448556e+00 1.147937565647423261e-02
3.990000000000000000e+03 2.513818245412760444e+00 1.159972232964540800e-02
4.020000000000000000e+03 2.513340746993910191e+00 1.164620602716959913e-02
4.050000000000000000e+03 2.513774727965448541e+00 1.152505872982712010e-02
4.080000000000000000e+03 2.513154035559709953e+00 1.109740063575237294e-02
4.110000000000000000e+03 2.513231698256706448e+00 1.087927183900231666e-02
4.140000000000000000e+03 2.514324877957168969e+00 1.067179051908105289e-02
4.170000000000000000e+03 2.513380445965860410e+00 1.062876058831775140e-02
4.200000000000000000e+03 2.514380317642196605e+00 1.053734051726826909e-02
4.230000000000000000e+03 2.512821373999929886e+00 1.058291347274137838e-02
4.260000000000000000e+03 2.512815461808989514e+00 1.089435999840498645e-02
4.290000000000000000e+03 2.511354228984412629e+00 1.085317348615380019e-02
4.320000000000000000e+03 2.511630199606188274e+00 1.085009642095768716e-02
4.350000000000000000e+03 2.512300153386212820e+00 1.115555545484524409e-02
4.380000000000000000e+03 2.513057633472441932e+00 1.118713746045275209e-02
4.410000000000000000e+03 2.512594327969797980e+00 1.101557930424769925e-02
4.440000000000000000e+03 2.512959742645110239e+00 1.113170001318889574e-02
4.470000000000000000e+03 2.512442846760828630e+00 1.104477045813376593e-02
4.500000000000000000e+03 2.511284125901033448e+00 1.138241473149772393e-02
4.530000000000000000e+03 2.512204365472234358e+00 1.096280404977409417e-02
4.560000000000000000e+03 2.512132460983913962e+00 1.082830682011518171e-02
4.590000000000000000e+03 2.512627110299034516e+00 1.123632376644493301e-02
4.620000000000000000e+03 2.512861438683801296e+00 1.107982209643876975e-02
4.650000000000000000e+03 2.513471951943944571e+00 1.093620400775039726e-02
4.680000000000000000e+03 2.512178889861928166e+00 1.089856998639016084e-02
4.710000000000000000e+03 2.513340647632127833e+00 1.118701212358352848e-02
4.740000000000000000e+03 2.512817757955782660e+00 1.122614285514385302e-02
4.770000000000000000e+03 2.514197503470144479e+00 1.129499516407656175e-02
4.800000000000000000e+03 2.514867708491280496e+00 1.131252378252746785e-02
4.830000000000000000e+03 2.515750239995720783e+00 1.172135943070486130e-02
4.860000000000000000e+03 2.515970130199131294e+00 1.166809663399127374e-02
4.890000000000000000e+03 2.516199775597096178e+00 1.163921013204727815e-02
4.920000000000000000e+03 2.516091288134056914e+00 1.156733300118059637e-02
4.950000000000000000e+03 2.514765417390821156e+00 1.166829717179717132e-02
4.980000000000000000e+03 2.515976143484858429e+00 1.194584131514047666e-02
5.010000000000000000e+03 2.516841805092633777e+00 1.197826805267595586e-02
5.040000000000000000e+03 2.517261203908097933e+00 1.192801527726976459e-02
5.070000000000000000e+03 2.517347366435441991e+00 1.178078047022777450e-02
5.100000000000000000e+03 2.516731851264277786e+00 1.178621151050313932e-02
5.130000000000000000e+03 2.517690712574274237e+00 1.167513298907314583e-02
5.160000000000000000e+03 2.516982086077680592e+00 1.159083459412038955e-02
5.190000000000000000e+03 2.517115339760985115e+00 1.175839148704354957e-02
5.220000000000000000e+03 2.518620106855341767e+00 1.184145539185455648e-02
5.250000000000000000e+03 2.519346931098136011e+00 1.169308581555448569e-02
5.280000000000000000e+03 2.518350467906695922e+00 1.153462809604179767e-02
5.310000000000000000e+03 2.517872625776508944e+00 1.141853924108775405e-02
5.340000000000000000e+03 2.517024556804991597e+00 1.134647485689649349e-02
5.370000000000000000e+03 2.516385341047459701e+00 1.125209141805608160e-02
5.400000000000000000e+03 2.515447669449724977e+00 1.127489538289375669e-02
5.430000000000000000e+03 2.515638982559002645e+00 1.123816226437986641e-02
5.460000000000000000e+03 2.516242985635664731e+00 1.152174685192951763e-02
5.490000000000000000e+03 2.514766332907465873e+00 1.145549917478299803e-02
5.520000000000000000e+03 2.514216161028542285e+00 1.174144903653063544e-02
5.550000000000000000e+03 2.513674315793287928e+00 1.191946095413594538e-02
5.580000000000000000e+03 2.512686542163186765e+00 1.174410553749660226e-02
5.610000000000000000e+03 2.512575957158957429e+00 1.173967258275099464e-02
5.640000000000000000e+03 2.511343779905136575e+00 1.177506002895233744e-02
5.670000000000000000e+03 2.511472332376406769e+00 1.141564757894533190e-02
5.700000000000000000e+03 2.511138068234514353e+00 1.167429450369541176e-02
5.730000000000000000e+03 2.511093500360322306e+00 1.171151276507232525e-02
5.760000000000000000e+03 2.511905521172754341e+00 1.168452987798816040e-02
5.790000000000000000e+03 2.510836858820300055e+00 1.160691400085949593e-02
5.820000000000000000e+03 2.510645305668095961e+00 1.163803154157270169e-02
5.850000000000000000e+03 2.511371993626348331e+00 1.176593093973973825e-02
5.880000000000000000e+03 2.511979557528016382e+00 1.181275827352499565e-02
5.910000000000000000e+03 2.511963865319790212e+00 1.192581034812056559e-02
5.940000000000000000e+03 2.512407047015074113e+00 1.159158800857055735e-02
5.970000000000000000e+03 2.512397078269068995e+00 1.150462157979594002e-02
6.000000000000000000e+03 2.512317177491246056e+00 1.135304023458689505e-02
6.030000000000000000e+03 2.512200122866002694e+00 1.122097326478992303e-02
6.060000000000000000e+03 2.512389585735162356e+00 1.115879219334356930e-02
6.090000000000000000e+03 2.511473261356865105e+00 1.116569607001864292e-02
6.120000000000000000e+03 2.510899659825397645e+00 1.114463240439527575e-02
6.150000000000000000e+03 2.511225831905909089e+00 1.108917587608406613e-02
6.180000000000000000e+03 2.509924437810728381e+00 1.105578772626373586e-02
6.210000000000000000e+03 2.509604015179381697e+00 1.117465827268708523e-02
6.240000000000000000e+03 2.509691610139169082e+00 1.125199661374598308e-02
6.270000000000000000e+03 2.509938725191248832e+00 1.112725288374530504e-02
6.300000000000000000e+03 2.510626685676242698e+00 1.112842222241904565e-02
6.330000000000000000e+03 2.510186376752935544e+00 1.115877578172449168e-02
6.360000000000000000e+03 2.509667439939122335e+00 1.124357387801252009e-02
6.390000000000000000e+03 2.509310257352363127e+00 1.118273945084902535e-02
6.420000000000000000e+03 2.509681694646307637e+00 1.122710691136988639e-02
6.450000000000000000e+03 2.510380438062658204e+00 1.120283976465848499e-02
6.480000000000000000e+03 2.510463935855795636e+00 1.135359666774254754e-02
6.510000000000000000e+03 2.510654262587823204e+00 1.123629470723311319e-02
6.540000000000000000e+03 2.510933487076377091e+00 1.123206078044993068e-02
6.570000000000000000e+03 2.511317069303961258e+00 1.117535064695819244e-02
6.600000000000000000e+03 2.512541823011799291e+00 1.107190228499274620e-02
6.630000000000000000e+03 2.513117517760921515e+00 1.091549692282188858e-02
6.660000000000000000e+03 2.512768872546306209e+00 1.107414226773149706e-02
6.690000000000000000e+03 2.513185081451306591e+00 1.083628300157182291e-02
6.720000000000000000e+03 2.513864925218797008e+00 1.069545750784984574e-02
6.750000000000000000e+03 2.514355776513685026e+00 1.068598339607521042e-02
6.780000000000000000e+03 2.514160991871256190e+00 1.076581989165917470e-02
6.810000000000000000e+03 2.513551530930813183e+00 1.061692306017764792e-02
6.840000000000000000e+03 2.513361323602728792e+00 1.051161576562996067e-02
6.870000000000000000e+03 2.513108160864543805e+00 1.037626790592199519e-02
6.900000000000000000e+03 2.513443651967431247e+00 1.041734518447702020e-02
6.930000000000000000e+03 2.514652963758857496e+00 1.049485022740002070e-02
6.960000000000000000e+03 2.514659768455190569e+00 1.045910097372220252e-02
6.990000000000000000e+03 2.515016165123639347e+00 1.024361028085068494e-02
7.020000000000000000e+03 2.514877907636233978e+00 1.020578329756206826e-02
7.050000000000000000e+03 2.515328880851409821e+00 1.023650947794763760e-02
7.080000000000000000e+03 2.515457185576324584e+00 1.023782986687807144e-02
7.110000000000000000e+03 2.514893206086928679e+00 1.039833270784488485e-02
7.140000000000000000e+03 2.514279859295035280e+00 1.021226611222705860e-02
7.170000000000000000e+03 2.514124569399131204e+00 9.912682827332182714e-03
7.200000000000000000e+03 2.514556101126789844e+00 9.767431735101639312e-03
7.230000000000000000e+03 2.513708656675981867e+00 9.795365690580102105e-03
7.260000000000000000e+03 2.513703652774825770e+00 9.711269451864346092e-03
7.290000000000000000e+03 2.513274444364951066e+00 9.779252314705449631e-03
7.320000000000000000e+03 2.512747767730459714e+00 9.879794605260075469e-03
7.350000000000000000e+03 2.512998545607292744e+00 9.878080289551258858e-03
7.380000000000000000e+03 2.512711292499230975e+00 9.701785276216005893e-03
7.410000000000000000e+03 2.512951385193753051e+00 9.449061518811956856e-03
7.440000000000000000e+03 2.511963866745409391e+00 9.086679840045099737e-03
7.470000000000000000e+03 2.511288951802829406e+00 8.972499491277985406e-03
7.500000000000000000e+03 2.510658127516206761e+00 8.938111541454506551e-03
7.530000000000000000e+03 2.509625206960861998e+00 8.741692497747153082e-03
7.560000000000000000e+03 2.510021790842884570e+00 8.890940552356485158e-03
7.590000000000000000e+03 2.509893915221788507e+00 8.932709987907473323e-03
7.620000000000000000e+03 2.509341241345489859e+00 8.893053096650461661e-03
7.650000000000000000e+03 2.509173373179028665e+00 8.575237489023704654e-03
7.680000000000000000e+03 2.508482688065440946e+00 8.491280621159578990e-03
7.710000000000000000e+03 2.508644503071063792e+00 8.463632587902428575e-03
7.740000000000000000e+03 2.509356881136897588e+00 8.495554437406778112e-03
7.770000000000000000e+03 2.509240592124030833e+00 8.405767096146432582e-03
7.800000000000000000e+03 2.508606186404580107e+00 8.482552960215427110e-03
7.830000000000000000e+03 2.508604415872016880e+00 8.298607110871962164e-03
7.860000000000000000e+03 2.508009601078800888e+00 8.232022077603517660e-03
7.890000000000000000e+03 2.507951308005297530e+00 8.344593806816128639e-03
7.920000000000000000e+03 2.507516958237581139e+00 8.202633688728065003e-03
7.950000000000000000e+03 2.508366588077003634e+00 8.359494528244738182e-03
7.980000000000000000e+03 2.508989157119820401e+00 8.517609244432842661e-03
8.010000000000000000e+03 2.508839170003605012e+00 8.693626367096968580e-03
8.040000000000000000e+03 2.509533184587580124e+00 8.941270416077107958e-03
8.070000000000000000e+03 2.509375748252884453e+00 8.962369819308455693e-03
8.100000000000000000e+03 2.509216274669301860e+00 8.877577435833344452e-03
8.130000000000000000e+03 2.508908176776455168e+00 8.837058892500400040e-03
8.160000000000000000e+03 2.509027116490137210e+00 8.954421572314290312e-03
8.190000000000000000e+03 2.508781145814655833e+00 8.958359824874247840e-03
8.220000000000000000e+03 2.509203969958804237e+00 8.960577004857986361e-03
8.250000000000000000e+03 2.508697009716778670e+00 8.761377255316275814e-03
8.280000000000000000e+03 2.508458743317643069e+00 8.855244562874738101e-03
8.310000000000000000e+03 2.508061513003168930e+00 8.834267378155544886e-03
8.340000000000000000e+03 2.507450544712205076e+00 8.866597414876125141e-03
8.370000000000000000e+03 2.507636517138882581e+00 8.733601505938095796e-03
8.400000000000000000e+03 2.506850675990990762e+00 8.733215337866331168e-03
8.430000000000000000e+03 2.506529402509826365e+00 8.603586316485421076e-03
8.460000000000000000e+03 2.506040808565403566e+00 8.695606440034354262e-03
8.490000000000000000e+03 2.505575250912440044e+00 8.802826432440241308e-03
8.520000000000000000e+03 2.506169235276825003e+00 8.774371313948984424e-03
8.550000000000000000e+03 2.506094290071415820e+00 8.879165920095792586e-03
8.580000000000000000e+03 2.505682125536575100e+00 8.919437631812618394e-03
8.610000000000000000e+03 2.505703374277008511e+00 8.838832447294390354e-03
8.640000000000000000e+03 2.505389717466110611e+00 8.877588523352242245e-03
8.670000000000000000e+03 2.504995054497497264e+00 8.888723218825729522e-03
8.700000000000000000e+03 2.505260096299902539e+00 8.730999398173951848e-03
8.730000000000000000e+03 2.504487417184131814e+00 8.812423959863199124e-03
8.760000000000000000e+03 2.503923876281819449e+00 8.804419320719370293e-03
8.790000000000000000e+03 2.503570151911916675e+00 8.615060497016867672e-03
8.820000000000000000e+03 2.503462899525761731e+00 8.544071317517675651e-03
8.850000000000000000e+03 2.503434548764636780e+00 8.626124733369103931e-03
8.880000000000000000e+03 2.504073634190636000e+00 8.795445264765966789e-03
8.910000000000000000e+03 2.503675506244082083e+00 8.689017918637655796e-03
8.940000000000000000e+03 2.503664027850303953e+00 8.636454662533840296e-03
8.970000000000000000e+03 2.503801553170230232e+00 8.432783604097760649e-03
9.000000000000000000e+03 2.504025153320938557e+00 8.397587171991540561e-03
9.030000000000000000e+03 2.504620823151127773e+00 8.443796699739075651e-03
9.060000000000000000e+03 2.504605013831762594e+00 8.447491312551227635e-03
9.090000000000000000e+03 2.504697957842390021e+00 8.492123317063862004e-03
9.120000000000000000e+03 2.504234907964741463e+00 8.445785012336325462e-03
9.150000000000000000e+03 2.503885215196296699e+00 8.403631479761161302e-03
9.180000000000000000e+03 2.503991180308803077e+00 8.366239089938599244e-03
9.210000000000000000e+03 2.503748680015674744e+00 8.315002291044589627e-03
9.240000000000000000e+03 2.503684991645344748e+00 8.352267139940848864e-03
9.270000000000000000e+03 2.504028356503450681e+00 8.355874349225042227e-03
9.300000000000000000e+03 2.504370264146622560e+00 8.331630231052839647e-03
9.330000000000000000e+03 2.504513932276126287e+00 8.344635683038240104e-03
9.360000000000000000e+03 2.504522428204089213e+00 8.279138214884722985e-03
9.390000000000000000e+03 2.505058006827444395e+00 8.305916697720655550e-03
9.420000000000000000e+03 2.504450695712172603e+00 8.278053942785299976e-03
9.450000000000000000e+03 2.504119946201686542e+00 8.329327507496866664e-03
9.480000000000000000e+03 2.504315093677871307e+00 8.464888635289042132e-03
9.510000000000000000e+03 2.505166420652769066e+00 8.326015625321961725e-03
9.540000000000000000e+03 2.504918633521285631e+00 8.235504834470962210e-03
9.570000000000000000e+03 2.505170750725287832e+00 8.192073220143116646e-03
9.600000000000000000e+03 2.505334482730734447e+00 8.076623414518558156e-03
9.630000000000000000e+03 2.505530524286537997e+00 7.915503177791560069e-03
9.660000000000000000e+03 2.505668799414843662e+00 7.878004417019067798e-03
9.690000000000000000e+03 2.505572692322335371e+00 7.991486388924056924e-03
9.720000000000000000e+03 2.505276634310829476e+00 8.102254596019441840e-03
9.750000000000000000e+03 2.504945824107959851e+00 8.072509818354892813e-03
9.780000000000000000e+03 2.505480573347607987e+00 8.052743013795654950e-03
9.810000000000000000e+03 2.505945594702973178e+00 7.936980349907659868e-03
9.840000000000000000e+03 2.506144172829094963e+00 8.056354910188551210e-03
9.870000000000000000e+03 2.506432123614951379e+00 8.131688470641310409e-03
9.900000000000000000e+03 2.507031776876782025e+00 7.959400970638574879e-03
9.930000000000000000e+03 2.507827299227093576e+00 7.831549508626226355e-03
9.960000000000000000e+03 2.507888718877271828e+00 7.897943230360717631e-03
9.990000000000000000e+03 2.508140988210679989e+00 7.911294594185373785e-03
1.002000000000000000e+04 2.507585722766669356e+00 7.872117052285878408e-03
1.005000000000000000e+04 2.507575494562675811e+00 7.963609701069922567e-03
1.008000000000000000e+04 2.507737141195738317e+00 7.963938265748132100e-03
1.011000000000000000e+04 2.508000332400776244e+00 8.047934764400375973e-03
1.014000000000000000e+04 2.508141038145847990e+00 8.111138130285272529e-03
1.017000000000000000e+04 2.507803577258186589e+00 8.054644425275729255e-03
1.020000000000000000e+04 2.507984585080512918e+00 7.979370485909412919e-03
1.023000000000000000e+04 2.507727017076907927e+00 7.936650400645778661e-03
1.026000000000000000e+04 2.507438999564886473e+00 7.937868308519642827e-03
1.029000000000000000e+04 2.506516004672457498e+00 7.823722465999776929e-03
1.032000000000000000e+04 2.506408568513600610e+00 7.820353385242038297e-03
1.035000000000000000e+04 2.506479871563977113e+00 7.868500971242857467e-03
1.038000000000000000e+04 2.505859138276578690e+00 7.864641395875971233e-03
1.041000000000000000e+04 2.505056259376308603e+00 7.709250780258033488e-03
1.044000000000000000e+04 2.505449272308077013e+00 7.865324230391690027e-03
1.047000000000000000e+04 2.505762183636130569e+00 7.661850102008052610e-03
1.050000000000000000e+04 2.505678274475310552e+00 7.774570669783988433e-03
1.053000000000000000e+04 2.505339997405064079e+00 7.757905720916546781e-03
1.056000000000000000e+04 2.505032816608454116e+00 7.626681253839084039e-03
1.059000000000000000e+04 2.505243249196405397e+00 7.628220190957503075e-03
1.062000000000000000e+04 2.504353602941273849e+00 7.642649579926028697e-03
1.065000000000000000e+04 2.503987959873725355e+00 7.573540747369845831e-03
1.068000000000000000e+04 2.503696629176892507e+00 7.663869105658902871e-03
1.071000000000000000e+04 2.503498000461273243e+00 7.616258398610880297e-03
1.074000000000000000e+04 2.503712541116855039e+00 7.582750211372208879e-03
1.077000000000000000e+04 2.503510255299095988e+00 7.592165998142384395e-03
1.080000000000000000e+04 2.503904373927846372e+00 7.585409275780416287e-03
1.083000000000000000e+04 2.503982294006694254e+00 7.428267886530826730e-03
1.086000000000000000e+04 2.503986164830056538e+00 7.405027238371567067e-03
1.089000000000000000e+04 2.503973451190098842e+00 7.316692481846693262e-03
1.092000000000000000e+04 2.503870623191953637e+00 7.387304759793304580e-03
1.095000000000000000e+04 2.504324320002064841e+00 7.369904948808144937e-03
1.098000000000000000e+04 2.504676678295530756e+00 7.278585425290159602e-03
1.101000000000000000e+04 2.505407928263894579e+00 7.094088922348464228e-03
1.104000000000000000e+04 2.505330854047751910e+00 7.012742552603010854e-03
1.107000000000000000e+04 2.506055724012539176e+00 6.968403788742421820e-03
1.110000000000000000e+04 2.506312092872413189e+00 7.087155817079945734e-03
1.113000000000000000e+04 2.506530655428908627e+00 7.175841635533934150e-03
1.116000000000000000e+04 2.506564441955975386e+00 7.107211865779783366e-03
1.119000000000000000e+04 2.506848365053534700e+00 7.195777054133361411e-03
1.122000000000000000e+04 2.506013277010622264e+00 7.138151029558659037e-03
1.125000000000000000e+04 2.505561617868722557e+00 7.021135327816099315e-03
1.128000000000000000e+04 2.505559641237504298e+00 6.971636881397183343e-03
1.131000000000000000e+04 2.505845505745855295e+00 6.999603179366284920e-03
1.134000000000000000e+04 2.505851870831004025e+00 6.888849182696504467e-03
1.137000000000000000e+04 2.505648516333466080e+00 6.841323775290045553e-03
1.140000000000000000e+04 2.505867037548124010e+00 6.938027332084832979e-03
1.143000000000000000e+04 2.505662351386855669e+00 6.960378750364172411e-03
1.146000000000000000e+04 2.506106750892856727e+00 7.043546334604203207e-03
1.149000000000000000e+04 2.506172869509020185e+00 6.901434770706931995e-03
1.152000000000000000e+04 2.505407848396331350e+00 6.891292970055447678e-03
1.155000000000000000e+04 2.505153890486074619e+00 6.754478054737621077e-03
1.158000000000000000e+04 2.505333232171853552e+00 6.757278686800742389e-03
1.161000000000000000e+04 2.504811008905660330e+00 6.709327306102941778e-03
1.164000000000000000e+04 2.504882628878198680e+00 6.592053120316070970e-03
1.167000000000000000e+04 2.504819850965712913e+00 6.540059270873171092e-03
1.170000000000000000e+04 2.504908769676532199e+00 6.600607832989741942e-03
1.173000000000000000e+04 2.504218304894183955e+00 6.703753682060210189e-03
1.176000000000000000e+04 2.504130744214207116e+00 6.801092912696121706e-03
1.179000000000000000e+04 2.504050603311383405e+00 6.780993844029237043e-03
1.182000000000000000e+04 2.503947990460590134e+00 6.834742149352481325e-03
1.185000000000000000e+04 2.504410749495975974e+00 6.684667925203018404e-03
1.188000000000000000e+04 2.504913369011201318e+00 6.657150198761913745e-03
1.191000000000000000e+04 2.504627413680641457e+00 6.501207381924172142e-03
1.194000000000000000e+04 2.504494252137067445e+00 6.484358266089219197e-03
1.197000000000000000e+04 2.504886172504210862e+00 6.531529972239965079e-03
1.200000000000000000e+04 2.504863882357486915e+00 6.536407211397085755e-03
1.203000000000000000e+04 2.504416407907343878e+00 6.578330800894833380e-03
1.206000000000000000e+04 2.504047459260014374e+00 6.580638163908485508e-03
1.209000000000000000e+04 2.503957869817838855e+00 6.679585751301946039e-03
1.212000000000000000e+04 2.503517270874929590e+00 6.676353778854477762e-03
1.215000000000000000e+04 2.503327034112691862e+00 6.596672104957618590e-03
1.218000000000000000e+04 2.502890930860425467e+00 6.531271988631064118e-03
1.221000000000000000e+04 2.502806662905365798e+00 6.434239743163775761e-03
1.224000000000000000e+04 2.503053046697336637e+00 6.359054297805057793e-03
1.227000000000000000e+04 2.503126123484696652e+00 6.378878939006253114e-03
1.230000000000000000e+04 2.503140561190858815e+00 6.483854581884171756e-03
1.233000000000000000e+04 2.503232742710941316e+00 6.392272058330911340e-03
1.236000000000000000e+04 2.503386556808560037e+00 6.356937465061526620e-03
1.239000000000000000e+04 2.503444582364932725e+00 6.276609307626389474e-03
1.242000000000000000e+04 2.503189448348937418e+00 6.245543925080383058e-03
1.245000000000000000e+04 2.502823855190947189e+00 6.211269064343105661e-03
1.248000000000000000e+04 2.503236460046321721e+00 6.255163548276036767e-03
1.251000000000000000e+04 2.503098999806703251e+00 6.271115700810713130e-03
1.254000000000000000e+04 2.502768452948942457e+00 6.285912635654569182e-03
1.257000000000000000e+04 2.502755948170552802e+00 6.338381427498407036e-03
1.260000000000000000e+04 2.502621901563461648e+00 6.283527150460106736e-03
1.263000000000000000e+04 2.502590020248261382e+00 6.191423458051088964e-03
1.266000000000000000e+04 2.503074796563311111e+00 6.221656819730288744e-03
1.269000000000000000e+04 2.502871671136664755e+00 6.232672166708589506e-03
1.272000000000000000e+04 2.503007761460037450e+00 6.216483700652254175e-03
1.275000000000000000e+04 2.502694842997063684e+00 6.187281434213614054e-03
1.278000000000000000e+04 2.502768452908355812e+00 6.274721772142050416e-03
1.281000000000000000e+04 2.502605764849026748e+00 6.346822256084641567e-03
1.284000000000000000e+04 2.502354361239071956e+00 6.450648883598556101e-03
1.287000000000000000e+04 2.502852142357486098e+00 6.441457024504352799e-03
1.290000000000000000e+04 2.502700404106268817e+00 6.383814038093989576e-03
1.293000000000000000e+04 2.502992661678112185e+00 6.336386468843366315e-03
1.296000000000000000e+04 2.503063273742718753e+00 6.250650471697567247e-03
1.299000000000000000e+04 2.503504674792130125e+00 6.309799443674864693e-03
1.302000000000000000e+04 2.503563352822188115e+00 6.290010320186708269e-03
1.305000000000000000e+04 2.503567123133845662e+00 6.418653286408359561e-03
1.308000000000000000e+04 2.503709280913361201e+00 6.409099972567353608e-03
1.311000000000000000e+04 2.503336483097391874e+00 6.340805322282243132e-03
1.314000000000000000e+04 2.502995529005977993e+00 6.334921751664868671e-03
1.317000000000000000e+04 2.502821494050911699e+00 6.353615556104913811e-03
1.320000000000000000e+04 2.502927072015948884e+00 6.335103256488630596e-03
1.323000000000000000e+04 2.502929576705990922e+00 6.268687536847654222e-03
1.326000000000000000e+04 2.502458679566717414e+00 6.328583373640661418e-03
1.329000000000000000e+04 2.502838592479232460e+00 6.337894146351982783e-03
1.332000000000000000e+04 2.502998255807990624e+00 6.394992430984148928e-03
1.335000000000000000e+04 2.503229734637087311e+00 6.476748040990481028e-03
1.338000000000000000e+04 2.502684518680855064e+00 6.535521098469340186e-03
1.341000000000000000e+04 2.502513878755072696e+00 6.572142460809539399e-03
1.344000000000000000e+04 2.502460940807681666e+00 6.603511650998561758e-03
1.347000000000000000e+04 2.502464854435364483e+00 6.553069323340097660e-03
1.350000000000000000e+04 2.503105779799365216e+00 6.452875329565084701e-03
1.353000000000000000e+04 2.503736761858660564e+00 6.441033081598734368e-03
1.356000000000000000e+04 2.503788784931556322e+00 6.432763320785528545e-03
1.359000000000000000e+04 2.503313655016499606e+00 6.511581485224957229e-03
1.362000000000000000e+04 2.503313836494493128e+00 6.516040976655479433e-03
1.365000000000000000e+04 2.503548865480756280e+00 6.493403001040555685e-03
1.368000000000000000e+04 2.503859923591500447e+00 6.565504779823804274e-03
1.371000000000000000e+04 2.503156858811344865e+00 6.572025258160391938e-03
1.374000000000000000e+04 2.503027430477973603e+00 6.586555008327876597e-03
1.377000000000000000e+04 2.503044609216866334e+00 6.597814221080608270e-03
1.380000000000000000e+04 2.502887530575376385e+00 6.556523793406651875e-03
1.383000000000000000e+04 2.502596564357146836e+00 6.437100907451911644e-03
1.386000000000000000e+04 2.502474675611342292e+00 6.458676505677147725e-03
1.389000000000000000e+04 2.502148086168940910e+00 6.390632604873798008e-03
1.392000000000000000e+04 2.502575653060261196e+00 6.266839272456749613e-03
1.395000000000000000e+04 2.502633004745232981e+00 6.240495319019784097e-03
1.398000000000000000e+04 2.502387239248832884e+00 6.246138634324409876e-03
1.401000000000000000e+04 2.502485431871686927e+00 6.307143232261369289e-03
1.404000000000000000e+04 2.503225817387815688e+00 6.317092827361247068e-03
1.407000000000000000e+04 2.503129626154589005e+00 6.358134880693079756e-03
1.410000000000000000e+04 2.503069226574244244e+00 6.363293618389068151e-03
1.413000000000000000e+04 2.502970607198775621e+00 6.347713227078360942e-03
1.416000000000000000e+04 2.503105557089148281e+00 6.346756276925901753e-03
1.419000000000000000e+04 2.502586120999283015e+00 6.257875608151833996e-03
1.422000000000000000e+04 2.502550195399260602e+00 6.284428118647088571e-03
1.425000000000000000e+04 2.502528747980062640e+00 6.222164935223449544e-03
1.428000000000000000e+04 2.502199607300972239e+00 6.247668276309049050e-03
1.431000000000000000e+04 2.502200146634225852e+00 6.227594171647454421e-03
1.434000000000000000e+04 2.502146031930839065e+00 6.295810328311645006e-03
1.437000000000000000e+04 2.502117499987512872e+00 6.288058501409211042e-03
1.440000000000000000e+04 2.501799135611365354e+00 6.237762068841646787e-03
1.443000000000000000e+04 2.501956785292814178e+00 6.238437373672174255e-03
1.446000000000000000e+04 2.501210431114083033e+00 6.264330179400793078e-03
1.449000000000000000e+04 2.501505804896548835e+00 6.254550892393296625e-03
1.452000000000000000e+04 2.501440373834280084e+00 6.187116740430384856e-03
1.455000000000000000e+04 2.501451432600273694e+00 6.237482033048073748e-03
1.458000000000000000e+04 2.501347647544276409e+00 6.274788063343822268e-03
1.461000000000000000e+04 2.501310726321290367e+00 6.281899455210204243e-03
1.464000000000000000e+04 2.501689753431578289e+00 6.248772565638086376e-03
1.467000000000000000e+04 2.501459147255966631e+00 6.297648971707912359e-03
1.470000000000000000e+04 2.501421000185228394e+00 6.194896104804324156e-03
1.473000000000000000e+04 2.501034482222449284e+00 6.085154156787287751e-03
1.476000000000000000e+04 2.501179831205073700e+00 5.990453175598926643e-03
1.479000000000000000e+04 2.500726461495074382e+00 5.947118578333101396e-03
1.482000000000000000e+04 2.500839444953792956e+00 5.915775563432633735e-03
1.485000000000000000e+04 2.500739406467896497e+00 5.917583054899997440e-03
1.488000000000000000e+04 2.500554517122204778e+00 5.847536421850044880e-03
1.491000000000000000e+04 2.500308039264118154e+00 5.975383047088486665e-03
1.494000000000000000e+04 2.500455687730815946e+00 6.026328023062225807e-03
1.497000000000000000e+04 2.500607085020507103e+00 6.035597041191533008e-03
1.500000000000000000e+04 2.500509708522636210e+00 6.029999645559251317e-03
