# # n, sigma
3.000000000000000000e+01 3.581240527609057978e+00 9.507891726235340180e-02
6.000000000000000000e+01 2.303879243971535651e+00 1.278034136566414403e-01
9.000000000000000000e+01 2.547415310389397280e+00 9.671301997230842551e-02
1.200000000000000000e+02 2.518041156489952304e+00 9.922488674675383757e-02
1.500000000000000000e+02 3.327141030096211871e+00 1.252539339981081912e-01
1.800000000000000000e+02 2.525222677658449655e+00 8.264873532897545894e-02
2.100000000000000000e+02 2.537873097802187949e+00 7.256675693433531360e-02
2.400000000000000000e+02 2.530354026978715698e+00 5.368078095137441413e-02
2.700000000000000000e+02 2.535453563478812455e+00 4.802640681550264523e-02
3.000000000000000000e+02 2.533786185062261165e+00 3.980289735913430244e-02
3.300000000000000000e+02 2.523670540914590088e+00 3.489851029129507204e-02
3.600000000000000000e+02 2.524482101416322788e+00 3.173563512207019932e-02
3.900000000000000000e+02 2.524278871118536216e+00 3.419248178549473549e-02
4.200000000000000000e+02 2.521688007426917455e+00 3.283474364567018355e-02
4.500000000000000000e+02 2.519953325802209765e+00 3.335370491511017305e-02
4.800000000000000000e+02 2.522975753830219769e+00 3.682117292037818956e-02
5.100000000000000000e+02 2.520928286042698474e+00 3.692472847243356837e-02
5.400000000000000000e+02 2.523582205722657346e+00 3.320193359237983560e-02
5.700000000000000000e+02 2.520430739726635228e+00 3.106929678696711966e-02
6.000000000000000000e+02 2.531859902947943386e+00 3.168185024904678765e-02
6.300000000000000000e+02 2.532217096805342127e+00 3.028485618648268929e-02
6.600000000000000000e+02 2.528410234532372680e+00 3.000020512228701586e-02
6.900000000000000000e+02 2.530495130775485713e+00 2.917527697359331706e-02
7.200000000000000000e+02 2.526381649048412115e+00 2.965652783108071316e-02
7.500000000000000000e+02 2.523501541484858279e+00 2.915448536475885241e-02
7.800000000000000000e+02 2.521937576625642219e+00 2.938994431993070464e-02
8.100000000000000000e+02 2.524189759457102333e+00 2.865558189474333786e-02
8.400000000000000000e+02 2.529502350668471511e+00 2.851040405149246962e-02
8.700000000000000000e+02 2.524765002960177807e+00 2.896383719307980137e-02
9.000000000000000000e+02 2.523009478625604540e+00 2.767208147981855063e-02
9.300000000000000000e+02 2.524081511876759443e+00 2.765609485577461002e-02
9.600000000000000000e+02 2.529958029458527768e+00 2.588157735200827259e-02
9.900000000000000000e+02 2.527195693204391524e+00 2.565674603098198198e-02
1.020000000000000000e+03 2.529255186576456094e+00 2.446185905244609507e-02
1.050000000000000000e+03 2.530394474600745625e+00 2.378994702370244504e-02
1.080000000000000000e+03 2.527832433005120727e+00 2.121536983674459156e-02
1.110000000000000000e+03 2.528248879743322242e+00 2.165914201149225435e-02
1.140000000000000000e+03 2.530498603707480143e+00 2.119374862104076926e-02
1.170000000000000000e+03 2.528752912292536958e+00 2.106601932025259014e-02
1.200000000000000000e+03 2.527067182602064310e+00 2.153383865453657731e-02
1.230000000000000000e+03 2.528196570151020062e+00 2.160574283870247275e-02
1.260000000000000000e+03 2.526831105228189323e+00 2.160496917335134187e-02
1.290000000000000000e+03 2.522684673238224207e+00 2.098629635407108993e-02
1.320000000000000000e+03 2.519224331182436494e+00 1.983524520683632025e-02
1.350000000000000000e+03 2.521779156366233288e+00 2.016150446135930169e-02
1.380000000000000000e+03 2.519921884321612460e+00 1.971864502187638951e-02
1.410000000000000000e+03 2.517281577814776128e+00 1.837205345275762583e-02
1.440000000000000000e+03 2.520101842579428819e+00 1.821194636307409132e-02
1.470000000000000000e+03 2.521277662628393479e+00 1.834855767764344281e-02
1.500000000000000000e+03 2.523511857807714698e+00 1.763782912401638120e-02
1.530000000000000000e+03 2.525028574549525118e+00 1.869555980929081193e-02
1.560000000000000000e+03 2.524253737195892633e+00 1.954864305153219961e-02
1.590000000000000000e+03 2.527709884413377850e+00 1.987958067594492242e-02
1.620000000000000000e+03 2.529915866046051232e+00 1.879387808010849273e-02
1.650000000000000000e+03 2.528619380578926990e+00 1.860906730064514070e-02
1.680000000000000000e+03 2.527680939358429857e+00 1.943346478257157797e-02
1.710000000000000000e+03 2.527749354736500198e+00 1.904808593348693985e-02
1.740000000000000000e+03 2.527491969670948802e+00 1.974084085728057894e-02
1.770000000000000000e+03 2.527681157950530721e+00 1.955099562842167391e-02
1.800000000000000000e+03 2.524716556693782810e+00 1.857557995250328636e-02
1.830000000000000000e+03 2.521662879026330462e+00 1.867075767480639789e-02
1.860000000000000000e+03 2.521725867161133117e+00 1.878245112654167506e-02
1.890000000000000000e+03 2.522287348666222950e+00 1.859174958997078866e-02
1.920000000000000000e+03 2.521859366144767467e+00 1.825170335626501508e-02
1.950000000000000000e+03 2.521979741184150026e+00 1.783985471278681442e-02
1.980000000000000000e+03 2.519098857352017884e+00 1.840659913643847082e-02
2.010000000000000000e+03 2.517491211636363246e+00 1.790940423150979774e-02
2.040000000000000000e+03 2.518280480100368646e+00 1.803462773850047704e-02
2.070000000000000000e+03 2.517084541258830743e+00 1.816433036898195547e-02
2.100000000000000000e+03 2.516771866391048995e+00 1.846866516626212082e-02
2.130000000000000000e+03 2.516948569664996249e+00 1.815633403038545077e-02
2.160000000000000000e+03 2.513832242903296876e+00 1.774762120665636725e-02
2.190000000000000000e+03 2.514090130479797569e+00 1.768452316798044613e-02
2.220000000000000000e+03 2.513817336357397902e+00 1.789948565963125210e-02
2.250000000000000000e+03 2.513037394353253795e+00 1.675641880357704727e-02
2.280000000000000000e+03 2.511566219826178781e+00 1.674573009495806258e-02
2.310000000000000000e+03 2.510179489484636317e+00 1.660899411760083377e-02
2.340000000000000000e+03 2.508635471022027108e+00 1.622683806920364666e-02
2.370000000000000000e+03 2.509520834021329971e+00 1.581794585778801762e-02
2.400000000000000000e+03 2.507900534192392783e+00 1.647006473485251518e-02
2.430000000000000000e+03 2.508630019941322953e+00 1.651225490232532608e-02
2.460000000000000000e+03 2.507300151207637384e+00 1.656275363050950869e-02
2.490000000000000000e+03 2.506895341129826704e+00 1.666953533927292494e-02
2.520000000000000000e+03 2.505506344267073970e+00 1.614894743794851456e-02
2.550000000000000000e+03 2.506189149764264545e+00 1.616997995888383791e-02
2.580000000000000000e+03 2.505513685843008265e+00 1.628203245009235758e-02
2.610000000000000000e+03 2.504233898141122960e+00 1.630613860374524604e-02
2.640000000000000000e+03 2.504014333758610267e+00 1.608863015463140103e-02
2.670000000000000000e+03 2.500712848010857581e+00 1.585806378715200193e-02
2.700000000000000000e+03 2.498276114019813754e+00 1.601062401209982222e-02
2.730000000000000000e+03 2.498541108685107925e+00 1.588217318198137384e-02
2.760000000000000000e+03 2.499419890987636617e+00 1.606203378304070853e-02
2.790000000000000000e+03 2.498912401049460552e+00 1.607356943236430691e-02
2.820000000000000000e+03 2.502346163656702593e+00 1.621139776670661031e-02
2.850000000000000000e+03 2.501630910259598384e+00 1.596669100657667137e-02
2.880000000000000000e+03 2.502795529484837633e+00 1.550478207490198039e-02
2.910000000000000000e+03 2.502965649811486504e+00 1.511382239751334934e-02
2.940000000000000000e+03 2.504037598757976824e+00 1.513224447053489879e-02
2.970000000000000000e+03 2.504748267695033448e+00 1.498229117956299122e-02
3.000000000000000000e+03 2.504940752464706932e+00 1.461084961330323846e-02
3.030000000000000000e+03 2.502523638656267480e+00 1.426636971388787860e-02
3.060000000000000000e+03 2.503110582241082849e+00 1.396184643600687468e-02
3.090000000000000000e+03 2.503084868322560830e+00 1.398624079469791733e-02
3.120000000000000000e+03 2.501992010577706704e+00 1.351967715104349620e-02
3.150000000000000000e+03 2.503667654615517435e+00 1.351128702829765445e-02
3.180000000000000000e+03 2.502855701087634888e+00 1.361110531753989723e-02
3.210000000000000000e+03 2.502854327995361672e+00 1.361060902111723911e-02
3.240000000000000000e+03 2.503714730757989670e+00 1.297464595467337327e-02
3.270000000000000000e+03 2.502706275615745657e+00 1.324965988519364105e-02
3.300000000000000000e+03 2.502240261551308631e+00 1.321779802032697730e-02
3.330000000000000000e+03 2.501801712961127411e+00 1.323203727598352454e-02
3.360000000000000000e+03 2.500564165013750451e+00 1.288585133591963611e-02
3.390000000000000000e+03 2.501484316837180533e+00 1.290959525920041574e-02
3.420000000000000000e+03 2.499165215952958707e+00 1.268151365844084541e-02
3.450000000000000000e+03 2.499705849177304984e+00 1.261863890084584904e-02
3.480000000000000000e+03 2.500538509476005533e+00 1.230582255739681545e-02
3.510000000000000000e+03 2.499601260384827661e+00 1.239575596704345015e-02
3.540000000000000000e+03 2.501486131552546066e+00 1.206850891080010410e-02
3.570000000000000000e+03 2.502765016154092415e+00 1.165641162953826374e-02
3.600000000000000000e+03 2.504015914606540161e+00 1.128848733959335153e-02
3.630000000000000000e+03 2.504713552540095645e+00 1.147302903058193720e-02
3.660000000000000000e+03 2.502932221898042986e+00 1.169927159843096344e-02
3.690000000000000000e+03 2.503362720520693863e+00 1.176309125590798907e-02
3.720000000000000000e+03 2.505720415227766118e+00 1.157834120476942258e-02
3.750000000000000000e+03 2.505969575768932422e+00 1.183178869642841774e-02
3.780000000000000000e+03 2.507438131551893878e+00 1.177658071711866830e-02
3.810000000000000000e+03 2.507220187343242479e+00 1.142169533676614702e-02
3.840000000000000000e+03 2.507937967088194942e+00 1.120262626674606299e-02
3.870000000000000000e+03 2.506838724842454180e+00 1.156531402084147800e-02
3.900000000000000000e+03 2.506292916531115633e+00 1.147858811189017558e-02
3.930000000000000000e+03 2.507146393134083606e+00 1.158121447376695215e-02
3.960000000000000000e+03 2.507222473985476707e+00 1.159865614282965841e-02
3.990000000000000000e+03 2.507458882465186001e+00 1.158552811801965947e-02
4.020000000000000000e+03 2.506836034728808560e+00 1.151396615391883128e-02
4.050000000000000000e+03 2.507075457912240068e+00 1.147370811971668882e-02
4.080000000000000000e+03 2.506394332369270561e+00 1.157047061625260734e-02
4.110000000000000000e+03 2.506936044606904002e+00 1.135607994743223839e-02
4.140000000000000000e+03 2.506507864649678119e+00 1.126082996997747505e-02
4.170000000000000000e+03 2.505866732872061853e+00 1.098335818243808583e-02
4.200000000000000000e+03 2.505520838412728324e+00 1.093810213434877159e-02
4.230000000000000000e+03 2.505408381953895258e+00 1.063346944832129805e-02
4.260000000000000000e+03 2.506917465656020028e+00 1.054325590292918766e-02
4.290000000000000000e+03 2.506964695152917866e+00 1.070773273536755436e-02
4.320000000000000000e+03 2.506430646343786428e+00 1.056779413321975135e-02
4.350000000000000000e+03 2.505393594139899704e+00 1.039611257578037552e-02
4.380000000000000000e+03 2.505770493003052657e+00 1.015969042649111920e-02
4.410000000000000000e+03 2.505867119679912935e+00 9.921860706180474568e-03
4.440000000000000000e+03 2.507254777167147175e+00 9.961547093196462116e-03
4.470000000000000000e+03 2.507557920373244542e+00 9.935388009205089674e-03
4.500000000000000000e+03 2.507903262008928991e+00 1.009082053826810925e-02
4.530000000000000000e+03 2.507710710098645990e+00 9.654944827552757597e-03
4.560000000000000000e+03 2.508012051681798305e+00 9.807470742313244283e-03
4.590000000000000000e+03 2.508532237214185834e+00 9.715318044606761558e-03
4.620000000000000000e+03 2.506959277834130528e+00 9.384713473653683372e-03
4.650000000000000000e+03 2.507982367100915599e+00 9.223580550524957539e-03
4.680000000000000000e+03 2.508119426422796838e+00 9.281355792119522566e-03
4.710000000000000000e+03 2.507439017464091702e+00 9.310448301381862857e-03
4.740000000000000000e+03 2.506688826392629910e+00 9.337239674568719242e-03
4.770000000000000000e+03 2.507802787513535581e+00 9.527931532141976217e-03
4.800000000000000000e+03 2.508129880856451610e+00 9.581163965318434741e-03
4.830000000000000000e+03 2.507204948935959354e+00 9.448543374613593837e-03
4.860000000000000000e+03 2.507153903941919282e+00 9.578573555708512141e-03
4.890000000000000000e+03 2.506585340667459416e+00 9.562841565014681619e-03
4.920000000000000000e+03 2.505527953919419293e+00 9.641676624454349406e-03
4.950000000000000000e+03 2.504315527097460414e+00 9.427882965039467017e-03
4.980000000000000000e+03 2.504539533873002100e+00 9.489664226896891985e-03
5.010000000000000000e+03 2.504184667334314440e+00 9.530321042331469511e-03
5.040000000000000000e+03 2.504506099701179433e+00 9.525490548185319359e-03
5.070000000000000000e+03 2.504180138827658109e+00 9.419371863564996589e-03
5.100000000000000000e+03 2.503916959584926882e+00 9.389733379802299787e-03
5.130000000000000000e+03 2.503433909658308032e+00 9.227867455017271098e-03
5.160000000000000000e+03 2.503321484398253638e+00 8.955294643079635478e-03
5.190000000000000000e+03 2.503261467465168089e+00 8.964950462966268796e-03
5.220000000000000000e+03 2.504208369470217299e+00 9.167172897554890995e-03
5.250000000000000000e+03 2.503855171022221437e+00 9.095773826121483427e-03
5.280000000000000000e+03 2.503662969317040687e+00 8.963157046392522878e-03
5.310000000000000000e+03 2.503042584068193133e+00 8.846547002362146681e-03
5.340000000000000000e+03 2.502507018222421831e+00 8.767378733630336318e-03
5.370000000000000000e+03 2.502174874693213535e+00 8.853206426603057316e-03
5.400000000000000000e+03 2.500760886185341647e+00 8.842978362679674090e-03
5.430000000000000000e+03 2.501515356596361261e+00 9.102658572905075393e-03
5.460000000000000000e+03 2.502503398741891871e+00 9.488796972659887391e-03
5.490000000000000000e+03 2.502870669359062994e+00 9.554415980891689184e-03
5.520000000000000000e+03 2.503354169939362883e+00 9.806189198376155658e-03
5.550000000000000000e+03 2.503796207470140978e+00 1.001763039094267366e-02
5.580000000000000000e+03 2.504512809755616853e+00 9.944882668937908912e-03
5.610000000000000000e+03 2.503972742243622207e+00 9.941061615612921051e-03
5.640000000000000000e+03 2.504473650581735544e+00 9.930834168562163722e-03
5.670000000000000000e+03 2.503862771427381340e+00 9.751581129355039318e-03
5.700000000000000000e+03 2.503491229238154148e+00 9.575304499213788123e-03
5.730000000000000000e+03 2.503552752812549631e+00 9.609243415161073873e-03
5.760000000000000000e+03 2.504234882855354449e+00 9.337161799746732452e-03
5.790000000000000000e+03 2.502944465410514852e+00 9.338780913406089998e-03
5.820000000000000000e+03 2.502390820094296586e+00 9.261176485320207069e-03
5.850000000000000000e+03 2.502315211377217796e+00 9.331043244711671736e-03
5.880000000000000000e+03 2.502531609938413393e+00 9.391523839285660646e-03
5.910000000000000000e+03 2.501926909260858256e+00 9.123652401978642537e-03
5.940000000000000000e+03 2.501527842610906216e+00 9.015760319175119761e-03
5.970000000000000000e+03 2.502155894974055883e+00 8.976253202738428486e-03
6.000000000000000000e+03 2.502420039134786833e+00 9.162734082657976453e-03
6.030000000000000000e+03 2.501669963499753013e+00 9.246468118095331132e-03
6.060000000000000000e+03 2.501135339309380257e+00 9.367898761573385455e-03
6.090000000000000000e+03 2.501506358552886944e+00 9.183937150118124185e-03
6.120000000000000000e+03 2.502085099164503390e+00 9.260891277228613591e-03
6.150000000000000000e+03 2.501359432613580847e+00 9.425983779387428485e-03
6.180000000000000000e+03 2.500537002287945398e+00 9.570807489216076255e-03
6.210000000000000000e+03 2.500675515568638652e+00 9.486601181885845682e-03
6.240000000000000000e+03 2.500938003047087577e+00 9.498532493550933264e-03
6.270000000000000000e+03 2.500413641324126690e+00 9.381768561979768675e-03
6.300000000000000000e+03 2.499969532431281394e+00 9.190759824638686931e-03
6.330000000000000000e+03 2.500550611382328814e+00 9.098643486521529669e-03
6.360000000000000000e+03 2.500475636485799402e+00 9.189135002080408079e-03
6.390000000000000000e+03 2.500984934759008738e+00 8.951257058454070367e-03
6.420000000000000000e+03 2.501347580984865981e+00 8.949296055590239690e-03
6.450000000000000000e+03 2.501656717863243617e+00 8.923869234385697555e-03
6.480000000000000000e+03 2.501489142985989123e+00 8.978019985582319160e-03
6.510000000000000000e+03 2.501113409541933841e+00 9.075389168557886077e-03
6.540000000000000000e+03 2.500747633018717497e+00 9.150164331653855981e-03
6.570000000000000000e+03 2.500867002788986770e+00 9.120598878049664820e-03
6.600000000000000000e+03 2.502440593976088312e+00 9.364368409009558511e-03
6.630000000000000000e+03 2.502841924276141050e+00 9.385564963046112361e-03
6.660000000000000000e+03 2.502593337549395613e+00 9.520129912441586267e-03
6.690000000000000000e+03 2.504037486042073546e+00 9.568233136955853549e-03
6.720000000000000000e+03 2.503928737835124707e+00 9.597183068726714006e-03
6.750000000000000000e+03 2.503767554415392116e+00 9.526787840789330622e-03
6.780000000000000000e+03 2.503231472152152026e+00 9.506706940258971561e-03
6.810000000000000000e+03 2.502862808118854865e+00 9.699540686600246694e-03
6.840000000000000000e+03 2.503087199848411437e+00 9.547726050482234147e-03
6.870000000000000000e+03 2.503901509908973644e+00 9.697218149647158017e-03
6.900000000000000000e+03 2.504093107531737861e+00 9.615406251597439016e-03
6.930000000000000000e+03 2.503857156844298437e+00 9.627435438489500077e-03
6.960000000000000000e+03 2.503250640498659418e+00 9.669663791710783954e-03
6.990000000000000000e+03 2.503346189120781773e+00 9.572399042352115403e-03
7.020000000000000000e+03 2.503835440838635851e+00 9.865918229195714054e-03
7.050000000000000000e+03 2.504556674355162826e+00 9.765021930280117293e-03
7.080000000000000000e+03 2.503900236666492418e+00 9.806148248475888077e-03
7.110000000000000000e+03 2.503890799381502497e+00 9.682217865314295818e-03
7.140000000000000000e+03 2.503709930433558384e+00 9.622075981842703393e-03
7.170000000000000000e+03 2.504175944740948623e+00 9.619820156586283283e-03
7.200000000000000000e+03 2.504050724177589782e+00 9.468130137871384397e-03
7.230000000000000000e+03 2.504315180117139050e+00 9.508807149853124030e-03
7.260000000000000000e+03 2.503968079281117642e+00 9.449630226488531584e-03
7.290000000000000000e+03 2.503960921917695703e+00 9.491252377256439998e-03
7.320000000000000000e+03 2.504850998275188534e+00 9.592252757682068892e-03
7.350000000000000000e+03 2.505706279945356663e+00 9.547524001119998133e-03
7.380000000000000000e+03 2.505622355930909428e+00 9.450040623708627976e-03
7.410000000000000000e+03 2.505816835730695136e+00 9.396531471051756262e-03
7.440000000000000000e+03 2.505606881268918951e+00 9.479905255946012924e-03
7.470000000000000000e+03 2.505707543292953421e+00 9.567074091973054237e-03
7.500000000000000000e+03 2.506142252148133132e+00 9.659121470986522032e-03
7.530000000000000000e+03 2.506405452411002432e+00 9.743357441019805110e-03
7.560000000000000000e+03 2.506433932360497163e+00 9.676604388240410415e-03
7.590000000000000000e+03 2.506762803218359092e+00 9.660895724887723704e-03
7.620000000000000000e+03 2.506714278860127543e+00 9.866175033546347589e-03
7.650000000000000000e+03 2.506564682998884575e+00 9.986574396530912071e-03
7.680000000000000000e+03 2.506757355966053424e+00 9.920418980654247335e-03
7.710000000000000000e+03 2.507103689387330636e+00 9.850343564819901906e-03
7.740000000000000000e+03 2.507128262593813162e+00 9.745046560386598500e-03
7.770000000000000000e+03 2.507687664379463222e+00 9.699349075503028647e-03
7.800000000000000000e+03 2.506970088176192935e+00 9.471224031159896153e-03
7.830000000000000000e+03 2.507648653148026874e+00 9.569047719004297736e-03
7.860000000000000000e+03 2.508190152641910142e+00 9.530917162094934558e-03
7.890000000000000000e+03 2.507874825518879636e+00 9.544550141099849422e-03
7.920000000000000000e+03 2.507977150470747318e+00 9.505129957194019541e-03
7.950000000000000000e+03 2.507532804828825235e+00 9.593850060756208345e-03
7.980000000000000000e+03 2.507600493456575652e+00 9.503837856424305827e-03
8.010000000000000000e+03 2.507089738616547603e+00 9.316293226259450208e-03
8.040000000000000000e+03 2.507189093001835012e+00 9.152245151375826629e-03
8.070000000000000000e+03 2.507443833134767264e+00 9.326193205698113040e-03
8.100000000000000000e+03 2.508138107598343769e+00 9.216182571765164575e-03
8.130000000000000000e+03 2.507984413935355317e+00 9.168493289452399331e-03
8.160000000000000000e+03 2.507233032704439868e+00 9.117627117796612418e-03
8.190000000000000000e+03 2.507325569703331425e+00 9.012476103069207850e-03
8.220000000000000000e+03 2.507034328543392032e+00 8.953371127521123768e-03
8.250000000000000000e+03 2.507369630485633660e+00 8.902281145197974907e-03
8.280000000000000000e+03 2.507620878544349452e+00 8.962032560110111054e-03
8.310000000000000000e+03 2.507186880942310570e+00 8.930868345246213355e-03
8.340000000000000000e+03 2.507281910471189423e+00 8.848260240688434614e-03
8.370000000000000000e+03 2.507047445103203209e+00 8.863646094803778741e-03
8.400000000000000000e+03 2.507227983957576622e+00 8.735832685178548246e-03
8.430000000000000000e+03 2.506847946513919290e+00 8.520008683997201682e-03
8.460000000000000000e+03 2.507075177695553325e+00 8.551208337311445515e-03
8.490000000000000000e+03 2.506995121212313382e+00 8.716772403532840191e-03
8.520000000000000000e+03 2.507307382595131084e+00 8.801842111521332793e-03
8.550000000000000000e+03 2.507978163638150626e+00 8.724275345035054433e-03
8.580000000000000000e+03 2.507814381296192163e+00 8.771799433101004975e-03
8.610000000000000000e+03 2.508230142353842673e+00 8.705363129077018855e-03
8.640000000000000000e+03 2.508299838408678983e+00 8.752677123228124259e-03
8.670000000000000000e+03 2.508683082897146033e+00 8.788305137448885335e-03
8.700000000000000000e+03 2.508460166647286993e+00 8.793027899557577867e-03
8.730000000000000000e+03 2.507743217561922755e+00 8.867007847335890355e-03
8.760000000000000000e+03 2.507815995242033580e+00 8.995602330468728883e-03
8.790000000000000000e+03 2.508508305853113907e+00 9.046189408785269143e-03
8.820000000000000000e+03 2.508803116395244892e+00 8.877196332357974867e-03
8.850000000000000000e+03 2.508471387024235888e+00 8.922707915721190056e-03
8.880000000000000000e+03 2.507967618478973648e+00 8.891983668246266487e-03
8.910000000000000000e+03 2.508535814061255476e+00 8.879205380716972962e-03
8.940000000000000000e+03 2.508555337527164752e+00 8.709481359981579088e-03
8.970000000000000000e+03 2.508306067137521023e+00 8.676246396619123266e-03
9.000000000000000000e+03 2.508202024385510764e+00 8.595069031742218549e-03
9.030000000000000000e+03 2.509164100263595820e+00 8.583703007541182775e-03
9.060000000000000000e+03 2.508893229610271280e+00 8.541466283598510290e-03
9.090000000000000000e+03 2.508821912433435219e+00 8.481756649296333730e-03
9.120000000000000000e+03 2.508598231823104818e+00 8.430036274471863766e-03
9.150000000000000000e+03 2.509104093432615201e+00 8.318084187069394592e-03
9.180000000000000000e+03 2.509493604044095161e+00 8.337130377071488505e-03
9.210000000000000000e+03 2.509776830566192274e+00 8.279555808869231218e-03
9.240000000000000000e+03 2.508986791063588129e+00 8.155085592211477191e-03
9.270000000000000000e+03 2.508477315923630435e+00 8.113674671827521973e-03
9.300000000000000000e+03 2.508358918749888922e+00 8.247744050738430380e-03
9.330000000000000000e+03 2.508556011002320396e+00 8.223803256692403460e-03
9.360000000000000000e+03 2.508311096980134103e+00 8.281717323335510347e-03
9.390000000000000000e+03 2.508097604012274662e+00 8.273221249079134795e-03
9.420000000000000000e+03 2.507819509921608514e+00 8.249172180041517213e-03
9.450000000000000000e+03 2.508114316611788741e+00 8.272379471537368023e-03
9.480000000000000000e+03 2.507977798435874650e+00 8.146932935744291907e-03
9.510000000000000000e+03 2.507938014488484857e+00 8.098317931043375051e-03
9.540000000000000000e+03 2.507974251218240802e+00 7.950698440541331680e-03
9.570000000000000000e+03 2.507752559120619562e+00 7.986314042803950922e-03
9.600000000000000000e+03 2.508017899291472563e+00 7.895191496989117583e-03
9.630000000000000000e+03 2.508127549962994696e+00 7.930503258956876980e-03
9.660000000000000000e+03 2.508180861568212183e+00 7.776087645693168307e-03
9.690000000000000000e+03 2.508484154076167982e+00 7.665932760213843566e-03
9.720000000000000000e+03 2.508503160256855047e+00 7.652645085849969081e-03
9.750000000000000000e+03 2.507750564475224930e+00 7.634217024031415312e-03
9.780000000000000000e+03 2.507542103697697478e+00 7.704058251208403645e-03
9.810000000000000000e+03 2.507600912331698240e+00 7.815652137145369036e-03
9.840000000000000000e+03 2.507104424852172997e+00 7.773288664640941835e-03
9.870000000000000000e+03 2.507205909460525461e+00 7.689245181952900597e-03
9.900000000000000000e+03 2.506954043524760589e+00 7.672472957752224376e-03
9.930000000000000000e+03 2.506405554156841742e+00 7.609006348243156290e-03
9.960000000000000000e+03 2.506128624575345576e+00 7.490569410005122608e-03
9.990000000000000000e+03 2.506522763648608265e+00 7.431015325481438692e-03
1.002000000000000000e+04 2.506605613574396596e+00 7.506552558729257842e-03
1.005000000000000000e+04 2.506688307409143501e+00 7.494351553602110992e-03
1.008000000000000000e+04 2.506309060816770629e+00 7.385763911682339047e-03
1.011000000000000000e+04 2.505959398866391297e+00 7.313518062742656312e-03
1.014000000000000000e+04 2.505265054984973094e+00 7.364732784225872311e-03
1.017000000000000000e+04 2.505465505974400209e+00 7.427836792032494438e-03
1.020000000000000000e+04 2.504669446933470933e+00 7.437132795000377106e-03
1.023000000000000000e+04 2.505119513115561247e+00 7.440942675577022145e-03
1.026000000000000000e+04 2.504957481403743191e+00 7.374908242047751965e-03
1.029000000000000000e+04 2.504965752035032356e+00 7.221755402002019188e-03
1.032000000000000000e+04 2.504459970785888778e+00 7.183547976924820749e-03
1.035000000000000000e+04 2.504250538687031291e+00 7.142235382984340672e-03
1.038000000000000000e+04 2.503834098242590844e+00 7.196193908354996290e-03
1.041000000000000000e+04 2.504214964770915319e+00 7.226131975841440860e-03
1.044000000000000000e+04 2.504419560329604000e+00 7.263635331364752534e-03
1.047000000000000000e+04 2.504564720803167166e+00 7.278772033222553374e-03
1.050000000000000000e+04 2.504750395008835451e+00 7.348205900558124615e-03
1.053000000000000000e+04 2.504952570849680704e+00 7.372780175056991257e-03
1.056000000000000000e+04 2.505196106465409578e+00 7.319390846482206649e-03
1.059000000000000000e+04 2.505400460933380646e+00 7.358987056632929243e-03
1.062000000000000000e+04 2.505139777408730950e+00 7.352744075937609966e-03
1.065000000000000000e+04 2.505166014018389564e+00 7.310332114944391793e-03
1.068000000000000000e+04 2.505300934551820458e+00 7.275054977815653516e-03
1.071000000000000000e+04 2.505760868137706598e+00 7.208013555492537479e-03
1.074000000000000000e+04 2.505524160054376726e+00 7.236309236710996955e-03
1.077000000000000000e+04 2.506235193816132245e+00 7.355550858070171970e-03
1.080000000000000000e+04 2.506012058713991131e+00 7.467247098297877424e-03
1.083000000000000000e+04 2.505818404276733080e+00 7.459054399850604568e-03
1.086000000000000000e+04 2.505741348439959992e+00 7.317514514597286447e-03
1.089000000000000000e+04 2.505768101932460468e+00 7.312290683203134627e-03
1.092000000000000000e+04 2.505473460535463381e+00 7.339135892012183839e-03
1.095000000000000000e+04 2.505265910296723408e+00 7.240493580769399341e-03
1.098000000000000000e+04 2.504595276015965766e+00 7.169180068595380935e-03
1.101000000000000000e+04 2.504406114618151769e+00 7.140194619449379693e-03
1.104000000000000000e+04 2.504740635301816898e+00 7.188871382747200577e-03
1.107000000000000000e+04 2.504335455386628162e+00 7.180213377429685122e-03
1.110000000000000000e+04 2.504458827767980456e+00 7.239940700298176483e-03
1.113000000000000000e+04 2.504271931505465343e+00 7.162343258177917248e-03
1.116000000000000000e+04 2.504554927059367664e+00 7.088483068472180640e-03
1.119000000000000000e+04 2.504620612306338145e+00 7.123598345196211976e-03
1.122000000000000000e+04 2.504543698478881808e+00 7.118249175076393591e-03
1.125000000000000000e+04 2.504715121155862256e+00 7.122881198675866735e-03
1.128000000000000000e+04 2.503987426192395560e+00 7.025002482691755298e-03
1.131000000000000000e+04 2.503767851463547522e+00 7.049098581535824005e-03
1.134000000000000000e+04 2.504271869983829113e+00 6.990506217343347810e-03
1.137000000000000000e+04 2.503913719180450581e+00 7.019440240906326192e-03
1.140000000000000000e+04 2.504062552657554619e+00 6.985361993889330039e-03
1.143000000000000000e+04 2.503534180127987341e+00 7.015968161721618766e-03
1.146000000000000000e+04 2.503233252389672092e+00 7.179158064538965905e-03
1.149000000000000000e+04 2.503085182605404579e+00 7.139276558291951687e-03
1.152000000000000000e+04 2.503153360710314246e+00 7.101790732406855836e-03
1.155000000000000000e+04 2.503520128002845180e+00 7.007152201998686006e-03
1.158000000000000000e+04 2.503119868255118785e+00 6.879093878825126573e-03
1.161000000000000000e+04 2.503447763019582606e+00 6.811069960169289887e-03
1.164000000000000000e+04 2.503546107345038685e+00 6.850865239997045060e-03
1.167000000000000000e+04 2.503897415706723528e+00 6.812298822965374284e-03
1.170000000000000000e+04 2.504016463280695159e+00 6.753504723674612874e-03
1.173000000000000000e+04 2.504177647254249184e+00 6.682293579167209591e-03
1.176000000000000000e+04 2.503788072930653197e+00 6.801827095410921224e-03
1.179000000000000000e+04 2.503380463706407433e+00 6.815082524614169898e-03
1.182000000000000000e+04 2.503602291262873258e+00 6.795004102981829115e-03
1.185000000000000000e+04 2.503602461124854628e+00 6.824416270844728405e-03
1.188000000000000000e+04 2.503453151087357664e+00 6.756214737861296338e-03
1.191000000000000000e+04 2.503483522217096802e+00 6.643446062465509228e-03
1.194000000000000000e+04 2.503400581037522166e+00 6.645985328504427740e-03
1.197000000000000000e+04 2.503368893645060655e+00 6.684741665332005756e-03
1.200000000000000000e+04 2.503325412818603546e+00 6.640311783764853669e-03
1.203000000000000000e+04 2.503048466825632534e+00 6.698795793078274503e-03
1.206000000000000000e+04 2.503318778803205191e+00 6.648650131819636676e-03
1.209000000000000000e+04 2.503565543831530515e+00 6.599658893129818800e-03
1.212000000000000000e+04 2.503245993060469576e+00 6.461407865289949676e-03
1.215000000000000000e+04 2.503156242355655703e+00 6.444486674006618884e-03
1.218000000000000000e+04 2.503317724456164850e+00 6.328314414410477970e-03
1.221000000000000000e+04 2.502781131650527513e+00 6.293417887964186490e-03
1.224000000000000000e+04 2.502912567485305662e+00 6.257410992741212728e-03
1.227000000000000000e+04 2.502958227647854361e+00 6.394226995240036467e-03
1.230000000000000000e+04 2.502679353049543920e+00 6.374776350196891851e-03
1.233000000000000000e+04 2.502628876092334753e+00 6.320108216908720648e-03
1.236000000000000000e+04 2.502816926183981661e+00 6.447885661802451804e-03
1.239000000000000000e+04 2.502807704952001888e+00 6.445128614909520492e-03
1.242000000000000000e+04 2.502660297992717275e+00 6.439094989609880394e-03
1.245000000000000000e+04 2.503052333366951210e+00 6.555488863965508450e-03
1.248000000000000000e+04 2.502382656656696014e+00 6.456664053765177186e-03
1.251000000000000000e+04 2.501949544634411993e+00 6.447836151542807141e-03
1.254000000000000000e+04 2.501873562965648112e+00 6.497418973846642680e-03
1.257000000000000000e+04 2.501667886259793416e+00 6.507930914629000453e-03
1.260000000000000000e+04 2.501997622605219185e+00 6.570192456847238731e-03
1.263000000000000000e+04 2.501866120001879246e+00 6.637834167104733271e-03
1.266000000000000000e+04 2.501508097261557317e+00 6.567741269044679100e-03
1.269000000000000000e+04 2.501214256056322416e+00 6.598618937061669250e-03
1.272000000000000000e+04 2.501634466201588580e+00 6.631163303091372994e-03
1.275000000000000000e+04 2.502185963735223062e+00 6.599691333307355218e-03
1.278000000000000000e+04 2.501999746927850765e+00 6.553280729403594684e-03
1.281000000000000000e+04 2.501834784490045926e+00 6.615336545095312076e-03
1.284000000000000000e+04 2.501635280655542193e+00 6.481168749497300853e-03
1.287000000000000000e+04 2.501938684532824198e+00 6.433349990531645954e-03
1.290000000000000000e+04 2.502325432356913737e+00 6.477541969807181464e-03
1.293000000000000000e+04 2.502563737912887554e+00 6.540815605118177958e-03
1.296000000000000000e+04 2.502692287316327313e+00 6.565680809958588000e-03
1.299000000000000000e+04 2.502658928259593463e+00 6.550240206672901591e-03
1.302000000000000000e+04 2.502248537618211977e+00 6.702755808321669492e-03
1.305000000000000000e+04 2.502676025064211274e+00 6.685280716419632861e-03
1.308000000000000000e+04 2.502524295183729652e+00 6.752059820681050387e-03
1.311000000000000000e+04 2.502237134621986936e+00 6.771072868628710134e-03
1.314000000000000000e+04 2.502091315971215035e+00 6.728952405783990461e-03
1.317000000000000000e+04 2.502198684201721424e+00 6.735233509382941401e-03
1.320000000000000000e+04 2.501822275858265776e+00 6.835947162312947141e-03
1.323000000000000000e+04 2.501235504191737125e+00 6.814715342202919482e-03
1.326000000000000000e+04 2.501656992279892133e+00 6.778660672345493236e-03
1.329000000000000000e+04 2.501959742017812793e+00 6.811914906851784281e-03
1.332000000000000000e+04 2.501868144643473180e+00 6.838272182961236713e-03
1.335000000000000000e+04 2.501818287762230586e+00 6.772006519697436680e-03
1.338000000000000000e+04 2.501391200452444341e+00 6.736311026176425645e-03
1.341000000000000000e+04 2.500891001391575053e+00 6.692447231047638292e-03
1.344000000000000000e+04 2.500776499978467182e+00 6.769246952746802923e-03
1.347000000000000000e+04 2.500421932752590060e+00 6.860123291413200951e-03
1.350000000000000000e+04 2.500031749685597937e+00 6.920972002272767973e-03
1.353000000000000000e+04 2.499716366326420580e+00 6.891092213344405214e-03
1.356000000000000000e+04 2.499857453585139666e+00 6.950445874328439917e-03
1.359000000000000000e+04 2.499860173927109130e+00 6.868789753256418322e-03
1.362000000000000000e+04 2.500283842545561797e+00 6.816213763811308259e-03
1.365000000000000000e+04 2.500489265496453672e+00 6.771071748318499214e-03
1.368000000000000000e+04 2.500454549077003819e+00 6.719613906218729546e-03
1.371000000000000000e+04 2.499592695832366651e+00 6.770310875894187778e-03
1.374000000000000000e+04 2.499555390778214647e+00 6.766033661761856541e-03
1.377000000000000000e+04 2.499481942133694456e+00 6.769061687985623160e-03
1.380000000000000000e+04 2.499149677646831602e+00 6.734686075797595775e-03
1.383000000000000000e+04 2.498499793087822329e+00 6.707508098734383563e-03
1.386000000000000000e+04 2.498950147532509991e+00 6.710330972270049654e-03
1.389000000000000000e+04 2.498716044039368533e+00 6.717870323815548078e-03
1.392000000000000000e+04 2.498579245047618969e+00 6.683458570137112628e-03
1.395000000000000000e+04 2.498318574654590396e+00 6.659054105144827929e-03
1.398000000000000000e+04 2.498302427156283478e+00 6.658122778945757547e-03
1.401000000000000000e+04 2.498533207349370677e+00 6.632615751104646053e-03
1.404000000000000000e+04 2.498369300251281011e+00 6.654038026089913356e-03
1.407000000000000000e+04 2.498318495175043896e+00 6.676180212511627528e-03
1.410000000000000000e+04 2.498331404682654355e+00 6.639111598847349804e-03
1.413000000000000000e+04 2.498250705820882711e+00 6.660646500670474798e-03
1.416000000000000000e+04 2.498569495183895040e+00 6.712814021996431693e-03
1.419000000000000000e+04 2.498464422795735107e+00 6.782828532669815669e-03
1.422000000000000000e+04 2.498503178808470171e+00 6.768629861600974559e-03
1.425000000000000000e+04 2.498487616865884053e+00 6.834362295515254704e-03
1.428000000000000000e+04 2.498440754161487920e+00 6.851968916427485061e-03
1.431000000000000000e+04 2.498453079578967007e+00 6.809423304631117418e-03
1.434000000000000000e+04 2.498531104497432764e+00 6.836315235134038902e-03
1.437000000000000000e+04 2.498384710639497186e+00 6.855151110018786915e-03
1.440000000000000000e+04 2.498147982371215381e+00 6.886019955540063041e-03
1.443000000000000000e+04 2.498377967283381018e+00 6.950514155701217195e-03
1.446000000000000000e+04 2.498677067391216422e+00 6.892035970692508492e-03
1.449000000000000000e+04 2.498435529548432843e+00 6.957895365346627482e-03
1.452000000000000000e+04 2.498898352170560333e+00 6.882703829264853398e-03
1.455000000000000000e+04 2.498899390831608169e+00 6.932351587914663792e-03
1.458000000000000000e+04 2.498645851913289917e+00 6.984638674719973080e-03
1.461000000000000000e+04 2.498458257014364747e+00 7.035656264761908953e-03
1.464000000000000000e+04 2.498625965330105725e+00 7.014366925139777463e-03
1.467000000000000000e+04 2.498417881387443806e+00 7.055564807806422728e-03
1.470000000000000000e+04 2.498060644458052426e+00 7.091293591989153260e-03
1.473000000000000000e+04 2.497649553371353637e+00 7.060773557148273052e-03
1.476000000000000000e+04 2.497373713490199432e+00 7.075619717257498192e-03
1.479000000000000000e+04 2.497477905947557808e+00 7.047690624697705575e-03
1.482000000000000000e+04 2.497630818792607066e+00 7.018106351646623796e-03
1.485000000000000000e+04 2.497928920339455239e+00 7.006836099077055381e-03
1.488000000000000000e+04 2.498335141185620056e+00 6.905788982996059061e-03
1.491000000000000000e+04 2.498633493413395357e+00 6.971879382921716307e-03
1.494000000000000000e+04 2.498752443711182991e+00 6.951636947515856327e-03
1.497000000000000000e+04 2.498773497074097794e+00 6.938761791837167771e-03
1.500000000000000000e+04 2.498968950185802118e+00 6.994054589572069533e-03
